0.231051 0.138449 0.454951 2
-0.080874 -0.017919 -0.953314 3
-0.196741 -0.394319 0.043430 0
-0.075298 0.076559 0.463224 1
-0.012944 0.124180 0.004761 2
-0.044254 -0.074860 -0.389434 0
-0.040546 -0.017824 0.270049 1
0.403593 0.229937 0.631111 2
0.088359 0.206021 0.237714 2
-0.176240 -0.147468 -0.181794 0
-0.090125 -0.022703 -0.663106 3
-0.031043 0.006201 -0.171164 2
0.051873 0.024355 0.186410 2
-0.068950 -0.277261 -0.060018 0
-0.065582 0.024122 0.106096 1
0.139136 0.065707 0.351586 2
-0.054906 0.079024 0.355943 1
0.291441 0.256466 0.520788 2
0.161632 0.240074 0.360948 2
0.019684 -0.015534 -0.008335 2
-0.041279 -0.147369 -0.206801 0
-0.127971 -0.054542 -0.305225 0
0.035136 0.156421 0.129535 2
-0.200045 -0.259087 -0.061420 0
-0.071488 0.006082 -0.029189 1
0.311773 0.144551 0.557658 2
-0.044371 0.021050 -0.309728 2
-0.086093 -0.005492 -0.517142 3
-0.046067 0.093925 0.201737 1
-0.064291 -0.002388 -0.808985 3
-0.045093 0.086071 -0.102648 2
0.095414 0.093283 0.252371 2
0.225622 0.246300 0.440129 2
0.028265 0.034586 0.083631 2
-0.110643 -0.208762 -0.158863 0
0.140904 0.154564 0.310045 2
-0.034019 -0.036861 0.069702 1
-0.049566 0.093174 0.282373 1
-0.038471 -0.032317 0.193792 1
-0.141754 -0.327673 -0.029531 0
-0.107284 -0.027283 -0.411698 0
-0.054858 0.068108 0.032701 1
-0.059540 0.004470 0.325595 1
0.349818 0.198512 0.576112 2
0.185995 0.089739 0.418839 2
-0.072448 -0.102775 -0.297210 0
-0.034495 -0.009863 -0.077689 1
0.271427 0.185826 0.487548 2
-0.118680 -0.135389 -0.233337 0
-0.057565 0.080387 0.416554 1
0.183435 0.158417 0.380876 2
-0.047143 -0.210473 -0.131591 0
-0.000635 0.062202 -0.031801 2
-0.073887 0.032179 -0.248342 2
-0.048308 0.010029 -0.415490 2
-0.155146 -0.245502 -0.109542 0
0.020775 0.111384 0.074576 2
-0.054069 -0.041207 -0.240985 2
0.072670 0.144356 0.197642 2
-0.045272 0.085939 0.134827 1
0.123879 0.223175 0.304469 2
-0.055068 -0.003660 -0.586987 3
-0.066276 0.055653 -0.171240 2
-0.064002 0.030617 0.166794 1
0.058200 0.093145 0.156270 2
0.351747 0.262704 0.587661 2
-0.060751 0.046899 0.244338 1
-0.066717 -0.030665 -0.348225 2
-0.193294 -0.195887 -0.121827 0
-0.202918 -0.311637 0.000532 0
-0.080369 -0.049401 -0.864228 3
-0.025805 -0.013230 0.011556 1
-0.030312 -0.036907 0.130103 1
-0.040356 -0.030248 -0.467290 0
-0.071938 -0.047241 -0.731033 3
0.272192 0.125023 0.520077 2
-0.013910 0.044080 -0.107876 2
-0.071781 -0.001813 -0.125573 1
0.102899 0.053672 0.298525 2
-0.140999 -0.369288 0.030959 0
-0.047418 0.070279 -0.020985 1
-0.065662 0.028803 0.383018 1
0.222122 0.188139 0.426720 2
0.310575 0.195774 0.531344 2
-0.063860 0.002841 0.034176 1
0.072375 0.044495 0.236663 2
-0.083787 -0.052042 -0.452288 0
0.100738 0.149918 0.247805 2
0.125426 0.105595 0.300138 2
-0.032832 0.025795 -0.234983 2
0.162767 0.112365 0.370708 2
-0.089012 -0.082050 -0.367864 0
0.012514 0.057832 0.029637 2
-0.058006 0.004713 0.221187 1
0.030207 -0.008482 0.054093 2
-0.121014 -0.279266 -0.078949 0
-0.071411 -0.003837 -0.184509 1
-0.083320 -0.168886 -0.198969 0
-0.049370 0.085281 0.084694 1
-0.028642 0.114200 -0.047534 2
0.040608 0.048205 0.133359 2
-0.159622 -0.110219 -0.230185 0
0.052601 0.187722 0.166642 2
0.156521 0.191532 0.342406 2
-0.032039 -0.111639 -0.291221 0
-0.149465 -0.190948 -0.162174 0
-0.062674 0.041198 0.287839 1
-0.014108 -0.033171 -0.104345 2
-0.081132 -0.049392 -0.599533 3
-0.060062 0.036636 -0.092679 1
0.191366 0.243072 0.398731 2
0.253531 0.257762 0.480369 2
-0.082281 0.014562 -0.319767 2
0.075987 0.089008 0.206278 2
-0.093525 -0.308782 -0.024241 0
-0.050072 -0.013790 -0.903895 3
-0.170432 -0.291589 -0.059340 0
-0.002730 0.008658 -0.052942 2
-0.059094 0.057987 0.323514 1
0.011763 0.152818 0.086912 2
-0.068536 0.008162 -0.467027 3
-0.059372 -0.008620 0.081086 1
-0.175055 -0.349014 0.004018 0
-0.119597 -0.041837 -0.360457 0
-0.053898 -0.014448 0.150400 1
-0.071041 -0.130586 -0.245159 0
0.323537 0.234097 0.550749 2
0.113913 0.183406 0.275866 2
-0.071621 -0.030440 -0.501215 0
0.420055 0.239388 0.640522 2
-0.076232 0.077357 0.467428 1
0.038645 0.001974 0.113831 2
-0.210101 -0.383434 0.045490 0
0.169006 0.249149 0.372089 2
-0.058909 -0.050409 -0.951177 3
-0.037199 -0.187118 -0.158791 0
-0.047402 0.103054 0.263189 1
-0.059451 0.077909 -0.136026 2
0.288391 0.126205 0.536562 2
0.113699 0.054170 0.317113 2
-0.197328 -0.186152 -0.129196 0
0.052794 0.191226 0.170994 2
-0.132958 -0.054813 -0.298508 0
-0.037001 -0.040287 0.199015 1
-0.076842 -0.054960 -0.732601 3
-0.086000 -0.311127 -0.015968 0
0.300656 0.271431 0.537452 2
-0.062682 0.016261 0.372920 1
-0.015207 0.132529 0.012576 2
0.013752 -0.021113 -0.034030 2
0.198974 0.088072 0.434718 2
-0.035559 -0.107341 -0.329968 0
-0.042201 0.095126 0.120689 1
-0.041101 -0.041122 -0.181029 2
0.104415 0.218825 0.274835 2
-0.045889 -0.019783 0.289386 1
0.357924 0.172927 0.595615 2
0.059001 0.030894 0.214529 2
0.159125 0.147726 0.337242 2
0.233417 0.263133 0.458042 2
-0.085951 0.000707 -0.384360 1
-0.027320 -0.040958 0.113756 1
-0.209152 -0.267321 -0.034190 0
-0.080754 0.027876 -0.263757 2
-0.054998 0.086895 0.413159 1
-0.170212 -0.116235 -0.219490 0
0.014359 0.160473 0.096007 2
-0.042031 0.091948 0.338473 1
-0.017243 -0.013690 0.028851 1
-0.038261 0.070399 -0.044575 1
-0.043612 0.095712 0.195713 1
-0.136218 -0.377204 0.033878 0
0.358936 0.266519 0.596298 2
-0.033987 -0.005331 -0.103334 1
-0.065110 -0.045061 -0.295742 2
-0.057367 -0.258442 -0.085872 0
-0.050983 0.090387 0.040572 1
-0.026738 -0.133354 -0.236875 0
-0.038087 -0.058796 -0.416895 0
0.152912 0.075752 0.375565 2
0.245386 0.106026 0.489782 2
-0.073307 0.045599 -0.195938 2
-0.056716 -0.001471 0.331244 1
0.029555 -0.014865 0.051024 2
-0.101230 -0.002636 -0.454252 0
-0.059135 0.012634 -0.761629 3
-0.025990 -0.006141 -0.034541 1
0.136746 0.237183 0.326395 2
-0.040764 -0.032179 0.244572 1
0.085441 0.038488 0.265568 2
-0.124026 -0.039723 -0.372750 0
0.076420 0.204756 0.221988 2
0.388257 0.202174 0.618115 2
0.045492 0.009067 0.167366 2
-0.086279 0.012931 -0.325191 1
0.322826 0.143947 0.565393 2
0.200629 0.255432 0.413341 2
-0.208701 -0.315651 0.014066 0
-0.070070 0.036520 0.406953 1
-0.041282 0.083944 0.379403 1
-0.073149 -0.014023 -0.212568 1
0.265488 0.266875 0.498832 2
-0.072684 0.056554 0.437490 1
-0.206483 -0.225904 -0.082032 0
-0.054184 -0.048428 -0.233940 2
-0.029661 -0.040326 0.156971 1
-0.004133 -0.036577 -0.079995 2
-0.070841 -0.033365 -0.420189 0
-0.045916 0.085569 -0.001938 1
-0.024268 -0.041112 -0.128357 2
-0.027609 0.118572 -0.039603 2
-0.180916 -0.149752 -0.172517 0
-0.035658 -0.027873 -0.471826 0
-0.045426 0.099257 -0.090165 2
-0.058517 -0.017361 -0.154240 1
0.391428 0.271542 0.620417 2
-0.019537 -0.027600 0.074272 1
0.031075 0.177364 0.135474 2
-0.172426 -0.392959 0.056209 0
-0.046118 0.096939 0.301665 1
-0.003563 0.146575 0.053347 2
-0.152011 -0.080905 -0.261969 0
-0.090168 0.008961 -0.507132 0
-0.041831 0.088698 0.159463 1
-0.051644 0.102571 0.224401 1
-0.074526 -0.013507 -0.271811 1
-0.109114 -0.340791 0.011551 0
-0.048596 -0.220770 -0.122693 0
0.329062 0.265715 0.564927 2
0.022585 -0.014830 0.008555 2
-0.048532 0.089471 0.078875 1
-0.068118 -0.282353 -0.048079 0
-0.071916 -0.009902 -0.959504 3
-0.028138 -0.110247 -0.284471 0
-0.053787 0.005270 -0.480472 3
-0.037773 -0.085252 -0.374222 0
-0.113913 -0.021534 -0.412080 0
-0.030927 -0.153069 -0.197226 0
0.173705 0.079875 0.404304 2
-0.062358 0.090107 0.437423 1
0.224438 0.097978 0.465335 2
0.133157 0.067402 0.350544 2
-0.051151 -0.011140 0.311289 1
0.034191 -0.011713 0.084884 2
-0.123690 -0.037673 -0.335201 0
-0.076523 0.039861 -0.231113 2
-0.069493 0.059794 -0.165650 2
-0.068778 -0.040368 -0.334397 2
0.266025 0.113494 0.512193 2
-0.057409 0.012817 0.352591 1
0.120321 0.228094 0.301978 2
0.404334 0.219402 0.627464 2
-0.040338 -0.019003 0.265506 1
-0.045800 -0.010050 -0.504860 0
-0.062839 0.034982 0.390544 1
-0.075380 -0.016643 -0.307795 1
