0.431014 0.064031 0.496324 3
-0.112595 0.079691 -0.902919 1
-0.236978 -0.065977 0.590934 4
-0.103531 0.016364 -0.090138 1
-0.089815 -0.106287 0.276725 4
0.096937 0.132689 0.206802 3
-0.081912 -0.029632 -0.458756 2
-0.211075 -0.310043 -0.162076 2
-0.172537 -0.021983 0.427193 4
-0.113951 0.017117 0.111817 4
-0.186670 -0.101606 -0.309258 2
0.042699 0.013494 0.051274 3
0.262083 0.158884 0.361819 3
-0.070429 0.047938 -0.276268 3
-0.114692 0.082981 -0.674535 1
0.624045 0.104544 0.533576 3
0.179100 0.054122 0.327103 3
-0.115831 -0.235767 -0.229964 2
-0.084605 -0.116457 -0.325822 2
-0.058195 -0.034281 0.030382 4
0.402694 0.161625 0.438319 3
-0.150956 -0.009511 0.321191 4
0.293958 0.062890 0.419791 3
-0.059387 -0.076842 0.179434 4
-0.019101 0.060147 -0.070350 3
0.088446 0.025871 0.170759 3
-0.117913 -0.113868 0.370467 4
-0.135306 -0.012969 0.219102 4
-0.194159 -0.082624 0.498234 4
0.005735 0.120027 0.066609 3
-0.146622 -0.017530 -0.394836 2
-0.070525 0.070725 -0.171279 3
-0.197343 -0.208487 -0.237231 2
-0.106002 0.070352 -0.553200 1
-0.104347 0.123274 -0.796512 1
0.513733 0.139519 0.494055 3
-0.089793 0.054102 -0.386005 1
0.173835 0.141724 0.286404 3
-0.043233 -0.032322 0.116437 0
-0.153110 -0.107173 0.438989 4
-0.105459 0.037622 0.021471 4
0.121073 0.041409 0.255457 3
-0.100047 -0.000164 -0.193940 1
-0.033306 0.094786 -0.005651 3
0.361761 0.100821 0.425487 3
0.054891 0.109018 0.137798 3
0.520512 0.076276 0.520621 3
-0.153016 -0.181219 -0.282342 2
-0.132222 0.022540 -0.471701 2
-0.028714 0.010751 -0.127038 3
-0.059829 0.015706 -0.029952 0
-0.161212 -0.282498 -0.198351 2
0.241237 0.090350 0.357951 3
0.000324 0.003096 -0.015844 3
-0.102417 -0.034904 0.062686 4
-0.113561 -0.034804 0.159937 4
-0.043976 0.007046 -0.199522 3
0.444705 0.107194 0.463989 3
-0.099305 -0.075713 0.219639 4
-0.126391 -0.076505 0.319286 4
-0.137026 -0.113350 -0.337527 2
-0.087027 0.058142 -0.460560 1
-0.101220 0.010341 -0.322822 1
-0.098966 -0.026141 -0.020315 4
-0.101758 -0.059254 -0.393821 2
0.053830 0.049476 0.110441 3
0.359072 0.062719 0.465072 3
-0.114318 0.052750 -0.738109 1
0.143596 0.096358 0.256037 3
-0.104424 -0.173027 -0.282413 2
-0.158093 -0.022970 0.373507 4
-0.129769 -0.049221 0.265985 4
-0.076889 -0.004152 -0.134358 1
-0.211545 -0.054518 0.549584 4
0.297407 0.107062 0.389582 3
-0.087207 -0.056431 0.121503 4
-0.099654 0.041418 -0.608677 1
-0.180301 -0.036766 0.479670 4
0.097959 0.076906 0.196482 3
-0.155244 -0.072874 0.396282 4
-0.056343 0.074015 -0.112916 3
-0.105035 0.030496 -0.252137 1
-0.216061 -0.236984 -0.188519 2
0.008341 0.071130 0.025614 3
-0.168014 -0.060044 -0.351942 2
-0.090956 0.104733 -0.852790 1
-0.102898 0.014692 -0.505371 2
0.187546 0.094679 0.299219 3
-0.079797 0.063510 -0.224378 3
0.339188 0.142586 0.407327 3
-0.098437 0.033749 -0.029786 4
-0.161619 -0.233102 -0.239444 2
0.214097 0.154017 0.326420 3
-0.202956 -0.139290 -0.269956 2
-0.072072 -0.017276 -0.066062 0
-0.099439 0.041016 -0.162944 1
0.558314 0.111417 0.515427 3
-0.110489 0.066014 -0.807040 1
0.224257 0.057326 0.371435 3
0.000006 0.053942 -0.019644 3
-0.109092 0.022283 0.064828 4
-0.062353 -0.049814 0.078714 4
-0.132452 0.007250 0.170216 4
-0.142514 -0.069895 0.359822 4
-0.100403 0.024612 -0.422247 1
-0.083319 0.053023 -0.332235 1
-0.178532 -0.080822 0.462645 4
-0.146343 -0.005093 0.261840 4
-0.101093 -0.113812 0.312013 4
0.032278 0.063458 0.069172 3
0.464429 0.151251 0.472995 3
0.128183 0.145091 0.239858 3
-0.133470 -0.112471 0.403977 4
-0.130050 -0.080547 -0.378381 2
-0.087804 0.118895 -0.908846 1
-0.053538 -0.063754 0.138968 4
-0.061000 0.004730 -0.247371 3
0.151999 0.060002 0.287098 3
0.102012 0.033408 0.212607 3
-0.104719 -0.011815 0.025586 4
-0.193034 -0.277082 -0.190646 2
0.401676 0.087147 0.456303 3
-0.193218 -0.045302 0.522635 4
-0.112393 -0.025123 -0.446988 2
0.014351 0.028696 0.017484 3
-0.072067 0.024583 -0.086188 0
-0.038435 0.076731 -0.045449 3
-0.159166 -0.132157 -0.310676 2
0.632933 0.100603 0.537378 3
-0.115398 0.119535 -0.918448 1
-0.241582 -0.069902 0.598955 4
-0.067373 0.022191 -0.045640 0
0.174524 0.160091 0.292876 3
-0.090220 -0.111832 0.298457 4
-0.076324 -0.050798 -0.437670 2
-0.214523 -0.318859 -0.158132 2
0.364351 0.056788 0.470505 3
0.080987 0.012940 0.140391 3
-0.122065 0.023529 0.136881 4
-0.175452 -0.018946 0.445193 4
-0.096126 0.070717 -0.263419 3
-0.195227 -0.104510 -0.301451 2
-0.107052 -0.239582 -0.227537 2
0.464345 0.158037 0.471514 3
-0.007182 0.118768 0.047122 3
0.218422 0.048634 0.372840 3
0.310944 0.168665 0.391660 3
0.068010 0.143941 0.180205 3
-0.042103 -0.067262 0.105857 4
-0.151416 0.003134 0.251253 4
-0.112248 0.131253 -0.758789 1
-0.114989 0.071421 -0.553562 1
-0.026884 0.003363 -0.152280 3
0.123122 0.034572 0.262844 3
-0.154259 -0.010391 -0.388745 2
0.025952 0.004063 0.017358 3
-0.077950 -0.130271 -0.313356 2
0.498584 0.066146 0.520020 3
-0.123826 -0.112864 0.392151 4
-0.188642 -0.098730 0.507352 4
-0.060204 -0.087557 0.203833 4
-0.153540 -0.007078 0.353555 4
-0.103669 0.038217 0.039960 4
-0.215593 -0.198062 -0.218027 2
-0.066285 0.087723 -0.125847 3
-0.087091 0.001548 -0.329377 1
-0.151433 -0.298676 -0.176406 2
-0.138585 0.030993 -0.474014 2
-0.046227 -0.005649 0.043960 0
0.557075 0.143390 0.509938 3
-0.155909 -0.106145 0.450633 4
-0.055611 0.000528 -0.235796 3
-0.045069 0.090189 -0.023334 3
-0.097442 -0.015196 -0.102024 1
-0.017024 0.003383 -0.070846 3
-0.033705 -0.036101 0.170931 0
0.289733 0.052707 0.426311 3
-0.075190 0.012694 -0.508170 2
0.237357 0.168350 0.347434 3
0.025571 0.133421 0.113522 3
0.385317 0.163046 0.431445 3
-0.210307 -0.047868 0.553380 4
0.117919 0.155270 0.233642 3
-0.139191 0.008689 0.190478 4
-0.082364 0.081397 -0.196087 3
-0.180601 -0.036846 0.500413 4
0.165570 0.041821 0.319317 3
0.053935 0.015145 0.076104 3
0.095998 0.024487 0.199894 3
-0.070570 -0.077709 -0.370782 2
-0.176590 -0.055337 -0.345458 2
0.563945 0.085066 0.536292 3
-0.076356 -0.105189 0.250036 4
0.431870 0.057983 0.501133 3
-0.089626 -0.190498 -0.268451 2
-0.106904 -0.114388 0.343384 4
-0.095743 0.044527 -0.015111 4
-0.169450 -0.012100 0.396910 4
-0.110096 0.055852 -0.325764 1
-0.110642 0.030560 0.089974 4
-0.071428 0.053997 -0.299577 3
-0.150546 -0.000492 0.306065 4
-0.218955 -0.248999 -0.177850 2
-0.208851 -0.150357 -0.259013 2
-0.103291 0.031571 -0.482781 1
-0.057746 0.087380 -0.071911 3
-0.036851 -0.023945 0.126597 0
-0.003544 -0.000229 -0.023364 3
-0.099998 0.006276 -0.286913 1
-0.052418 -0.073580 0.166759 4
-0.054832 0.009171 -0.002494 0
-0.128682 -0.268913 -0.200724 2
-0.182451 -0.316184 -0.162557 2
-0.146628 0.010218 -0.431669 2
-0.223733 -0.078202 0.563908 4
-0.040417 -0.018730 0.087523 0
-0.068698 -0.003735 -0.275856 1
0.511456 0.151721 0.490439 3
-0.037563 0.000753 -0.192405 3
-0.020918 -0.000408 -0.111466 3
-0.127592 0.055829 -0.515390 2
-0.028615 0.105561 0.007727 3
0.599681 0.130534 0.528654 3
-0.192151 -0.044468 0.528792 4
-0.137152 -0.113177 0.420703 4
-0.084156 0.047850 -0.542749 2
-0.207416 -0.087103 0.532420 4
-0.092424 0.088564 -0.910138 1
-0.173083 -0.104314 0.475524 4
0.251204 0.050961 0.399818 3
0.424007 0.165984 0.456958 3
0.326354 0.057538 0.447037 3
-0.076553 -0.020064 -0.474351 2
0.011163 0.127476 0.078723 3
0.203486 0.167095 0.323850 3
0.143518 0.162104 0.262447 3
0.045176 0.139329 0.151118 3
-0.050809 -0.057820 0.134101 4
-0.148715 0.005506 0.220185 4
0.092104 0.151010 0.207464 3
-0.094015 0.110882 -0.772617 1
-0.131355 0.016012 0.162366 4
-0.076618 0.083686 -0.161895 3
0.277359 0.167235 0.371539 3
-0.091079 0.041006 -0.045494 0
0.069546 0.011675 0.107462 3
-0.091370 0.077920 -0.231375 3
0.344282 0.165968 0.411202 3
-0.176031 -0.025699 0.472922 4
0.598429 0.092291 0.535507 3
0.109433 0.029239 0.232856 3
0.193121 0.045411 0.348096 3
0.145198 0.037525 0.292360 3
-0.075857 -0.099319 -0.342422 2
0.042133 0.009410 0.043802 3
-0.113134 -0.113788 0.368168 4
