0.132723 0.106471 0.125950 3
-0.128090 0.154124 -0.893304 4
-0.329834 -0.296337 0.619527 0
-0.255077 -0.211094 -0.325991 1
-0.127593 -0.157153 0.284264 0
0.668249 0.094313 0.396044 3
-0.065179 0.086093 -0.206833 3
-0.113123 0.043591 -0.529276 1
-0.122423 -0.027351 0.042974 0
-0.035942 0.049548 0.285943 2
0.352492 0.077893 0.333491 3
-0.230616 -0.187843 0.455567 0
0.024984 0.051971 -0.033609 3
-0.216324 -0.056525 -0.425605 1
-0.091662 0.137506 -0.697043 4
-0.076831 0.076315 -0.365983 4
-0.074206 -0.089979 0.170993 0
-0.104889 -0.007601 -0.094256 0
0.251567 0.155621 0.237347 3
-0.063773 0.029489 0.151557 2
0.488784 0.139963 0.342821 3
-0.266921 -0.270673 0.524326 0
-0.203029 -0.140850 0.353874 0
-0.160177 -0.075432 0.213145 0
-0.120373 -0.051305 -0.424233 1
0.215770 0.069283 0.249919 3
-0.170456 -0.144572 -0.363037 1
0.039684 0.117478 0.026800 3
-0.167970 -0.211170 0.369161 0
0.367355 0.157880 0.294685 3
-0.033701 0.094777 -0.106455 3
-0.141023 -0.048299 0.129897 0
-0.101246 0.032454 -0.279472 0
-0.062436 0.008918 -0.007434 2
0.551757 0.079180 0.390921 3
-0.094764 0.127766 -0.594960 4
-0.089671 0.103531 -0.462808 4
-0.173981 0.019079 -0.475864 1
-0.172680 -0.104508 0.287459 0
-0.062201 -0.048932 0.101085 0
-0.096120 0.011448 -0.173927 0
-0.098829 0.171110 -0.797896 4
0.090704 0.068898 0.060965 3
-0.246981 -0.129064 -0.375377 1
-0.199901 -0.234639 0.430756 0
-0.065397 0.016385 0.080665 2
-0.093650 -0.122708 0.232491 0
0.449303 0.084340 0.362777 3
-0.012591 0.053022 -0.145646 3
0.196936 0.115670 0.193785 3
0.297693 0.108216 0.268725 3
0.152846 0.063640 0.180698 3
-0.042822 0.035025 0.219434 2
-0.004743 0.098824 -0.032983 3
0.577625 0.127562 0.375383 3
-0.254486 -0.217005 0.504634 0
-0.232264 -0.255624 0.479090 0
-0.202883 -0.185332 0.395102 0
-0.128512 -0.098623 0.183925 0
-0.298304 -0.266243 0.571388 0
-0.199045 -0.109615 -0.405052 1
-0.102663 -0.000135 -0.473048 1
-0.165548 -0.170736 0.329575 0
-0.119127 -0.011986 -0.018742 0
-0.147681 -0.121853 0.238769 0
-0.061365 -0.024471 0.047180 0
0.392284 0.112571 0.315353 3
-0.092068 0.033004 -0.059729 0
-0.171873 -0.046880 -0.446754 1
-0.085431 0.040094 -0.124576 0
-0.087648 0.109980 -0.527202 4
0.147286 0.144115 0.157292 3
0.076416 0.127442 0.079920 3
-0.124773 0.104457 -0.653351 4
-0.223461 -0.170833 -0.361403 1
-0.048838 0.047958 -0.224843 3
-0.124530 0.121306 -0.754828 4
0.273793 0.071427 0.289073 3
-0.117446 -0.060616 0.095180 0
0.052805 0.077094 0.008449 3
0.003322 0.058889 -0.088246 3
-0.101040 0.044611 -0.225194 0
-0.095947 0.013964 0.028577 2
-0.097987 0.061061 -0.417608 4
-0.145825 0.069654 -0.538494 1
-0.154055 -0.098886 -0.398327 1
-0.134209 -0.022155 0.087487 0
-0.086814 0.073363 -0.314806 4
-0.122081 0.073270 -0.583949 1
-0.270371 -0.237918 0.547093 0
0.308294 0.149564 0.268395 3
0.135777 0.061240 0.130923 3
0.241633 0.101824 0.238106 3
-0.144168 0.005970 -0.491999 1
-0.068236 0.001300 -0.056834 0
0.426353 0.143165 0.317736 3
-0.157233 -0.061950 0.169351 0
-0.163891 -0.142708 0.290277 0
-0.049884 0.090889 -0.159172 3
-0.060655 0.074127 -0.269596 3
-0.087168 -0.031482 0.004409 0
-0.125954 0.138715 -0.833793 4
-0.112232 -0.081394 0.147756 0
0.609976 0.088225 0.394678 3
-0.093286 0.177183 -0.857148 4
0.509639 0.102192 0.359548 3
-0.090903 -0.049650 0.063334 0
-0.185842 -0.128220 0.316235 0
-0.231959 -0.223610 0.458319 0
0.454411 0.112902 0.338579 3
0.103240 0.099793 0.086737 3
0.197036 0.149776 0.193316 3
-0.104742 -0.022449 -0.048310 0
0.022280 0.086022 -0.056122 3
0.188646 0.080075 0.208056 3
-0.074427 -0.070873 0.134889 0
-0.160521 -0.090874 0.250795 0
0.162852 0.095322 0.166715 3
-0.197502 -0.019307 -0.450663 1
-0.136687 -0.024880 -0.455218 1
-0.054658 0.014416 0.121175 2
-0.035066 0.068313 -0.180565 3
-0.236911 -0.089810 -0.400439 1
0.113516 0.134632 0.124657 3
-0.098512 0.004518 -0.133091 0
-0.260195 -0.173565 -0.343639 1
-0.104352 0.069268 -0.484246 4
0.073232 0.098791 0.050393 3
-0.045833 0.097182 -0.132633 3
-0.339850 -0.300845 0.625020 0
0.678949 0.092892 0.396352 3
-0.120207 0.179572 -0.909958 4
-0.102387 -0.147398 0.265531 0
-0.261243 -0.215400 -0.329428 1
0.199124 0.064116 0.229569 3
-0.147913 0.073347 -0.543567 1
-0.031749 0.056733 0.322651 2
-0.226938 -0.177716 0.453720 0
-0.131975 -0.008927 0.065106 0
0.406384 0.155279 0.313416 3
0.055150 0.130856 0.056077 3
-0.085383 0.042438 -0.306204 0
-0.138148 -0.100290 -0.394711 1
-0.041424 0.020127 0.191207 2
-0.159008 -0.062667 0.185785 0
-0.162664 -0.211412 0.361188 0
-0.265388 -0.272537 0.521055 0
0.041851 0.046221 -0.020720 3
0.502929 0.072188 0.393811 3
-0.211497 -0.025223 -0.443750 1
0.252627 0.158149 0.241198 3
-0.194969 -0.119339 0.313110 0
-0.060679 -0.078052 0.148328 0
0.335215 0.071661 0.326715 3
-0.102688 0.024528 -0.041481 0
0.123999 0.055879 0.106415 3
-0.099962 0.171441 -0.770444 4
0.142711 0.150688 0.155743 3
-0.099852 -0.001779 -0.476708 1
-0.033706 0.044192 -0.204524 3
0.547973 0.140764 0.360667 3
-0.051856 -0.016428 0.040386 0
-0.250806 -0.114165 -0.380397 1
-0.207987 -0.248950 0.454922 0
-0.085000 0.097312 -0.596830 4
-0.006061 0.104853 -0.024046 3
-0.191857 -0.174653 -0.345860 1
0.001404 0.045063 -0.105814 3
-0.048481 0.003499 0.116709 2
-0.163688 -0.086708 0.258175 0
-0.213225 -0.149975 0.385219 0
-0.078398 0.088779 -0.242706 3
-0.292974 -0.259961 0.584413 0
-0.078674 -0.109243 0.208611 0
-0.255922 -0.212911 0.510344 0
-0.043457 0.050962 0.250515 2
-0.143912 -0.036825 0.126548 0
-0.131506 -0.179323 0.311908 0
0.595122 0.080649 0.403928 3
0.089457 0.057189 0.038780 3
-0.171208 0.033860 -0.482512 1
0.413368 0.071672 0.366088 3
-0.053152 -0.045419 0.096122 0
0.257762 0.069188 0.283275 3
0.325938 0.162349 0.276213 3
-0.081469 0.033152 0.135852 2
-0.099514 0.035990 -0.539825 1
0.153440 0.060641 0.173294 3
-0.184478 -0.230403 0.406798 0
-0.127106 0.110267 -0.593294 1
-0.114787 -0.046701 -0.424222 1
0.476689 0.149717 0.343931 3
0.199303 0.153084 0.197338 3
0.095227 0.139914 0.113213 3
0.622551 0.122074 0.384976 3
-0.029458 0.097214 -0.080084 3
-0.096254 0.019230 0.087949 2
-0.063196 0.093369 -0.190645 3
-0.266929 -0.238789 0.550141 0
-0.261294 -0.163830 -0.344642 1
-0.056714 0.041279 -0.254502 3
-0.098303 0.078135 -0.291242 4
-0.103951 0.010528 0.035783 2
-0.236631 -0.260301 0.486842 0
-0.010769 0.051098 -0.154891 3
-0.232820 -0.065915 -0.413290 1
-0.060950 0.047557 0.202771 2
0.025828 0.120579 0.015345 3
-0.313503 -0.289925 0.588120 0
-0.047295 0.002054 0.074540 2
-0.161007 -0.136296 -0.369649 1
-0.223182 -0.201336 -0.329668 1
0.012370 0.044888 -0.062977 3
-0.204590 -0.135875 0.347645 0
-0.110188 0.082371 -0.560248 1
-0.287100 -0.281144 0.552188 0
-0.110262 0.017493 -0.004545 0
-0.044941 0.010454 0.154205 2
-0.160372 -0.073820 0.222034 0
-0.035764 0.028730 0.231283 2
-0.063783 0.073210 -0.278239 3
-0.241755 -0.194289 0.481384 0
-0.176841 -0.102733 0.289248 0
-0.088522 -0.129649 0.239501 0
-0.131365 0.045883 -0.543808 1
-0.216850 -0.163101 0.422814 0
-0.028616 0.044316 0.293097 2
-0.068214 -0.096135 0.179051 0
0.548568 0.073501 0.395560 3
-0.136699 -0.023043 0.096063 0
-0.156633 -0.053294 0.153030 0
-0.066835 0.041103 0.170069 2
-0.191599 0.005731 -0.463210 1
-0.148217 -0.197164 0.336464 0
-0.113938 0.144130 -0.896520 4
-0.115337 -0.163497 0.287452 0
0.296806 0.070023 0.306203 3
0.637966 0.086565 0.397230 3
0.140106 0.060094 0.140550 3
0.461050 0.071347 0.379272 3
-0.091118 0.065858 -0.563750 1
0.364898 0.161735 0.292599 3
-0.157707 0.054839 -0.508232 1
0.064310 0.054916 0.005396 3
-0.091622 0.178019 -0.899969 4
0.109951 0.056221 0.075041 3
0.228181 0.066602 0.257738 3
0.376190 0.070787 0.346452 3
-0.324391 -0.278164 0.609375 0
-0.099879 0.015164 -0.509527 1
-0.058018 -0.060571 0.125899 0
-0.051945 -0.028900 0.067338 0
0.171660 0.063409 0.201644 3
0.286405 0.162162 0.256578 3
0.075998 0.134194 0.086784 3
-0.079762 0.048495 -0.255613 3
