-0.049067 0.032448 -0.219276 4
-0.295995 -0.441308 0.687074 2
-0.054938 0.102564 0.343421 1
0.562554 0.280222 0.257375 3
-0.104255 0.093565 -0.944558 4
-0.086150 -0.169138 0.327542 2
0.011560 0.051131 0.141834 1
-0.124308 -0.011925 -0.574238 0
0.197084 0.209036 0.107612 3
-0.184823 -0.272056 0.505795 2
-0.081744 -0.038151 -0.037616 2
-0.089525 -0.094267 0.161733 2
-0.219694 -0.172781 -0.448168 0
-0.026227 0.051483 0.265013 1
0.083383 0.110921 -0.038079 3
0.376710 0.221053 0.218282 3
-0.067751 0.052763 -0.389157 4
-0.080230 0.076703 -0.728918 4
-0.127273 -0.238908 0.417808 2
-0.100344 -0.050207 0.064686 2
0.002043 0.040852 0.039774 1
-0.123310 -0.122932 0.251228 2
-0.234795 -0.366485 0.588146 2
-0.043708 0.036302 -0.093945 1
-0.140072 -0.096928 -0.487794 0
0.100294 0.161579 0.031461 3
-0.027851 0.035337 0.197188 1
-0.139543 -0.178975 0.375175 2
-0.023209 0.082922 0.312388 1
-0.187830 -0.060760 -0.516108 0
0.006521 0.092237 -0.132957 3
0.436061 0.271021 0.217484 3
0.245929 0.178576 0.152491 3
0.309123 0.245337 0.170255 3
-0.081864 0.071322 -0.604919 4
-0.047882 -0.067693 0.108206 2
-0.054600 -0.098737 0.236371 2
-0.037364 -0.037084 0.041603 2
-0.055806 0.012586 0.075694 1
-0.084493 0.055106 -0.498188 4
-0.081341 -0.011560 -0.165074 2
-0.080177 0.014610 -0.314410 4
-0.110001 0.060480 -0.840526 4
-0.162105 -0.224367 0.444754 2
0.160636 0.148162 0.073932 3
-0.124736 -0.148370 0.316313 2
-0.194110 -0.330588 0.527873 2
-0.053106 0.019461 -0.023730 1
-0.162749 -0.279099 0.465320 2
-0.038130 -0.003848 -0.065453 2
0.022485 0.111479 -0.064495 3
-0.078472 -0.134002 0.281553 2
0.472972 0.246048 0.247352 3
-0.196173 -0.119880 -0.490448 0
-0.101942 -0.064029 0.126214 2
-0.124258 -0.105837 0.193686 2
0.007607 0.066060 0.236924 1
-0.039683 0.017529 0.144763 1
-0.101461 -0.199767 0.375821 2
-0.256651 -0.390028 0.647090 2
-0.101965 -0.035532 0.005820 2
-0.115739 -0.046254 -0.521655 0
0.016648 0.046525 0.097328 1
0.116857 0.134243 0.017312 3
-0.203024 -0.302790 0.558093 2
-0.085822 -0.006374 -0.091637 2
0.307810 0.211419 0.178671 3
-0.051595 0.036871 -0.152985 1
-0.063329 0.056255 -0.264076 3
-0.035924 0.074331 -0.193155 3
0.012020 0.059046 0.184710 1
-0.091177 0.019535 -0.621188 0
-0.051614 0.017676 0.027208 1
0.065600 0.137664 -0.017752 3
-0.107494 0.043849 -0.682065 4
-0.008084 0.024432 -0.018302 1
0.254045 0.211394 0.140871 3
-0.143119 -0.214034 0.405489 2
0.159388 0.177237 0.075401 3
-0.049795 -0.083115 0.153951 2
-0.034318 -0.020557 -0.016729 2
-0.029299 0.036926 0.234711 1
-0.175661 -0.139472 -0.457443 0
-0.065770 -0.056350 0.069277 2
-0.036780 0.061259 0.287732 1
-0.094436 0.030311 -0.449864 4
0.500781 0.284217 0.239019 3
-0.123691 -0.180381 0.344498 2
-0.089592 0.040066 -0.559636 4
-0.086488 0.106016 -0.872796 4
0.378153 0.250685 0.195802 3
0.003243 0.071089 -0.175533 3
-0.044850 0.090292 0.324602 1
0.042739 0.091459 -0.081783 3
-0.041509 0.009295 -0.124145 2
-0.153578 -0.045700 -0.538283 0
-0.092925 -0.112092 0.205384 2
-0.088773 -0.074612 0.099667 2
-0.083640 0.013041 -0.200469 4
-0.082518 0.012418 -0.133447 2
0.198180 0.166254 0.114591 3
-0.122377 0.031488 -0.610419 0
-0.074466 -0.044703 0.007024 2
-0.053162 -0.088912 0.198440 2
-0.083012 0.015313 -0.264565 4
-0.064556 0.049803 -0.334373 4
-0.020263 0.038231 0.062755 1
-0.166573 -0.088360 -0.512752 0
-0.094070 -0.125246 0.246974 2
-0.112977 -0.083298 0.156003 2
-0.147430 -0.002735 -0.554228 0
-0.027617 0.033239 0.108915 1
-0.113555 -0.138182 0.283322 2
-0.096276 -0.020429 -0.030718 2
0.418406 0.241267 0.224259 3
-0.223086 -0.333373 0.593132 2
-0.002955 0.074909 0.284003 1
-0.023420 0.035171 -0.053595 1
-0.077597 -0.029881 -0.074804 2
-0.081188 -0.018309 -0.124235 2
-0.045459 0.043381 -0.279991 3
-0.084340 0.084012 -0.790306 4
0.005784 0.070900 0.262740 1
-0.159198 -0.249457 0.445843 2
-0.047179 0.019028 -0.182384 4
-0.211331 -0.334630 0.554153 2
-0.180165 -0.294674 0.496211 2
0.136364 0.156445 0.046067 3
0.304537 0.249152 0.169344 3
-0.308557 -0.459360 0.706983 2
-0.104581 0.076457 -0.953422 4
-0.065859 0.112256 0.357542 1
-0.046072 -0.078632 0.127793 2
-0.081075 0.038985 -0.310025 3
-0.145021 -0.196572 0.416761 2
0.015343 0.069374 0.248626 1
0.095765 0.115159 -0.027250 3
-0.093328 0.011532 -0.614395 0
-0.226475 -0.177689 -0.449251 0
-0.094873 -0.011272 -0.043033 2
0.583131 0.286855 0.257831 3
-0.202916 -0.344924 0.545585 2
-0.129294 -0.123875 0.255157 2
0.024848 0.050716 0.121319 1
0.194074 0.157822 0.113001 3
-0.187818 -0.052564 -0.519430 0
-0.025526 0.086836 -0.149802 3
-0.050640 0.070966 0.301886 1
-0.082180 -0.173505 0.335638 2
0.441228 0.235272 0.241781 3
-0.103901 -0.046346 0.059959 2
-0.038430 0.017569 0.172866 1
-0.119300 -0.087530 0.161828 2
-0.150300 -0.276364 0.452381 2
-0.243953 -0.372689 0.640205 2
-0.139033 -0.100927 -0.485852 0
0.006808 0.031677 0.026773 1
-0.047010 -0.093532 0.226419 2
0.105083 0.168249 0.040397 3
-0.186782 -0.263341 0.503052 2
0.299046 0.194857 0.185786 3
-0.032260 -0.036680 0.045876 2
-0.085096 0.103092 -0.815144 4
-0.135235 -0.155593 0.333371 2
-0.081577 0.015945 -0.143498 2
0.199802 0.213404 0.111994 3
-0.012462 0.057344 -0.217688 3
0.462536 0.283334 0.228073 3
-0.031187 0.001515 -0.067211 2
-0.106716 -0.217870 0.399268 2
0.018532 0.111319 -0.064935 3
-0.055360 0.010592 0.102941 1
-0.034776 0.047341 0.273521 1
-0.062152 -0.128406 0.284353 2
-0.140904 0.007957 -0.561093 0
-0.100856 -0.033462 -0.526988 0
0.022341 0.064543 0.188814 1
0.035015 0.081796 -0.102772 3
-0.213861 -0.315813 0.578243 2
0.145562 0.135369 0.044457 3
-0.216855 -0.111292 -0.476118 0
-0.069304 0.002153 0.027313 1
-0.043021 0.097420 0.335824 1
-0.108033 0.058537 -0.658120 4
-0.035947 0.030552 0.223501 1
-0.101771 -0.056810 0.117739 2
-0.029258 -0.019567 -0.012233 2
0.515322 0.259732 0.254600 3
-0.234608 -0.380985 0.592386 2
0.380164 0.267621 0.199303 3
-0.178737 -0.148261 -0.456114 0
-0.003430 0.080732 0.297656 1
-0.056583 0.064641 -0.238510 3
-0.279443 -0.426969 0.656996 2
0.368988 0.215811 0.216059 3
-0.171007 -0.231123 0.455126 2
0.057262 0.141960 -0.016565 3
-0.076374 0.027505 -0.197635 4
-0.049468 -0.089413 0.177640 2
-0.177475 -0.311097 0.493056 2
-0.127845 -0.110514 0.202659 2
-0.088203 0.002407 -0.090822 2
0.015373 0.041576 0.075459 1
-0.105152 -0.037828 0.013163 2
-0.036813 0.043076 -0.280263 3
-0.038830 -0.056320 0.085140 2
0.244437 0.175945 0.152588 3
0.014813 0.072928 -0.156249 3
-0.140289 -0.174596 0.373409 2
-0.012719 0.020123 -0.019808 1
-0.126424 0.030932 -0.610117 0
-0.125562 -0.134436 0.298071 2
0.147593 0.190421 0.075733 3
0.005670 0.075184 0.272746 1
0.025046 0.057426 0.155609 1
0.525855 0.286372 0.246547 3
0.014048 0.068423 0.215895 1
-0.080218 0.046320 -0.654132 0
-0.195768 -0.286683 0.542881 2
0.247227 0.230602 0.143182 3
-0.025458 0.090588 0.324497 1
-0.092504 -0.194172 0.367586 2
-0.093358 -0.008964 -0.568646 0
-0.256976 -0.405213 0.622657 2
-0.127377 -0.245012 0.422637 2
0.062755 0.096004 -0.062061 3
-0.038523 0.077581 -0.193606 3
-0.027994 0.039269 0.252805 1
-0.040665 0.059947 0.288962 1
-0.066203 0.006478 0.066600 1
-0.046515 0.012421 0.137699 1
-0.056378 -0.108396 0.258536 2
-0.006835 0.094756 -0.107843 3
-0.071768 -0.151210 0.307508 2
-0.119095 -0.068143 -0.503651 0
-0.229918 -0.344376 0.608536 2
-0.225890 -0.144668 -0.453261 0
-0.167522 -0.022505 -0.538740 0
-0.064447 0.100317 0.341727 1
-0.072350 -0.004752 -0.004935 1
0.164553 0.146814 0.077528 3
-0.039105 0.025381 0.197480 1
-0.286814 -0.430073 0.689440 2
-0.201925 -0.081197 -0.499575 0
-0.015070 0.084251 0.311800 1
-0.261725 -0.399093 0.664708 2
0.120630 0.125639 0.004744 3
-0.101056 -0.025725 -0.012496 2
-0.056720 0.083158 0.315930 1
-0.034439 -0.031268 0.016575 2
-0.103931 -0.051317 0.088126 2
-0.110403 -0.071084 0.138929 2
-0.030693 -0.009301 -0.038247 2
0.420090 0.276523 0.216121 3
0.547610 0.273024 0.256692 3
0.480487 0.247238 0.248879 3
