0.014155 0.177440 -0.833785 1
-0.267130 -0.714827 0.540453 2
-0.234542 0.133706 0.474516 4
0.387677 0.468170 0.107441 3
-0.071178 -0.155010 0.133319 2
0.025797 0.107750 -0.266267 4
-0.004326 0.102519 0.285880 4
-0.086313 -0.393682 0.373141 2
0.015610 0.081807 0.018400 4
-0.103193 -0.056911 -0.534415 0
0.154467 0.289945 -0.014154 3
0.033756 0.158439 -0.556902 1
-0.107222 0.082567 0.405022 4
-0.070267 -0.262232 0.261643 2
-0.182377 -0.552472 0.466427 2
-0.043612 0.058050 0.157262 4
-0.001913 0.019426 -0.120450 2
-0.014769 -0.051033 0.018594 2
0.114478 0.194612 -0.124722 3
0.014171 0.104277 -0.418719 1
0.265833 0.354968 0.073946 3
-0.005336 0.042134 -0.560335 0
0.044466 0.078827 0.125682 4
0.032771 0.162446 -0.694959 1
-0.070808 0.067085 0.342036 4
0.030508 0.093940 0.220076 4
-0.168829 0.106336 0.440620 4
-0.026733 -0.181748 0.194152 2
-0.111898 -0.340508 0.325630 2
0.025714 0.086563 -0.065012 4
-0.119848 -0.476115 0.410254 2
-0.058017 0.060925 0.231689 4
0.019675 0.092177 -0.166058 4
-0.001178 -0.089932 0.098482 2
-0.213698 -0.630033 0.491778 2
-0.036101 0.044486 0.088833 4
-0.029910 -0.017207 -0.049138 2
-0.077511 0.016652 -0.564949 0
0.062821 0.165423 -0.203341 3
0.103901 0.230913 -0.075215 3
-0.146985 -0.445659 0.413696 2
-0.029108 0.084140 -0.597457 0
-0.094853 -0.229416 0.214172 2
-0.061415 -0.100784 0.064620 2
0.039743 0.136995 -0.334928 3
0.305532 0.428111 0.075976 3
-0.065403 0.119202 0.368137 4
0.022019 0.115654 -0.634965 0
0.205371 0.296552 0.040223 3
0.034052 0.139663 -0.480531 1
0.148164 0.233797 -0.022296 3
0.044627 0.068331 0.068735 4
0.214183 0.356744 0.032715 3
-0.011113 0.037035 -0.023935 4
-0.061539 0.057333 0.290963 4
-0.013593 -0.127675 0.149482 2
-0.023169 0.114016 0.325827 4
0.041375 0.082803 -0.210931 2
0.018451 0.084408 0.162070 4
-0.049309 -0.015568 -0.546464 0
0.026765 0.018077 -0.052773 2
-0.057796 -0.288235 0.308640 2
0.067283 0.196828 -0.128909 3
-0.067573 -0.337885 0.337300 2
-0.169374 -0.502407 0.441913 2
-0.125912 -0.388431 0.362708 2
-0.024209 0.032358 0.035592 4
-0.115317 0.120816 0.420115 4
-0.114933 -0.303613 0.283118 2
0.031185 0.167456 -0.626694 1
0.041341 0.069232 -0.006910 4
0.001606 0.065501 -0.120293 4
0.326409 0.399945 0.098397 3
-0.006768 0.089741 0.242789 4
0.011678 0.079953 0.078321 4
-0.080022 -0.187211 0.179135 2
0.015603 0.170737 -0.764835 1
-0.008157 0.063864 -0.231053 2
-0.016164 0.076400 0.196479 4
-0.038480 -0.215308 0.236710 2
0.010487 0.084152 -0.320442 2
0.008709 -0.053772 0.062569 2
-0.090230 0.071795 0.374721 4
0.035587 0.064747 -0.147486 2
-0.003535 0.074573 0.119010 4
0.132035 0.213580 -0.074510 3
0.070620 0.151588 -0.251156 3
0.019318 -0.004597 -0.009358 2
-0.202290 0.121442 0.455601 4
-0.145924 -0.522564 0.434290 2
-0.207590 -0.599327 0.499495 2
-0.111813 -0.436371 0.394133 2
-0.104607 -0.268582 0.244065 2
-0.036776 -0.126868 0.112024 2
-0.181714 -0.588052 0.468500 2
-0.010617 0.049512 -0.179769 2
-0.240569 -0.674659 0.505979 2
-0.004208 0.044070 -0.066159 4
0.013252 0.079230 -0.024493 4
0.012255 0.090205 -0.592519 0
-0.042359 0.034755 -0.578954 0
-0.044023 -0.167116 0.164622 2
0.022229 0.097826 -0.362990 1
0.173833 0.261161 0.011867 3
0.261856 0.383165 0.053872 3
0.011008 0.179283 -0.891261 1
-0.049490 -0.069489 0.033483 2
-0.053339 0.103574 0.346186 4
0.024617 0.058458 -0.090033 4
0.089511 0.167666 -0.166363 3
-0.033852 -0.037311 -0.012303 2
0.023783 0.101442 -0.208392 4
-0.085086 0.118005 0.395168 4
-0.005970 0.120394 -0.629391 0
0.134227 0.255825 -0.039958 3
-0.050606 0.083921 0.312286 4
-0.037648 0.070651 0.261427 4
0.028033 0.136650 -0.291643 3
-0.009223 0.005961 -0.081903 2
0.191116 0.318365 0.015916 3
-0.023891 -0.087384 0.061911 2
0.031884 0.060573 -0.047995 4
-0.125832 -0.417655 0.382426 2
-0.088261 -0.021488 -0.551578 0
0.105391 0.212800 -0.104130 3
0.028324 0.030435 -0.089240 2
-0.144690 0.094490 0.430269 4
-0.063852 -0.126010 0.095555 2
-0.102280 0.075937 0.395526 4
0.010378 0.176335 -0.900845 1
-0.279174 -0.733322 0.539788 2
0.406918 0.478181 0.113425 3
-0.045445 -0.044213 -0.007177 2
-0.057861 -0.316615 0.328649 2
-0.106826 -0.069727 -0.533167 0
0.073871 0.151601 -0.245138 3
0.038409 0.094305 0.212625 4
0.136127 0.289523 -0.021952 3
-0.248070 0.140395 0.481205 4
-0.184634 -0.525068 0.457154 2
0.030608 0.146364 -0.600035 1
-0.085047 -0.185295 0.174180 2
-0.043036 0.040435 0.091096 4
-0.017183 0.038456 -0.143358 2
-0.069018 0.055067 0.289189 4
0.265508 0.344341 0.080586 3
0.008160 -0.084743 0.097992 2
0.125802 0.202568 -0.105091 3
0.041905 0.059508 0.035283 4
-0.145317 -0.416203 0.390490 2
-0.196329 -0.618041 0.478763 2
-0.110605 -0.278964 0.253306 2
-0.155211 0.122720 0.443922 4
-0.006378 0.033881 -0.556810 0
0.029027 0.181639 -0.741798 1
0.012064 0.116829 -0.367611 1
0.033519 0.021436 -0.058147 2
-0.031169 0.118911 0.341855 4
-0.054233 0.059870 0.171702 4
0.049282 0.080065 0.135261 4
0.021692 0.119351 -0.483590 1
-0.104456 -0.456325 0.402328 2
-0.028283 -0.206819 0.226491 2
-0.009745 0.066791 -0.242549 2
0.014291 0.108372 0.274389 4
-0.047164 0.070765 -0.588004 0
0.046808 0.168047 -0.167684 3
0.298102 0.427903 0.074578 3
-0.065196 -0.102844 0.065708 2
0.184947 0.264728 0.024599 3
-0.009946 -0.141790 0.164754 2
-0.011676 0.033065 -0.027660 4
-0.126210 -0.340359 0.327164 2
-0.076668 -0.385030 0.370150 2
0.215986 0.365431 0.033907 3
0.085513 0.227228 -0.082232 3
-0.149208 -0.543115 0.441579 2
0.011307 -0.034711 0.041514 2
0.046132 0.079708 -0.180457 2
-0.089295 0.000662 -0.554962 0
-0.050668 -0.257716 0.286657 2
-0.034263 -0.009738 -0.081009 2
-0.028693 0.031332 0.033290 4
-0.061681 0.060522 0.229354 4
0.145277 0.223719 -0.033114 3
-0.073784 -0.146222 0.116788 2
-0.072971 0.059748 0.339669 4
-0.208643 -0.590777 0.498711 2
-0.104391 0.123480 0.413363 4
0.339507 0.407096 0.106772 3
0.013460 0.083306 -0.308666 2
-0.245710 -0.673889 0.525325 2
0.039788 0.047304 -0.115556 2
-0.209688 0.122013 0.455864 4
-0.051181 -0.026454 -0.533409 0
-0.157803 -0.468400 0.423470 2
0.031493 0.152154 -0.676321 1
0.024578 0.137817 -0.296271 3
-0.067480 0.123387 0.374474 4
0.021092 0.088290 -0.586488 0
-0.100324 -0.232519 0.216319 2
0.093848 0.167090 -0.163627 3
0.026631 0.198978 -0.821551 1
0.023144 -0.005135 -0.006961 2
-0.001902 0.046898 -0.081168 4
0.045666 0.066886 0.085727 4
0.046460 0.095748 -0.240823 4
-0.008360 0.112942 0.308979 4
0.036762 0.150270 -0.226438 3
0.046748 0.087906 0.175504 4
0.054366 0.132174 -0.326955 3
-0.144438 0.089554 0.431434 4
-0.049507 0.048582 0.130090 4
-0.010726 0.051952 -0.191931 2
0.064103 0.199868 -0.126164 3
-0.016664 0.111939 -0.612587 0
0.023877 0.095610 0.245457 4
-0.053491 -0.068238 0.033403 2
0.221308 0.301034 0.055430 3
0.032466 0.050850 -0.008145 4
0.013945 0.131434 -0.552693 1
-0.221769 -0.633247 0.517911 2
0.174098 0.324056 0.009954 3
-0.129126 -0.500181 0.419211 2
-0.134970 -0.379850 0.356740 2
0.351484 0.459387 0.095426 3
-0.085038 0.067629 0.370090 4
-0.119470 -0.310697 0.290291 2
-0.004553 -0.112443 0.133486 2
0.024689 0.117286 -0.640154 0
-0.016777 -0.174010 0.190624 2
0.018743 0.062948 -0.152243 4
0.108441 0.256408 -0.051178 3
0.004884 0.141761 -0.643507 1
0.010732 0.163116 -0.794563 1
-0.172316 -0.580218 0.462335 2
-0.067054 -0.351851 0.347176 2
0.018882 0.047483 -0.045396 4
-0.041664 -0.025919 -0.045518 2
-0.101378 -0.033866 -0.536770 0
-0.069545 0.034903 -0.572904 0
0.013764 -0.057210 0.067959 2
-0.115790 0.081786 0.418325 4
-0.090808 -0.418765 0.388528 2
-0.221025 -0.655829 0.497109 2
0.025572 0.104655 -0.233406 4
0.043248 0.109306 -0.280067 4
-0.001924 0.084371 -0.280009 4
-0.039892 -0.230220 0.259660 2
-0.035540 0.034808 0.063061 4
-0.066599 0.056835 0.260196 4
0.080848 0.154859 -0.201392 3
-0.193685 -0.556451 0.480572 2
0.008457 0.049816 -0.113195 4
-0.027367 0.016408 -0.114782 2
0.371643 0.444610 0.112813 3
