-0.046732 0.155014 -0.606234 4
-0.196316 0.298688 0.683241 1
-0.020328 -0.853674 0.359080 0
0.030597 0.095949 0.135984 1
0.271530 0.426039 -0.021888 2
0.023112 -0.330797 0.253448 0
-0.033361 0.195601 0.428631 1
-0.027571 0.069160 -0.229050 0
-0.010664 -0.116900 0.056107 0
0.075644 0.265338 -0.130181 2
-0.045344 0.230499 -0.861594 4
0.011885 -0.580612 0.346608 0
-0.088062 0.241837 0.587486 1
0.019906 0.157504 0.285775 1
-0.033528 0.145028 -0.406556 2
-0.002044 0.106856 -0.048475 1
-0.123358 -0.004574 -0.566225 3
-0.016969 -0.019729 -0.066603 0
0.025577 0.189175 -0.251858 2
-0.015956 -0.217237 0.161641 0
0.170569 0.320505 -0.037832 2
0.040807 -0.461380 0.309237 0
0.012413 -0.720185 0.344307 0
-0.060982 0.186521 -0.737309 4
-0.014072 0.092692 0.205393 1
-0.036038 0.142703 0.339910 1
-0.018276 0.064395 0.040211 1
-0.051783 0.201885 0.517574 1
0.002543 0.044671 -0.134793 0
-0.066365 0.068424 -0.587336 3
-0.138398 0.274185 0.641884 1
-0.023402 0.103436 -0.318765 4
-0.040354 0.134388 -0.502618 4
-0.007136 0.108218 -0.139850 1
-0.032483 -0.060471 -0.001335 0
0.036515 0.131473 0.205161 1
0.016036 -0.162165 0.126722 0
0.003941 0.187128 0.358163 1
0.064582 0.214806 -0.176142 2
0.030105 0.093482 0.025328 1
-0.025584 0.116992 0.265480 1
0.025905 -0.256290 0.201863 0
0.002841 0.168312 -0.329729 2
0.205687 0.387960 -0.048502 2
0.119805 0.266025 -0.075013 2
-0.108818 0.082811 -0.605646 3
0.124909 0.320397 -0.084513 2
0.009312 -0.499837 0.328687 0
0.003595 -0.425170 0.297751 0
0.007502 -0.657279 0.370991 0
-0.015823 0.074009 0.114254 1
-0.014760 -0.276080 0.200576 0
-0.007570 0.067641 -0.089340 1
0.006594 0.108709 0.074142 1
-0.027699 -0.164222 0.100178 0
0.009952 -0.066730 0.033740 0
-0.034907 0.018489 -0.116738 0
-0.072462 0.246347 0.523156 1
-0.000241 0.115149 0.149930 1
-0.015634 0.118663 -0.256519 1
-0.037616 0.193666 -0.665509 4
-0.049378 0.226191 -0.796472 4
0.039398 -0.531099 0.326736 0
0.029560 -0.625496 0.330368 0
-0.002016 -0.792790 0.374116 0
-0.040135 0.154665 0.394837 1
0.002088 0.133455 0.231128 1
-0.014661 0.066194 -0.018404 1
0.027113 -0.388163 0.281562 0
-0.046940 0.231301 0.483378 1
0.009811 -0.032581 -0.011959 0
-0.015054 0.110676 -0.200795 1
-0.012039 0.149718 0.306280 1
0.215790 0.360806 -0.016782 2
-0.032870 0.045780 -0.173649 0
-0.012163 -0.333045 0.233542 0
0.021381 -0.211362 0.164239 0
0.088814 0.235542 -0.120865 2
-0.029303 0.167002 -0.543778 4
0.024824 0.206913 -0.210256 2
-0.002885 0.102840 0.021315 1
-0.051599 0.115015 -0.613249 3
0.022102 0.085774 -0.025914 1
-0.108230 0.043173 -0.592598 3
0.034356 0.093793 0.074823 1
-0.112330 0.272822 0.602404 1
-0.043572 0.186544 0.472998 1
-0.058262 0.148330 -0.662443 3
-0.032116 0.129791 -0.447344 4
-0.028295 0.112925 -0.369491 4
-0.086439 0.121355 -0.624432 3
0.000088 0.065714 -0.188422 0
0.163288 0.349460 -0.065272 2
-0.011137 0.196442 0.393741 1
0.050919 0.235460 -0.162138 2
0.005889 0.008181 -0.085347 0
-0.005733 -0.373428 0.267417 0
-0.169075 0.292459 0.664423 1
-0.004101 0.089441 -0.251739 0
-0.069325 0.223500 0.555872 1
-0.010137 0.077949 0.159117 1
-0.008819 0.103285 -0.096356 1
0.013276 0.173177 0.323948 1
-0.007101 -0.189988 0.130810 0
0.016707 -0.123931 0.086397 0
0.037146 0.123145 0.166296 1
-0.034624 -0.036749 -0.040710 0
0.030887 0.145298 0.252656 1
-0.091523 0.021437 -0.569071 3
-0.058667 0.200377 -0.829204 4
0.000934 0.123966 0.191658 1
-0.000337 0.171328 -0.288449 2
-0.000836 -0.740939 0.369719 0
0.108135 0.287642 -0.100042 2
0.035607 -0.578128 0.326607 0
0.140204 0.301094 -0.067176 2
-0.006487 0.075260 -0.131727 1
-0.051327 0.194869 -0.778005 4
0.009078 -0.296568 0.217405 0
-0.018985 0.170652 0.367253 1
-0.004019 0.149144 -0.377778 2
-0.024976 -0.089082 0.033966 0
0.013974 0.095737 -0.066707 1
-0.004298 0.090439 -0.170333 1
-0.034310 0.129037 0.297337 1
0.020788 -0.668306 0.342145 0
0.000238 -0.247368 0.179228 0
-0.029967 0.090255 -0.281032 0
0.036021 0.098313 0.153247 1
-0.059111 0.210418 -0.875497 4
-0.026566 -0.871765 0.351331 0
-0.215854 0.308553 0.700872 1
0.288408 0.441211 -0.021105 2
0.036587 -0.339958 0.275515 0
-0.020933 0.158831 -0.353114 2
-0.030989 0.223998 0.446631 1
0.009885 0.020719 -0.101998 0
-0.129828 -0.013150 -0.565630 3
-0.032633 -0.147948 0.081335 0
0.078278 0.274301 -0.125443 2
0.033254 -0.607915 0.326320 0
-0.034912 0.124032 0.287514 1
-0.070517 0.153599 -0.659302 3
-0.094258 0.244450 0.614457 1
-0.003224 0.105730 -0.016077 1
-0.041864 0.066248 -0.240123 0
0.183798 0.325642 -0.024323 2
0.054989 0.193588 -0.219337 2
0.002165 -0.465906 0.316497 0
0.012006 -0.051097 0.017620 0
0.026660 -0.228636 0.174987 0
-0.000543 -0.726532 0.377709 0
0.007704 0.189161 0.357800 1
-0.057004 0.076113 -0.588247 3
0.035120 0.142544 0.244713 1
-0.022345 0.066306 0.070178 1
-0.054052 0.204455 0.536903 1
-0.044153 0.153640 0.398905 1
-0.018522 -0.289960 0.205039 0
-0.156948 0.291592 0.655120 1
-0.016080 0.085270 0.204874 1
-0.039352 -0.027774 -0.061643 0
0.038398 0.097805 0.069478 1
0.205921 0.394953 -0.047572 2
-0.120708 0.060879 -0.592865 3
0.046592 -0.431425 0.301733 0
0.136988 0.336664 -0.078372 2
0.019889 -0.118009 0.081676 0
-0.006072 0.112473 -0.293610 4
0.085088 0.221708 -0.141145 2
0.126061 0.268782 -0.065890 2
-0.017837 0.138084 -0.423649 4
-0.037013 0.040508 -0.158773 0
-0.011134 0.065795 -0.077760 1
-0.023469 -0.203421 0.149586 0
-0.007186 -0.382084 0.273345 0
0.006495 -0.557857 0.349849 0
0.043809 -0.522209 0.327127 0
-0.002668 0.171696 -0.272316 2
0.032696 0.220416 -0.187655 2
-0.084989 0.256512 0.542427 1
-0.033587 -0.086616 0.035504 0
-0.045940 0.174474 0.471392 1
0.023799 0.166550 0.299712 1
-0.043219 0.228435 -0.794892 4
0.005224 -0.640793 0.366041 0
-0.004025 -0.790943 0.340335 0
0.024621 -0.696161 0.339546 0
-0.012601 0.072670 0.141493 1
0.002484 0.064334 -0.184943 0
0.021761 -0.165356 0.134976 0
0.010888 -0.012675 -0.042657 0
0.241005 0.382549 -0.010522 2
0.038994 0.099068 0.215210 1
0.032817 -0.283684 0.229477 0
-0.057091 0.239622 0.498549 1
-0.094654 0.113104 -0.619663 3
-0.041560 0.142744 0.339672 1
-0.043020 0.131091 -0.628699 3
-0.011384 0.204165 0.403301 1
-0.085998 0.023269 -0.565751 3
0.021339 0.166655 -0.308688 2
-0.019265 0.059518 0.015866 1
0.027227 0.084327 0.012912 1
-0.039708 0.008380 -0.106684 0
-0.124410 0.281103 0.620627 1
-0.037048 0.177786 -0.688278 3
-0.001694 0.083067 -0.240169 0
-0.036528 -0.054243 -0.012583 0
-0.026319 0.105302 0.245419 1
-0.074906 0.222858 0.576138 1
-0.186262 0.290043 0.673614 1
-0.039442 0.091682 -0.283754 1
-0.013410 0.059526 -0.031146 1
0.015742 0.194002 -0.228885 2
0.020065 0.094773 0.101000 1
-0.018938 -0.243560 0.186544 0
-0.014992 -0.334612 0.233172 0
-0.000791 0.149510 -0.372976 2
0.017130 0.079490 -0.038589 1
-0.102421 0.270785 0.587471 1
0.101712 0.240157 -0.096392 2
0.031688 0.170401 -0.258133 2
0.247593 0.421351 -0.033064 2
0.041190 0.125381 0.182571 1
0.011759 -0.745542 0.340697 0
0.006364 0.052383 -0.139404 0
-0.033445 0.148783 -0.403120 2
-0.129794 0.023794 -0.572081 3
-0.133795 0.261587 0.644701 1
-0.034780 0.114356 -0.325813 4
0.052122 0.244465 -0.150857 2
0.106945 0.304666 -0.096202 2
0.042440 -0.385174 0.291213 0
-0.010441 -0.832516 0.369156 0
0.017383 -0.083915 0.054991 0
-0.000631 -0.778171 0.379717 0
0.152821 0.295123 -0.041856 2
-0.040110 0.051602 -0.200773 0
0.008685 -0.508764 0.337266 0
-0.008926 0.085892 -0.179857 1
-0.001149 -0.420325 0.298729 0
0.173943 0.367678 -0.062007 2
0.039069 -0.564899 0.327030 0
0.046807 -0.479062 0.318744 0
0.071158 0.209243 -0.183692 2
-0.028767 -0.178697 0.116311 0
0.016594 0.178075 0.327196 1
-0.033448 -0.115792 0.057155 0
-0.009950 0.165944 -0.310041 2
0.027989 0.153644 0.271740 1
0.005748 -0.683665 0.374974 0
-0.018081 0.070437 0.105882 1
0.004346 -0.598229 0.354628 0
-0.044705 0.164545 0.437893 1
-0.042047 0.152102 -0.664171 3
