0.029774 0.010816 0.142489 2
0.044336 0.228337 -0.898493 4
-0.370254 0.295652 0.764287 0
-0.118097 -0.887897 0.194533 1
0.301612 0.419699 -0.098369 5
-0.024567 0.210542 0.420184 0
0.042361 0.133785 -0.390134 4
-0.055910 -0.384012 0.123275 1
0.009413 -0.013562 -0.118533 1
0.018116 -0.158261 0.354784 2
-0.030422 0.134058 0.268978 0
-0.167634 0.250120 0.596124 0
0.021514 0.110839 -0.653873 3
0.122179 0.276562 -0.209248 5
-0.042735 -0.629656 0.197326 1
-0.010223 -0.179555 0.021485 1
0.040309 0.118716 -0.009221 0
0.041243 0.123937 -0.216861 0
0.054995 0.124847 0.179364 0
0.006465 -0.073713 0.250074 2
0.026945 0.174705 0.330759 0
-0.127383 0.218488 0.503584 0
-0.246710 0.290111 0.676044 0
0.061418 0.178568 -0.519010 4
-0.003744 0.105598 0.097024 0
0.210564 0.326908 -0.113526 5
0.064669 0.206749 -0.738312 4
0.099122 0.217755 -0.305738 5
-0.029187 0.003011 -0.606889 3
0.057669 0.099945 -0.104766 0
-0.019483 -0.491637 0.181268 1
0.010638 0.038183 0.052564 2
-0.083188 -0.758370 0.222708 1
-0.058769 0.157061 0.384057 0
0.018106 -0.080619 -0.031692 1
-0.003768 -0.275335 0.089832 1
0.049294 0.141681 0.242585 0
0.063778 0.098669 0.081561 0
-0.015639 0.107291 0.211074 0
0.060554 0.196633 -0.619664 4
0.045344 0.053610 -0.171974 1
-0.109485 0.260377 0.529217 0
0.050930 0.119455 -0.295687 4
-0.100821 0.196750 0.447377 0
-0.045678 0.146794 0.326533 0
-0.007973 -0.035319 0.191999 2
-0.057696 0.233272 0.465026 0
0.028275 0.066615 -0.048479 2
0.021393 0.150742 0.289932 0
0.234685 0.383158 -0.125762 5
-0.059614 -0.558266 0.195023 1
-0.005853 0.191875 0.375951 0
0.162429 0.325676 -0.163899 5
0.014155 -0.111717 0.301923 2
-0.008185 0.102626 0.154970 0
0.002093 0.096319 0.035008 0
-0.208195 0.264628 0.646869 0
0.064950 0.177180 -0.441460 5
0.045141 0.117241 0.129791 0
0.162368 0.275530 -0.156868 5
0.046132 0.066630 0.009982 2
0.042393 0.195982 -0.824511 4
0.131051 0.236317 -0.242247 5
0.084094 0.190323 -0.369294 5
-0.056083 -0.453468 0.162305 1
-0.012024 -0.340959 0.131726 1
-0.022965 0.064239 -0.635309 3
-0.311357 0.292056 0.727966 0
-0.027756 -0.116515 -0.022240 1
-0.088597 -0.812930 0.189446 1
-0.004318 0.022041 0.103262 2
-0.050662 -0.315162 0.097334 1
0.055298 0.083028 -0.230514 1
0.034346 0.162439 -0.694571 3
-0.061228 0.186977 0.409636 0
-0.152796 0.231164 0.553167 0
0.017841 0.048798 -0.607120 3
-0.039208 -0.247072 0.061175 1
-0.009571 -0.055104 -0.076063 1
-0.018142 -0.405835 0.159797 1
0.055436 0.104909 -0.162071 0
-0.074622 -0.677755 0.212245 1
-0.024213 0.174738 0.347697 0
0.052649 0.115829 -0.056963 0
-0.056469 -0.717178 0.197892 1
0.013392 -0.127580 0.005993 1
0.024269 0.136076 0.211969 0
0.051535 0.111153 0.037293 0
-0.167673 0.279746 0.594914 0
0.038860 0.038181 0.089843 2
0.000540 -0.218211 0.062710 1
0.045116 0.159883 -0.580031 4
0.262410 0.371255 -0.093856 5
-0.025055 -0.566308 0.199950 1
0.035755 0.122806 0.072814 0
0.015432 0.063276 -0.213848 1
0.007529 0.031309 -0.163123 1
0.019382 0.086948 -0.093871 0
0.046235 0.144898 -0.483768 4
0.093001 0.236872 -0.267264 5
0.050474 0.145028 -0.339885 4
-0.089017 0.240193 0.494055 0
0.012698 0.145985 0.254944 0
-0.006336 0.163927 0.317829 0
0.027256 0.100020 -0.139111 0
0.027151 -0.034077 -0.077255 1
0.026418 0.129212 0.157865 0
0.025860 0.095827 -0.256226 1
0.142525 0.254383 -0.199048 5
0.036831 0.021155 -0.132380 1
0.010382 0.085733 -0.030223 0
-0.095889 0.215758 0.473434 0
0.199425 0.349538 -0.141337 5
-0.065161 -0.619947 0.209575 1
-0.016233 0.149126 0.292839 0
-0.135913 0.267048 0.560642 0
0.060251 0.204167 -0.673120 4
-0.008547 0.127491 0.234380 0
0.067217 0.242017 -0.839465 4
0.012099 0.061244 0.018036 2
-0.056461 -0.506048 0.179938 1
-0.005479 -0.001158 0.140660 2
0.055398 0.140607 -0.657542 3
0.045501 0.137569 -0.437218 4
-0.052664 0.150601 0.356022 0
0.056738 0.131762 -0.249875 4
0.026983 -0.005346 0.175619 2
0.060307 0.091981 -0.017497 0
0.021267 0.185892 0.351715 0
0.046521 0.232274 -0.904382 4
-0.134006 -0.929597 0.179890 1
0.325562 0.428020 -0.091623 5
-0.034979 -0.133280 -0.011612 1
-0.398088 0.300812 0.784841 0
0.027242 -0.197857 0.403413 2
0.056120 0.184667 -0.407112 5
-0.012371 -0.493598 0.184721 1
0.066225 0.104572 0.136647 0
-0.121917 0.269468 0.548816 0
0.050384 0.055987 -0.171842 1
-0.029437 -0.002461 -0.605226 3
0.125622 0.294261 -0.197111 5
-0.004969 -0.074190 0.241775 2
-0.031470 0.124509 0.251191 0
0.010738 0.088533 -0.019358 0
0.058142 0.158061 -0.690656 3
-0.052165 -0.308469 0.097331 1
-0.080976 -0.712609 0.220986 1
-0.106017 0.200145 0.453654 0
-0.249879 0.272059 0.686660 0
-0.012143 0.003267 0.135914 2
0.027402 0.114388 -0.294945 4
0.224052 0.336541 -0.103786 5
0.032922 -0.037752 -0.070374 1
0.122139 0.218389 -0.276912 5
0.063279 0.139284 0.214066 0
-0.006896 0.101137 0.073913 0
0.007732 -0.210959 0.062105 1
0.018084 -0.125634 0.325566 2
-0.052601 0.144977 0.329835 0
0.038232 0.146900 0.293621 0
-0.014417 0.101224 0.174282 0
-0.057995 0.244255 0.479253 0
-0.012303 0.097215 -0.651641 3
-0.066471 0.162263 0.398270 0
0.066777 0.090446 0.056289 0
-0.060929 -0.418543 0.141243 1
-0.063743 -0.588965 0.209741 1
-0.016328 0.209282 0.415583 0
-0.085640 -0.815458 0.190495 1
-0.143598 0.220119 0.521215 0
-0.189044 0.255286 0.621596 0
-0.312547 0.295803 0.730517 0
-0.006531 0.003707 -0.131714 1
0.024616 -0.014805 0.192627 2
-0.006952 -0.358980 0.145771 1
-0.035518 -0.643643 0.195033 1
0.031111 0.061951 -0.607644 3
0.249807 0.396651 -0.118450 5
0.146715 0.247710 -0.202645 5
0.173902 0.284680 -0.141419 5
0.042968 0.039484 0.102636 2
0.177104 0.343980 -0.154747 5
0.021104 -0.091659 -0.015990 1
-0.049247 -0.239479 0.051972 1
0.093600 0.246932 -0.252610 5
0.001097 -0.285594 0.094512 1
0.013838 0.072691 -0.232326 1
0.002177 0.052630 0.053677 2
-0.021653 -0.073355 -0.063663 1
0.065748 0.201098 -0.334002 5
-0.060893 -0.494799 0.179370 1
-0.165123 0.233962 0.572367 0
0.073381 0.167347 -0.454321 4
-0.206117 0.286973 0.633400 0
-0.057680 -0.736177 0.194899 1
0.014885 -0.154553 0.020805 1
0.043834 0.014707 -0.123802 1
-0.013083 0.101153 0.124776 0
-0.021636 -0.572797 0.200668 1
0.059818 0.097860 -0.247039 1
0.019578 -0.090185 0.280319 2
0.054160 0.117976 -0.630821 3
-0.012964 -0.425122 0.172963 1
0.065183 0.239486 -0.825199 4
0.273587 0.376035 -0.086864 5
0.019534 0.151056 -0.673583 3
0.066995 0.123701 0.172983 0
-0.042490 0.139311 0.287915 0
0.097577 0.192612 -0.357140 5
-0.156546 0.280985 0.590982 0
-0.088054 0.257945 0.512712 0
-0.040459 -0.187969 0.015989 1
0.050238 0.141811 0.256564 0
0.032762 0.167868 0.321984 0
-0.033735 0.227523 0.444981 0
0.021642 -0.161498 0.363228 2
0.003991 0.039376 -0.181537 1
-0.108525 -0.874830 0.211682 1
-0.020313 0.103762 0.215838 0
0.033998 0.010135 0.151761 2
0.000858 0.093547 0.024166 0
-0.089894 -0.780750 0.224848 1
-0.031109 0.046325 -0.625673 3
0.002146 0.194599 0.386664 0
-0.007271 0.030431 0.095438 2
-0.012519 -0.044769 0.198370 2
-0.089435 0.181462 0.426062 0
0.068470 0.099066 0.095167 0
0.035811 0.184019 -0.722017 4
-0.013110 -0.036106 -0.100843 1
-0.056886 -0.362705 0.113041 1
-0.073677 -0.646651 0.208379 1
-0.058243 0.150418 0.363390 0
-0.265774 0.293158 0.693363 0
-0.357307 0.290614 0.753653 0
0.046435 0.079354 0.022132 0
0.019054 -0.038487 0.229572 2
0.079705 0.220929 -0.291250 5
-0.127071 0.213405 0.488343 0
0.049694 0.063875 -0.216127 1
0.209956 0.372293 -0.135407 5
0.065176 0.122733 -0.283549 4
-0.222274 0.262706 0.656925 0
0.082591 0.174692 -0.407368 5
-0.013417 -0.019655 0.168489 2
0.103437 0.197107 -0.312696 5
0.006947 0.024904 -0.597657 3
-0.297799 0.278364 0.717853 0
0.001902 -0.122396 0.300899 2
0.046914 0.058787 0.065038 2
0.137430 0.236590 -0.238796 5
0.155224 0.262538 -0.169985 5
0.285133 0.416059 -0.105954 5
-0.231388 0.292080 0.668582 0
-0.064819 -0.544044 0.193588 1
