0.041619 0.073933 -0.676374 3
-0.078040 0.546481 0.736752 5
-0.233616 -0.740484 -0.030789 4
0.041638 0.063744 0.145014 5
0.239546 0.274576 -0.234103 2
-0.006857 -0.261988 0.361746 1
-0.089156 -0.294466 -0.044982 4
0.054492 0.273526 0.507917 5
0.005003 -0.013047 -0.276661 4
-0.015477 -0.132457 0.215876 1
0.017956 -0.027420 -0.053827 1
0.025086 0.116812 0.343767 5
-0.146278 -0.519798 0.001012 4
0.008555 0.421193 0.634482 5
0.054098 0.081092 -0.454040 2
0.117796 0.139782 -0.277066 2
-0.051370 -0.159623 -0.116300 4
0.008315 -0.068915 0.095946 1
-0.031012 -0.070539 -0.613010 0
0.055154 0.130575 -0.838417 3
0.029800 0.031211 -0.157711 5
0.057749 0.105060 0.260413 5
-0.014505 -0.194894 0.296868 1
0.008478 0.017185 0.041299 5
0.060318 0.195549 0.424824 5
-0.128839 -0.401370 -0.007281 4
0.011490 0.310907 0.564861 5
-0.008164 -0.082909 -0.186522 4
-0.192929 -0.627213 0.007017 4
-0.024209 0.481570 0.707348 5
0.033506 0.050205 -0.563885 3
0.168427 0.226603 -0.248285 2
0.034599 0.040903 -0.358926 3
0.028842 -0.033022 0.028113 1
0.024815 0.203184 0.462683 5
0.046999 0.039193 -0.004492 5
0.081993 0.116665 -0.349907 2
0.016593 0.065351 0.219962 5
0.008694 -0.092493 0.166421 1
-0.053504 -0.218953 -0.078600 4
0.062474 0.165629 0.354646 5
0.050908 0.045193 0.081552 5
-0.004596 0.006877 -0.647243 0
0.027393 0.033585 -0.072944 5
0.022331 0.161725 0.400129 5
0.038735 0.087411 -0.759649 3
0.031017 0.369456 0.594268 5
0.022186 0.084685 0.283952 5
0.023264 0.258205 0.525937 5
-0.002793 -0.039315 0.055578 1
0.031212 0.033095 -0.225896 5
0.013896 -0.015086 -0.116028 1
-0.016538 -0.080783 0.133833 1
0.198420 0.224452 -0.219122 2
-0.023193 -0.170794 0.256513 1
0.015682 0.030600 0.101015 5
0.049252 0.084227 0.203717 5
0.042000 0.312092 0.548196 5
-0.098165 -0.350323 -0.012536 4
0.010923 0.019018 -0.019534 5
0.026216 0.026313 -0.428475 3
0.010814 -0.039997 -0.231770 4
-0.146578 -0.462193 0.006022 4
-0.207748 -0.682919 -0.024151 4
0.050705 0.130069 0.307640 5
-0.010992 -0.229101 0.329750 1
0.028965 0.037072 -0.495269 3
0.003179 -0.025669 0.003072 1
-0.085259 -0.244875 -0.066738 4
0.055234 0.233490 0.462559 5
-0.045706 0.523862 0.712853 5
-0.176487 -0.565054 0.010934 4
-0.007538 0.433076 0.673508 5
0.131866 0.188776 -0.270345 2
0.006581 0.365470 0.613478 5
0.033121 0.032698 -0.298880 3
-0.036581 -0.118336 -0.150911 4
0.154713 0.180777 -0.234224 2
0.043958 0.084232 -0.612749 3
0.012674 0.045764 0.156466 5
0.069502 0.085823 -0.400500 2
-0.017552 -0.107896 0.175958 1
0.017908 -0.005686 -0.191235 1
0.002616 -0.024916 -0.632605 0
-0.069130 -0.198084 -0.091058 4
0.045011 0.172179 0.386402 5
-0.012774 0.472249 0.672412 5
-0.117403 -0.342752 -0.025669 4
0.042044 0.017236 -0.108048 5
0.035356 0.040052 0.036521 5
-0.170650 -0.594016 -0.013183 4
-0.013890 -0.056565 -0.208717 4
0.038302 0.201756 0.432092 5
0.034085 -0.011488 -0.015417 1
0.047817 0.030719 -0.053348 5
0.032445 0.031911 -0.659670 0
0.105648 0.158056 -0.293849 2
0.023752 -0.047918 0.066162 1
-0.008774 -0.052330 0.093288 1
0.036090 0.245497 0.484309 5
-0.123226 -0.433977 0.000761 4
0.033879 0.091780 0.250942 5
0.103231 0.122798 -0.320894 2
0.010535 -0.000793 -0.058281 1
0.204445 0.254413 -0.241022 2
0.005309 -0.081674 0.131459 1
-0.068406 -0.260469 -0.052330 4
0.007361 0.002757 -0.143830 5
-0.159917 -0.507720 0.014655 4
-0.023950 -0.132289 -0.134530 4
0.051538 0.100545 -0.714117 3
0.041697 0.071184 -0.524701 3
0.054356 0.106738 -0.801041 3
0.002211 -0.110289 0.200606 1
0.031209 0.050095 0.071329 5
0.025713 0.030139 -0.118082 5
-0.004226 -0.132739 0.244928 1
-0.040372 -0.175360 -0.101026 4
0.025422 0.065869 0.188138 5
0.020127 0.009720 -0.332460 3
0.024920 -0.003895 -0.152585 1
0.006061 -0.049261 0.022204 1
-0.021589 -0.031774 -0.629668 0
0.037857 0.149631 0.352901 5
0.025876 0.003392 -0.252370 3
0.000059 0.394069 0.641016 5
-0.189287 -0.646698 -0.019328 4
0.031606 -0.003237 -0.080421 1
0.064622 0.161543 0.343175 5
0.057716 0.125713 -0.842048 3
-0.240792 -0.761574 -0.038428 4
-0.134521 0.574350 0.741610 5
0.007959 -0.055716 -0.205283 4
0.000552 -0.297852 0.395690 1
0.254841 0.286253 -0.236571 2
-0.100530 -0.368085 -0.001195 4
0.029212 0.385447 0.603857 5
0.021706 -0.066530 0.119550 1
0.036203 0.068543 -0.495227 2
-0.025211 -0.188677 0.266442 1
0.107183 0.163783 -0.290152 2
0.002993 0.014971 -0.024995 5
-0.071787 -0.197343 -0.090723 4
-0.160047 -0.569888 -0.013203 4
0.025463 0.218228 0.486657 5
-0.035977 0.508190 0.694931 5
0.013675 0.059443 0.197597 5
-0.036598 -0.082768 -0.608227 0
0.018596 0.019340 -0.331075 3
0.020584 0.057233 -0.682303 0
0.054314 0.048488 0.091383 5
-0.026096 -0.121155 0.188228 1
0.044170 0.017631 -0.111064 5
0.174681 0.199840 -0.223253 2
-0.008003 -0.230816 0.337111 1
0.018621 0.153913 0.392195 5
-0.151267 -0.463808 0.008404 4
-0.004373 -0.032706 0.057282 1
0.051178 0.305910 0.544054 5
0.020975 0.086167 0.295018 5
-0.019622 -0.129593 -0.134908 4
0.072466 0.085036 -0.394675 2
-0.070381 -0.274071 -0.049273 4
-0.007384 0.418315 0.665045 5
-0.205938 -0.665929 0.005026 4
0.061322 0.098679 0.250301 5
-0.079983 0.540464 0.739025 5
0.063644 0.206268 0.436175 5
0.035089 -0.015247 0.009161 1
0.008770 0.308607 0.563876 5
0.060083 0.081017 0.167894 5
0.017973 -0.009568 -0.635970 0
0.010271 0.027186 0.121686 5
-0.000034 -0.127577 0.238336 1
-0.018972 -0.079627 0.131300 1
0.006174 -0.000889 -0.161258 5
-0.003352 -0.025793 -0.264582 4
0.051067 0.035998 -0.035977 5
-0.111980 -0.319271 -0.028969 4
0.060141 0.257480 0.486535 5
0.012022 -0.096713 0.178519 1
-0.033055 -0.095543 -0.174348 4
0.207302 0.260311 -0.239825 2
0.101325 0.118567 -0.331815 2
-0.000261 0.362013 0.611717 5
0.135118 0.154109 -0.256195 2
0.031514 0.007220 -0.212521 1
0.005382 0.010486 -0.095252 5
0.146061 0.209506 -0.255741 2
-0.022165 -0.019523 -0.628888 0
0.054528 0.045222 0.029807 5
-0.137673 -0.504967 0.002837 4
0.029104 -0.040073 0.062152 1
-0.135254 -0.398495 -0.006505 4
-0.119130 -0.437831 0.001642 4
0.023290 0.116463 0.347148 5
-0.007905 0.469093 0.666470 5
-0.037571 -0.176368 -0.098255 4
0.007313 0.015908 0.036916 5
0.018791 0.262044 0.531359 5
-0.188198 -0.600130 0.011849 4
-0.089524 -0.249304 -0.065198 4
-0.052295 -0.145039 -0.122778 4
-0.009681 -0.194893 0.306606 1
0.010966 0.429036 0.633859 5
0.063912 0.131636 0.293807 5
-0.165130 -0.525509 0.019521 4
-0.007342 -0.271866 0.362085 1
0.021280 0.186544 0.438547 5
-0.028623 -0.160914 0.232365 1
-0.182759 -0.634039 -0.021325 4
-0.018145 0.471258 0.705895 5
-0.054333 -0.226698 -0.074414 4
0.071887 0.116718 -0.348653 2
0.048785 0.082645 -0.435624 2
-0.216647 -0.710105 -0.033486 4
0.062907 0.180077 0.389754 5
0.025136 -0.006483 -0.294885 4
-0.087147 -0.325884 -0.031617 4
0.040097 0.346674 0.573891 5
-0.007721 -0.097250 -0.176341 4
-0.048273 0.519719 0.733934 5
0.016116 0.070348 0.248943 5
0.037563 0.038456 -0.665524 0
0.223737 0.247305 -0.218505 2
-0.013900 -0.050614 -0.219019 4
0.030050 0.008925 -0.070561 1
-0.011739 -0.053928 0.098213 1
-0.104670 0.566959 0.739145 5
0.035938 0.008626 -0.165768 5
0.016459 -0.031689 -0.247936 4
0.004644 -0.011969 0.004564 1
0.046575 0.071967 -0.709555 0
0.060273 0.091977 0.209188 5
0.176658 0.236780 -0.247405 2
-0.008862 -0.150304 0.272084 1
-0.006640 -0.050500 -0.615977 0
-0.001533 0.019634 -0.651501 0
0.008345 0.017869 0.081221 5
0.010707 0.045224 0.158836 5
0.035455 -0.001198 -0.026204 1
0.113901 0.130895 -0.291606 2
0.057668 0.064572 0.131810 5
-0.123028 -0.359854 -0.022466 4
-0.062325 0.543011 0.724206 5
0.054937 0.067196 -0.463874 3
-0.020729 -0.097373 0.160250 1
0.003863 -0.113930 0.206385 1
-0.099880 -0.281843 -0.039124 4
0.090092 0.139143 -0.318292 2
0.056447 0.093561 -0.391677 2
0.055941 0.278557 0.516043 5
0.009917 -0.000533 -0.205951 5
0.013288 0.006006 -0.051469 1
-0.200783 -0.674611 -0.026613 4
0.062291 0.232481 0.460009 5
