-0.013194 -0.037874 0.077945 0
0.150219 0.052694 -0.956424 2
-0.122919 -0.023250 0.611775 1
-0.283835 -0.001792 0.555921 0
0.132514 0.013765 -0.431425 2
0.001421 0.034071 0.301397 1
-0.105910 0.026723 0.403050 0
0.096819 0.011244 -0.129512 1
-0.148688 -0.065604 0.271598 0
0.133320 0.016663 -0.689162 2
0.030675 -0.019715 0.091863 1
-0.094809 -0.027682 0.459197 1
0.047965 -0.068798 -0.145105 0
-0.003297 0.037822 0.194198 0
-0.221581 0.043066 0.585633 0
0.056311 0.032986 0.003195 0
0.088374 -0.013857 -0.265176 0
-0.170065 -0.001566 0.415099 0
-0.076982 -0.015338 0.252252 0
-0.031818 -0.019926 0.263661 1
-0.080193 -0.091594 0.132293 0
-0.051138 0.021874 0.473674 1
-0.009655 -0.091990 -0.020087 0
0.047337 -0.019468 -0.085231 0
0.025544 0.034008 0.192479 1
0.141883 0.015296 -0.576774 2
0.153233 0.044533 -0.812653 2
-0.037199 -0.018449 0.333597 1
0.073696 0.018299 0.002152 1
0.115104 0.002754 -0.275984 1
0.021248 -0.005324 0.182763 1
-0.221053 -0.034622 0.417464 0
-0.103882 -0.028932 0.521661 1
0.089434 0.014561 -0.165857 0
-0.056965 0.017130 0.288791 0
-0.026761 0.032803 0.400454 1
0.011362 0.006404 0.097166 0
0.061928 -0.014451 -0.048730 1
-0.221562 0.020258 0.522672 0
-0.165091 0.023021 0.480540 0
0.118536 0.019113 -0.331207 2
0.089441 -0.035631 -0.257243 0
0.033579 0.007655 0.091254 1
0.112311 -0.018317 -0.354281 2
-0.129963 -0.025718 0.312658 0
-0.003198 -0.011333 0.180131 1
-0.092411 -0.050677 0.209841 0
0.052891 0.016103 0.104003 1
-0.117923 0.001349 0.358998 0
0.019572 -0.050776 -0.032844 0
-0.030455 -0.009880 0.173499 0
0.138076 0.026257 -0.875885 2
0.124531 0.004649 -0.494874 2
-0.046324 -0.008852 0.396431 1
-0.037361 -0.079988 0.061066 0
0.028959 -0.010828 0.007120 0
0.151931 0.031337 -0.686422 2
-0.078117 -0.016287 0.410157 1
0.069678 -0.032632 -0.180419 0
-0.051441 -0.051990 0.135207 0
0.109463 -0.004191 -0.382639 0
0.095591 -0.009089 -0.192793 1
-0.016497 -0.019636 0.261509 1
-0.052804 -0.015965 0.337067 1
0.134790 0.022970 -0.777894 2
0.072299 0.020508 -0.080575 0
0.054716 -0.015659 0.008193 1
0.131630 0.015934 -0.605404 2
0.077298 0.016475 -0.059855 1
0.005974 -0.025302 0.167884 1
-0.173247 -0.038216 0.350708 0
0.026911 0.038842 0.113738 0
-0.011874 0.011970 0.328453 1
0.112207 0.025688 -0.232982 0
0.021533 0.027168 0.226183 1
-0.221716 -0.006280 0.470858 0
0.145770 0.020762 -0.752469 2
-0.083143 -0.002818 0.531179 1
0.021901 -0.078467 -0.079473 0
0.077841 -0.002134 -0.118488 1
-0.073875 -0.016978 0.460062 1
0.007442 0.004212 0.251454 1
-0.115184 -0.080951 0.205474 0
0.150420 0.044105 -0.737102 2
0.082514 0.001615 -0.067758 1
0.077073 -0.009081 -0.187714 0
0.125724 0.008419 -0.358383 1
0.057429 0.016229 0.022662 1
0.134590 0.039541 -0.927252 2
0.041660 -0.049308 -0.100342 0
-0.125282 -0.032278 0.578708 1
0.057748 -0.000795 0.047736 1
0.044331 0.026325 0.119193 1
-0.030868 0.040014 0.267542 0
0.138352 0.013752 -0.507186 2
0.080569 -0.013432 -0.116917 1
-0.011625 -0.059320 0.028727 0
-0.031193 0.011371 0.219102 0
0.102386 0.019474 -0.169149 1
0.041427 -0.013099 0.028267 1
0.104369 0.010322 -0.268040 0
-0.053051 -0.027453 0.182375 0
-0.089274 0.010049 0.340715 0
-0.177123 0.014701 0.464215 0
0.050580 0.002711 -0.043659 0
0.147536 0.049707 -0.869413 2
0.136355 0.022843 -0.543933 2
0.034739 0.013794 0.033443 0
0.106811 -0.006153 -0.296842 2
0.093261 -0.006726 -0.216609 0
-0.132958 0.016649 0.418837 0
0.139016 0.012133 -0.650923 2
-0.070963 0.033137 0.346963 0
-0.260800 0.021242 0.566126 0
0.124651 0.014170 -0.437202 2
-0.140258 0.038465 0.473307 0
0.033315 -0.008321 0.129030 1
0.141646 0.020122 -0.811950 2
-0.104798 -0.030420 0.497901 1
0.122113 -0.008389 -0.410764 2
0.017053 -0.013632 0.119030 1
-0.123859 -0.051864 0.263451 0
-0.189988 -0.019039 0.408181 0
-0.100496 -0.029907 0.258777 0
-0.042758 0.013224 0.427982 1
-0.057935 -0.023075 0.385066 1
-0.258787 -0.019079 0.498193 0
0.142697 0.031531 -0.658880 2
-0.204932 0.044982 0.568947 0
0.150267 0.053284 -0.964637 2
0.072014 -0.054403 -0.206310 0
-0.133650 -0.036215 0.622033 1
0.020227 0.031540 0.203379 1
-0.098194 -0.093038 0.161930 0
0.132549 0.020364 -0.553484 2
-0.091889 -0.019433 0.448156 1
-0.224659 -0.037841 0.415751 0
0.068668 0.036469 -0.026406 0
0.124677 0.028297 -0.317446 0
-0.073876 0.038799 0.363388 0
-0.005421 -0.091245 -0.029183 0
0.153944 0.042537 -0.761663 2
-0.057315 0.019962 0.496597 1
-0.011247 0.040642 0.350693 1
0.010697 0.042429 0.163217 0
0.030745 -0.013753 0.063525 1
-0.046335 -0.013333 0.314573 1
-0.267910 0.019694 0.569450 0
0.071300 -0.013226 -0.098006 1
0.125567 -0.005552 -0.424104 2
-0.158503 -0.069447 0.278191 0
-0.122356 -0.022983 0.549849 1
0.101381 0.026244 -0.173001 0
0.103711 -0.025730 -0.310429 2
-0.135172 0.041408 0.470589 0
-0.017272 -0.012776 0.218687 1
-0.037021 0.036846 0.436259 1
0.034982 -0.079004 -0.115223 0
-0.052308 -0.098100 0.069877 0
-0.028307 0.042837 0.266946 0
-0.089926 -0.005655 0.557507 1
0.151295 0.033235 -0.665087 2
0.034553 0.022394 0.122124 1
0.131436 0.024521 -0.418316 2
0.056756 0.006795 -0.008206 1
0.093203 -0.005960 -0.219814 0
0.006697 0.039015 0.278880 1
0.039685 0.039222 0.071281 0
-0.265417 -0.017438 0.504322 0
-0.066271 -0.011410 0.383910 1
-0.244049 0.036463 0.586827 0
0.108816 -0.003398 -0.323728 0
0.133749 0.011570 -0.501065 2
0.132830 0.031726 -0.937919 2
-0.128012 -0.029744 0.586180 1
0.136627 0.025669 -0.642519 2
-0.111003 -0.024717 0.501010 1
0.007781 -0.000387 0.159919 1
0.086392 0.030126 -0.100225 0
0.120106 0.006369 -0.308482 1
-0.127295 -0.083123 0.218835 0
-0.190665 -0.052403 0.349721 0
0.084485 0.000573 -0.145917 1
0.088919 -0.039463 -0.258265 0
-0.169335 0.042982 0.522181 0
0.040824 0.009386 0.063587 1
0.056399 -0.012898 -0.030374 1
-0.028368 -0.097311 0.022037 0
0.117247 -0.012307 -0.367471 2
-0.034350 -0.017550 0.266330 1
0.110101 0.018425 -0.268581 0
-0.025250 0.038719 0.395877 1
-0.105277 0.037945 0.421638 0
0.015649 -0.087061 -0.076614 0
-0.287231 0.000911 0.557166 0
0.054932 -0.067616 -0.165625 0
-0.044857 0.030690 0.463952 1
0.064356 -0.001968 -0.064818 1
-0.076184 -0.096757 0.119619 0
0.140638 0.051848 -0.951106 2
-0.008734 0.039841 0.214907 0
0.025008 0.003717 0.109456 1
-0.109785 -0.020042 0.589381 1
0.139465 0.027330 -0.526516 2
0.100810 -0.005220 -0.269791 0
-0.071379 0.006981 0.523151 1
0.130775 0.027166 -0.373940 2
0.028609 0.028421 0.162518 1
-0.052132 0.037721 0.316342 0
0.014474 0.036690 0.241899 1
0.140830 0.031943 -0.950812 2
-0.231612 0.048607 0.598746 0
-0.002386 0.041712 0.316864 1
0.042279 -0.012542 0.020085 1
0.120238 -0.000559 -0.382063 2
-0.242460 -0.029319 0.461588 0
0.053058 0.037763 0.025842 0
-0.058058 -0.014579 0.349577 1
0.025407 0.040765 0.119313 0
-0.133768 -0.025163 0.616101 1
-0.077857 -0.012902 0.416408 1
-0.249852 0.030485 0.572123 0
0.071879 -0.008200 -0.111136 2
0.085261 -0.009430 -0.181250 0
-0.124002 -0.025141 0.565991 1
0.126253 0.008850 -0.485676 2
-0.113228 -0.023400 0.520681 1
-0.174898 -0.059719 0.311546 0
0.078964 0.034143 -0.064727 0
0.093162 0.012662 -0.162279 0
0.049289 0.008580 0.027238 1
-0.140806 -0.075230 0.248101 0
0.131200 0.018959 -0.515899 2
-0.100619 -0.024378 0.469829 1
0.118736 0.026761 -0.274626 0
-0.112240 -0.087307 0.192284 0
-0.001844 -0.003432 0.188892 1
0.093981 0.026863 -0.138184 0
-0.207550 -0.043246 0.382342 0
0.039354 0.017163 0.089264 1
0.063334 -0.011660 -0.060757 1
0.153437 0.039117 -0.731334 2
0.098792 -0.008299 -0.248103 0
-0.047742 0.022595 0.470892 1
-0.088878 0.037956 0.392267 0
0.098202 -0.030618 -0.282741 2
0.058966 0.000573 -0.035137 1
-0.085141 0.004644 0.550344 1
0.150828 0.028703 -0.688910 2
0.112178 -0.016270 -0.339267 2
0.122198 -0.007206 -0.394906 2
0.081534 -0.045391 -0.232788 0
-0.037924 -0.012751 0.288557 1
-0.029409 0.038015 0.413942 1
-0.038822 -0.097297 0.042447 0
0.045704 -0.073759 -0.144252 0
