0.076798 0.068509 -0.229964 0
0.181880 -0.193008 0.652443 2
0.245632 0.087653 -0.901604 1
-0.467937 0.023871 0.363149 0
0.121951 0.020453 0.252485 2
-0.233922 -0.091683 -0.011605 0
0.142787 0.045534 -0.569586 1
0.097286 0.001001 -0.019954 2
0.047557 -0.115993 0.483754 2
-0.159343 0.057699 0.224275 0
-0.021574 0.095510 -0.018022 0
-0.028381 -0.080719 -0.181608 0
-0.004595 -0.031001 0.163185 2
0.153040 0.030311 -0.420923 1
-0.007843 -0.076567 0.349726 2
-0.387406 -0.031340 0.164698 0
0.211925 0.096219 -0.722664 1
0.193535 -0.100586 0.527059 2
0.150904 -0.015717 0.401063 2
0.114348 0.003888 -0.166049 2
-0.133382 0.016323 0.066099 0
0.087014 0.076878 0.126219 2
-0.296407 0.048977 0.350820 0
-0.253523 0.008756 0.163453 0
-0.108131 -0.037825 -0.059589 0
-0.009928 0.030877 -0.134650 0
-0.004417 0.017546 0.085599 2
0.046656 -0.062969 0.224970 2
0.088567 -0.143386 0.563788 2
0.087291 -0.029257 -0.308072 0
0.106020 -0.068745 0.300234 2
0.096113 -0.020095 0.069905 2
0.070850 0.056963 -0.053698 2
0.156851 -0.085557 0.442124 2
-0.364337 0.023493 0.266462 0
0.113449 0.027886 0.161135 2
0.142479 0.071135 -0.474926 1
0.189421 0.065660 -0.808011 1
0.077141 0.035453 -0.328721 0
0.051318 -0.106136 0.378059 2
0.201598 0.060075 -0.658542 1
0.144356 -0.168772 0.593252 2
0.127551 0.013392 -0.248487 2
0.139259 0.012041 0.336002 2
-0.285529 -0.048546 0.081784 0
-0.111507 0.074547 0.142936 0
0.064390 0.066710 0.039695 2
-0.265291 0.031157 0.255554 0
0.022498 -0.017235 -0.221229 0
-0.030064 -0.041784 0.244470 2
-0.077423 0.030025 -0.008434 0
0.075129 -0.039037 0.142465 2
0.073994 0.042946 -0.171412 2
0.101712 -0.004801 -0.095431 2
-0.194036 -0.030038 0.034497 0
0.124783 -0.081437 0.366122 2
0.019899 0.014347 -0.007475 2
0.135803 0.034043 -0.314453 2
-0.060172 0.085184 0.054455 0
0.109034 -0.045165 0.239521 2
0.125701 -0.128177 0.487890 2
0.105843 0.038135 0.047444 2
0.022619 -0.029393 0.086049 2
0.030972 0.082861 -0.100259 0
-0.381358 0.039902 0.372149 0
0.050667 0.006648 -0.104687 2
-0.020791 -0.062627 0.293135 2
-0.143011 -0.097042 -0.092966 0
-0.175108 0.025260 0.150464 0
0.203386 -0.147255 0.572369 2
0.114401 -0.008551 -0.366411 1
0.158230 0.066409 -0.675981 1
0.041431 0.014836 -0.264000 0
-0.437521 -0.003297 0.261183 0
0.097980 -0.111006 0.418717 2
0.049030 -0.075050 0.281034 2
-0.046415 -0.021463 -0.120959 0
0.179223 0.041498 -0.544314 1
-0.330679 0.003530 0.192294 0
0.110275 0.056681 -0.412910 1
0.129380 0.079142 -0.324728 1
0.093444 0.055263 -0.123197 2
0.036683 -0.019880 0.019077 2
-0.232758 0.052981 0.300724 0
-0.028082 0.049222 -0.068849 0
0.108826 0.046425 -0.037463 2
0.107011 -0.016747 0.182919 2
0.223958 0.109394 -0.779569 1
0.158717 -0.142701 0.539252 2
0.028808 0.038439 -0.192547 0
0.110484 0.028912 0.106321 2
0.111450 0.053877 0.222706 2
0.175561 -0.060928 0.496596 2
-0.081719 -0.074773 -0.127685 0
0.224737 0.060961 -0.780754 1
0.160562 -0.035928 0.452616 2
0.098969 0.072426 0.170460 2
-0.128165 -0.008771 0.002589 0
0.227336 0.108919 -0.833209 1
0.149828 0.070086 -0.615575 1
-0.015382 -0.001163 0.138665 2
0.164060 0.033740 -0.473160 1
0.173237 0.073449 -0.749294 1
0.043505 -0.090619 0.335567 2
-0.193843 0.004005 0.100982 0
-0.402718 0.032307 0.327625 0
0.021761 -0.051723 0.180706 2
0.140189 -0.031445 0.339249 2
-0.210971 0.028249 0.207144 0
-0.178713 -0.060253 -0.023700 0
0.128036 -0.006286 0.280102 2
0.088615 -0.016173 0.026543 2
0.191718 0.070703 -0.597642 1
0.064702 0.001221 -0.159247 2
-0.315168 0.039066 0.304394 0
0.045085 0.061717 0.003464 2
0.063766 -0.012933 -0.045061 2
0.045924 -0.024287 0.125792 2
0.130446 0.060721 -0.516219 1
-0.307927 -0.022674 0.137134 0
0.123246 0.041009 -0.187753 2
0.106068 0.020317 -0.381828 1
0.215502 0.063598 -0.863609 1
0.149241 -0.066600 0.403339 2
0.086007 0.056476 -0.280526 0
0.108410 0.052056 -0.216735 2
0.018198 0.039000 0.049389 2
0.045241 -0.113196 0.434719 2
0.217189 0.064048 -0.903461 1
0.183217 -0.196971 0.655369 2
-0.369089 -0.046166 0.125879 0
0.142664 0.069497 -0.361758 1
0.122738 0.047986 0.280849 2
0.003296 0.287105 -0.584577 1
0.100161 -0.006514 -0.053884 2
0.040374 -0.111753 0.487869 2
0.197842 0.053023 -0.633075 1
-0.340146 0.057022 0.393311 0
-0.123333 -0.104384 -0.119038 0
-0.117785 0.081064 0.160166 0
-0.036317 -0.028164 0.208265 2
0.065576 0.073187 -0.157029 0
0.196315 -0.089218 0.528349 2
-0.012316 -0.073393 0.348935 2
0.079594 0.081810 0.124447 2
0.150634 -0.006795 0.403009 2
0.193721 0.126780 -0.725162 1
-0.463654 0.000326 0.301285 0
-0.032525 0.095035 0.005019 0
0.076418 -0.035915 -0.292120 0
-0.256732 -0.089006 -0.003751 0
-0.200568 0.058052 0.280503 0
0.092534 -0.150477 0.582588 2
0.019149 0.045041 0.051268 2
-0.011196 -0.082155 -0.202053 0
0.112598 0.002227 -0.150652 2
0.062474 -0.011559 0.068183 2
0.103541 0.072166 0.202449 2
0.168170 -0.044451 0.474427 2
0.106672 0.082218 -0.257280 0
0.207063 -0.144828 0.576612 2
0.011511 -0.108543 0.403688 2
-0.027078 -0.053476 0.276295 2
-0.006061 0.013200 -0.179433 0
0.117574 -0.013829 -0.374411 1
-0.021240 0.008442 0.142029 2
0.123528 0.010338 -0.243415 2
0.142941 0.022612 0.341434 2
-0.427243 0.039517 0.371621 0
0.045200 -0.027096 0.146108 2
-0.423010 -0.017269 0.213628 0
-0.075521 0.091352 0.084668 0
0.142239 -0.171463 0.617635 2
0.015102 0.087986 -0.075493 0
0.220019 0.093020 -0.707232 1
0.034584 -0.045216 0.211021 2
0.074834 -0.123481 0.537434 2
0.136331 0.018471 -0.305940 2
-0.191709 -0.103510 -0.062749 0
-0.154648 0.066701 0.219011 0
-0.310221 -0.076255 0.061441 0
0.062727 0.013823 -0.191917 0
-0.263176 0.061961 0.335324 0
0.061515 0.077987 0.078385 2
0.075583 0.009881 0.012452 2
0.037702 -0.056776 -0.244424 0
0.099184 0.052028 -0.224833 2
-0.064729 -0.100254 -0.164085 0
0.004488 0.028306 0.096629 2
0.248863 0.112606 -0.897244 1
0.091467 0.078045 0.163611 2
0.113349 0.061385 0.239779 2
0.157408 -0.025601 0.441505 2
0.083473 0.006049 -0.252886 2
0.184832 -0.063936 0.500327 2
0.201293 -0.173007 0.610176 2
0.128422 0.081362 -0.310579 1
0.028700 -0.104200 0.445353 2
-0.474186 0.017615 0.353498 0
0.203792 -0.120660 0.539849 2
-0.023145 -0.066450 0.313379 2
0.006013 -0.082201 0.383482 2
0.176907 0.083998 -0.735371 1
0.092525 -0.025493 -0.333510 0
0.139861 0.020916 -0.345444 1
0.130620 0.036898 0.315351 2
-0.030678 -0.008649 0.174783 2
-0.037199 -0.044084 0.245431 2
0.147656 0.005211 0.366789 2
0.102732 0.013853 -0.311692 1
-0.210208 -0.093264 -0.018975 0
0.116590 -0.156234 0.612252 2
0.047298 0.066450 0.027762 2
-0.444773 -0.007078 0.259175 0
0.111365 0.052632 -0.295985 1
0.044528 0.081048 -0.114993 0
-0.011015 0.095397 -0.034491 0
-0.386632 0.045319 0.378855 0
0.210395 0.098837 -0.885667 1
0.051124 -0.013947 0.038870 2
-0.097335 0.085124 0.123047 0
0.159485 -0.183607 0.638542 2
-0.398384 -0.032855 0.165084 0
0.055349 -0.118184 0.515174 2
0.104116 -0.004062 -0.088019 2
0.168856 -0.149437 0.607735 2
-0.050695 0.095875 0.042897 0
0.038128 -0.037607 0.178665 2
0.081166 0.045629 -0.188344 2
0.085953 0.077175 -0.194608 0
0.102077 0.052161 -0.258360 2
0.128227 0.012714 -0.276104 2
-0.172310 0.060135 0.249413 0
0.130305 0.012329 -0.382484 1
0.220509 0.103992 -0.729516 1
0.082462 -0.142723 0.558019 2
-0.155980 -0.099957 -0.085011 0
-0.130352 0.074631 0.189093 0
0.094067 0.074072 -0.229451 0
-0.292721 0.051475 0.356485 0
-0.340604 -0.057374 0.096993 0
-0.280461 -0.084051 0.033642 0
-0.229435 0.055842 0.306711 0
0.099062 0.009842 -0.282200 2
0.014077 -0.070447 -0.223899 0
0.059800 -0.039924 -0.263899 0
0.053900 0.071985 0.052303 2
0.071279 0.081262 0.102753 2
0.074940 0.014138 -0.223078 2
-0.008994 0.022301 0.122776 2
0.245951 0.087589 -0.906935 1
0.013145 0.037098 0.072944 2
0.189228 -0.187867 0.628927 2
0.093389 0.069662 0.181445 2
0.051827 -0.022878 0.121261 2
-0.089589 -0.099062 -0.141155 0
