-0.139236 0.079741 -0.066487 1
0.138227 -0.373814 0.699710 2
0.161349 0.120097 -0.938312 3
-0.196233 0.093734 0.346892 0
0.118273 0.056415 -0.484207 3
0.079411 0.026025 0.055271 2
0.061630 -0.107828 0.418942 2
0.009628 -0.059550 0.262797 2
0.092646 0.022884 -0.252240 2
-0.354024 0.144929 0.114808 1
0.100963 0.074009 -0.685433 3
0.035738 0.014490 -0.052248 2
-0.101884 0.077149 0.189011 0
0.056445 -0.249225 0.573077 2
0.006194 -0.135443 0.400821 2
-0.045595 0.010467 -0.183448 1
-0.042999 0.032582 0.082811 2
0.050998 -0.027947 0.288048 2
-0.035384 0.092119 -0.183355 1
0.045778 0.012985 0.178520 2
-0.210409 0.123308 0.057654 1
0.037656 0.053326 -0.338333 1
-0.277579 0.097634 0.009038 1
-0.000654 -0.018431 0.161973 2
0.116661 -0.267223 0.598786 2
0.056723 0.052823 -0.155647 2
0.055725 -0.185881 0.466323 2
0.051720 0.055806 -0.025217 2
0.132854 0.062284 -0.595224 3
0.085111 -0.186240 0.511621 2
0.115603 0.091377 -0.811584 3
0.058419 -0.006955 0.030416 2
-0.156623 0.038854 -0.095932 1
0.050568 -0.096770 0.337660 2
-0.158924 0.088721 0.270285 0
-0.009935 0.057059 -0.244098 1
-0.138437 0.109376 -0.020392 1
-0.044116 -0.028479 0.235903 2
-0.052678 0.069737 0.118888 0
-0.081699 0.055974 -0.140857 1
-0.209281 0.103238 0.007211 1
-0.000544 -0.096580 0.332862 2
-0.018888 0.045185 0.008371 2
0.101649 -0.323709 0.651779 2
0.053507 0.000525 0.126629 2
0.041441 0.064338 -0.081950 2
-0.083843 0.100409 -0.108125 1
0.044993 -0.030976 0.239102 2
0.004051 0.052137 0.044185 2
0.051643 -0.062441 0.353322 2
0.093854 0.046618 -0.319615 2
0.111129 0.033834 -0.396229 3
0.043170 -0.038169 0.194392 2
0.022365 0.008092 -0.248471 1
0.059526 -0.137034 0.399029 2
0.020472 -0.006849 0.096255 2
-0.289851 0.140157 0.105785 1
0.048588 0.026873 -0.179925 2
-0.286445 0.127028 0.056240 1
0.015459 0.034891 -0.099555 2
0.151686 0.088351 -0.761677 3
-0.199449 0.073241 -0.045567 1
-0.046051 0.010387 0.140401 2
0.100664 -0.246104 0.551444 2
0.068334 0.010036 -0.027856 2
0.077263 0.020324 -0.114119 2
0.078657 -0.161574 0.453482 2
0.087699 0.063206 -0.526058 3
0.036716 -0.072574 0.291603 2
0.075966 -0.218192 0.509789 2
0.065872 0.027101 0.020511 2
0.018579 -0.162514 0.449186 2
0.062950 0.017343 -0.316168 1
0.071974 0.057818 -0.420141 3
0.051106 0.055625 -0.223325 2
0.035084 0.070754 -0.288728 1
0.159204 0.108486 -0.872265 3
-0.039600 0.042226 -0.192598 1
0.124435 0.080240 -0.653531 3
0.002050 0.013908 0.040869 2
-0.068290 0.041873 0.163784 0
-0.113002 0.060456 0.237017 0
0.060368 0.001848 0.073168 2
0.083353 -0.282245 0.603226 2
0.008173 0.077760 -0.235721 1
-0.034809 -0.053290 0.276117 2
0.076837 0.066990 -0.380305 3
0.081002 0.014605 -0.157889 2
0.135884 -0.328119 0.651585 2
-0.095935 0.028175 -0.140618 1
0.090580 -0.215682 0.559294 2
0.020003 0.047057 -0.033857 2
-0.136433 0.060598 -0.094733 1
-0.111269 0.090809 -0.063041 1
-0.065373 0.078989 -0.142984 1
0.049207 -0.061612 0.303737 2
0.046809 -0.022004 0.123332 2
0.073250 0.026360 -0.077316 2
0.053804 0.023702 0.135401 2
0.091013 0.066796 -0.604020 3
0.059622 -0.100727 0.374117 2
0.120268 0.105774 -0.894923 3
0.106341 0.083286 -0.751436 3
0.067548 0.053038 -0.269757 2
-0.002299 -0.033365 0.209494 2
-0.309675 0.112937 0.051564 1
0.049251 -0.009806 0.244182 2
-0.171448 0.084018 0.308769 0
0.038213 -0.122959 0.373962 2
0.076350 0.042660 -0.199064 2
-0.248055 0.123313 0.059386 1
0.006016 0.055448 -0.075221 2
0.024133 0.010592 -0.001804 2
0.038753 0.061341 -0.114329 2
0.023359 0.039304 -0.286084 1
0.042112 -0.216352 0.526718 2
-0.159890 0.092310 -0.025559 1
0.027098 0.041071 0.006399 2
-0.036612 0.067725 -0.191014 1
0.076048 0.053934 -0.472784 3
-0.184021 0.107837 0.020544 1
-0.053366 0.045300 0.114360 0
0.075449 0.023098 -0.366226 1
-0.015169 -0.072627 0.301762 2
0.066976 0.023682 0.096712 2
-0.231912 0.099725 -0.006903 1
0.024323 0.046497 -0.147893 2
0.074584 -0.150788 0.476265 2
0.052680 0.071048 -0.308998 1
0.140457 -0.387884 0.714193 2
-0.186723 0.095625 0.308263 0
0.153970 0.100881 -0.938865 3
-0.351961 0.135447 0.099143 1
0.060316 0.053262 -0.007936 2
0.060986 -0.098272 0.414918 2
-0.140782 0.029394 -0.108900 1
0.040798 0.016751 0.192948 2
-0.012370 -0.097291 0.334641 2
0.052302 -0.247381 0.577578 2
-0.138593 0.109733 -0.012576 1
0.081025 0.009486 -0.141311 2
-0.053091 0.011085 0.146950 2
0.105513 0.078606 -0.714211 3
-0.050252 0.099289 -0.157694 1
0.014975 -0.164925 0.454245 2
0.008172 0.001860 -0.229000 1
0.051898 -0.032583 0.298865 2
-0.114851 0.092834 0.200800 0
0.122727 -0.273974 0.606380 2
-0.264165 0.086129 -0.009711 1
-0.047288 -0.030654 0.248104 2
-0.009740 0.051166 -0.034781 2
0.077302 0.023751 0.084130 2
-0.248623 0.135753 0.091179 1
0.097646 0.025473 -0.394980 1
0.081874 -0.177853 0.516385 2
0.006332 0.015564 0.051464 2
-0.037791 0.071618 0.107884 0
0.097084 0.020478 -0.261475 2
0.161769 0.085814 -0.829182 3
0.069494 -0.000341 -0.031234 2
0.035712 0.067077 -0.113934 2
0.087668 -0.312256 0.644265 2
0.054079 -0.017613 0.091263 2
0.065139 0.012911 -0.310603 1
0.036858 -0.208829 0.513252 2
0.009609 0.080548 -0.232377 1
-0.095338 0.106868 -0.083661 1
-0.124053 0.062322 0.257243 0
0.001753 -0.133047 0.395038 2
0.042122 0.066437 -0.061523 2
0.085065 0.070013 -0.387679 3
-0.061622 0.008969 -0.167996 1
-0.066802 0.038229 0.181962 0
0.053046 0.048836 -0.174563 2
0.052356 -0.059179 0.356293 2
-0.316726 0.148291 0.110726 1
0.050647 -0.006611 0.242416 2
0.140495 -0.331786 0.656174 2
0.003663 0.052418 0.055893 2
-0.204063 0.053845 -0.059090 1
-0.034595 -0.058805 0.294192 2
-0.316716 0.114915 0.046901 1
0.079161 0.036217 0.031518 2
0.097034 -0.225366 0.566065 2
-0.053334 -0.009611 0.201421 2
0.114718 0.097840 -0.854628 3
-0.190676 0.120979 0.043293 1
0.073673 -0.138795 0.463605 2
0.107643 0.028787 -0.348964 3
0.057504 0.021741 0.141615 2
-0.043882 0.028425 0.094197 2
-0.196521 0.089879 0.352016 0
0.045373 0.037053 -0.073930 2
-0.076839 0.084727 0.155419 0
0.041223 0.031812 -0.003063 2
0.110704 -0.347276 0.681179 2
0.048175 0.051106 -0.262771 2
0.062241 0.046728 -0.350988 1
0.114433 0.085097 -0.771675 3
-0.095288 0.055576 0.216897 0
0.003813 0.056859 -0.078602 2
0.039891 0.038215 -0.130056 2
-0.031419 0.039681 0.044002 2
0.072169 0.002732 -0.070707 2
0.056844 0.041368 -0.301162 1
-0.143780 0.098449 0.238054 0
0.069872 -0.280196 0.612719 2
-0.024307 0.020618 0.118396 0
0.067087 0.061026 -0.165411 2
-0.167576 0.096004 0.271500 0
0.142611 0.125988 -0.934223 3
-0.024333 0.092602 -0.196753 1
0.041233 0.007572 -0.269296 1
0.099944 0.023385 -0.298097 2
0.041764 -0.225479 0.546657 2
0.060160 0.071731 -0.347758 1
-0.101702 0.018571 -0.139442 1
0.077429 0.019450 -0.354400 1
0.023882 -0.184063 0.483889 2
-0.147597 0.072578 0.287469 0
0.045422 0.060367 -0.032931 2
-0.019116 0.049383 -0.002178 2
-0.005373 -0.115029 0.362550 2
-0.350200 0.149245 0.115591 1
0.050100 -0.078227 0.388431 2
0.006544 -0.148014 0.424200 2
0.108394 0.093181 -0.811791 3
0.040567 0.065459 -0.089095 2
0.045254 0.042951 -0.109488 2
0.041018 0.033898 -0.030195 2
-0.003536 0.016739 0.081376 2
-0.118659 0.111445 -0.051668 1
0.024007 0.039210 0.025798 2
0.050643 0.034559 -0.237252 2
-0.042576 0.028048 0.146563 0
-0.289695 0.145227 0.112385 1
-0.293683 0.102151 0.017926 1
-0.025483 0.006038 -0.203650 1
0.051307 -0.044063 0.327576 2
0.052415 -0.018718 0.270412 2
0.020274 0.060327 -0.122880 2
-0.054200 0.000681 0.173158 2
0.033547 0.072906 -0.266063 1
-0.079022 0.103550 -0.113277 1
-0.159822 0.111155 0.015827 1
0.108943 0.034665 -0.379613 3
-0.013608 0.058664 0.082300 0
0.043215 0.006388 0.219840 2
0.081783 0.029654 0.057045 2
0.067059 0.023519 0.111247 2
0.141904 -0.361512 0.685567 2
0.085599 -0.201753 0.543862 2
0.072023 0.046103 0.009829 2
-0.041215 -0.045659 0.272139 2
0.108964 -0.248689 0.588916 2
