0.101776 -0.195186 0.400573 0
-0.022574 0.139357 -0.914423 1
-0.227925 0.143639 -0.046093 2
-0.088875 0.030567 0.349606 3
0.064083 0.025064 0.041188 0
0.003601 0.115827 -0.488700 1
0.289735 -0.443155 0.584037 0
0.016515 0.071193 -0.155956 0
-0.074365 0.038456 0.224254 3
0.030104 -0.062549 0.246736 0
-0.157596 0.119360 -0.237739 2
-0.033138 0.127307 -0.675446 1
0.206491 -0.301785 0.505675 0
0.005838 0.102941 -0.316093 1
-0.037775 0.081634 -0.016279 3
-0.061427 0.056637 0.114153 3
0.126111 -0.107816 0.291579 0
-0.038997 0.036564 0.261368 3
-0.129541 0.137933 -0.185754 2
0.092686 -0.021409 0.140435 0
-0.243944 0.147007 -0.126822 2
-0.003237 -0.010965 0.160901 0
0.033256 -0.125423 0.345532 0
-0.073459 0.128815 -0.351915 2
-0.022030 0.029696 0.053679 0
0.006908 0.041215 0.135228 3
0.166639 -0.223017 0.439922 0
0.212775 -0.375893 0.548489 0
0.024141 0.049679 -0.061424 0
0.133584 -0.274668 0.476249 0
0.001316 0.126430 -0.810896 1
-0.027553 0.129588 -0.573479 1
-0.027075 0.098348 -0.210224 0
0.121899 -0.067911 0.209305 0
0.000689 0.062201 0.028603 3
-0.015369 0.090364 -0.103526 3
0.006074 0.105318 -0.400887 1
-0.091835 0.139332 -0.280443 2
0.131513 -0.160047 0.365988 0
-0.066055 0.050128 0.167411 3
0.043332 0.037738 -0.008423 0
-0.022987 0.034780 0.217789 3
0.081493 -0.102735 0.280001 0
0.009940 0.048668 0.082205 3
0.051715 -0.009652 0.100956 0
0.178686 -0.320382 0.505312 0
-0.170307 0.134435 -0.185611 2
-0.074283 0.030205 0.313833 3
0.052673 -0.040698 0.177969 0
-0.195527 0.139973 -0.115705 2
-0.095242 0.107882 -0.308052 2
0.265566 -0.383471 0.553473 0
0.090529 -0.147698 0.346263 0
-0.050928 0.059347 0.053843 3
-0.026206 0.098538 -0.157417 3
-0.012663 0.010224 0.105890 0
-0.261600 0.152824 -0.070639 2
-0.039537 0.111871 -0.415968 2
0.033248 0.013987 0.050856 0
0.174533 -0.262763 0.462971 0
0.073316 0.004661 0.095984 0
-0.072242 0.033770 0.266047 3
-0.113015 0.126454 -0.275740 2
-0.030042 0.070393 -0.043113 3
-0.027887 0.044891 0.178788 3
0.053166 -0.167979 0.389052 0
0.141053 -0.224470 0.425354 0
-0.039048 0.135980 -0.834481 1
0.094863 -0.233885 0.444563 0
-0.004249 0.065758 -0.092858 0
-0.020064 0.047354 -0.000339 0
0.009657 0.063031 -0.014837 3
-0.005332 0.120010 -0.636619 1
0.026928 -0.089858 0.296967 0
0.233268 -0.342576 0.533894 0
-0.032719 0.130703 -0.439093 2
-0.205408 0.131389 -0.179549 2
-0.034918 0.126018 -0.510186 1
-0.026805 0.056368 0.117039 3
0.077713 -0.070759 0.225479 0
0.030909 0.070698 -0.087208 0
-0.022519 0.114246 -0.346247 1
-0.032782 0.130122 -0.736587 1
0.009566 0.088778 -0.258925 1
0.246781 -0.412222 0.570003 0
0.012164 -0.032811 0.207062 0
0.016042 0.089315 -0.157657 0
-0.043604 0.068041 0.064453 3
0.011493 0.089964 -0.204866 0
-0.031672 0.104557 -0.257078 1
-0.120477 0.132600 -0.229337 2
0.147667 -0.189766 0.402551 0
0.100861 -0.047543 0.179605 0
-0.029580 0.081659 -0.121139 0
0.045339 0.055715 -0.048565 0
0.118445 -0.087715 0.252765 0
0.022123 0.075773 -0.119079 0
0.115519 -0.132988 0.326561 0
-0.153523 0.134511 -0.134825 2
-0.024126 0.086512 -0.169003 0
-0.001202 0.077094 -0.052526 3
-0.061531 0.041866 0.231264 3
-0.026068 0.076166 0.008832 3
0.035959 -0.020702 0.146345 0
-0.071492 0.029543 0.291273 3
-0.028596 0.063764 0.085376 3
0.002416 0.106541 -0.274575 1
-0.064033 0.109948 -0.356106 2
0.009128 0.033629 0.014369 0
-0.034877 0.058730 0.017757 3
-0.145461 0.127485 -0.228613 2
0.214683 -0.342256 0.519654 0
-0.002195 0.116157 -0.556422 1
0.070298 -0.024533 0.140231 0
-0.006937 0.124278 -0.883103 1
-0.034419 0.052298 0.150985 3
-0.073910 0.134912 -0.323803 2
-0.061283 0.048336 0.186691 3
-0.035284 0.036288 0.241200 3
0.065170 -0.121266 0.319080 0
0.129296 -0.192471 0.396295 0
0.000439 0.113406 -0.445117 1
-0.057389 0.054887 0.087448 3
0.029219 0.042206 -0.028955 0
-0.060755 0.055097 0.137686 3
0.063354 0.006096 0.077914 0
0.016690 -0.004770 0.121677 0
-0.198886 0.141545 -0.145250 2
-0.026015 0.029766 0.054957 0
-0.028301 0.139207 -0.916228 1
0.297530 -0.450148 0.584061 0
-0.101020 0.020567 0.383338 3
-0.040199 0.130179 -0.387835 2
0.131753 -0.135483 0.340799 0
-0.282443 0.153744 -0.031467 2
-0.012938 0.030437 0.203433 3
0.013099 0.094870 -0.186258 0
0.138065 -0.299913 0.499840 0
0.108412 -0.035384 0.158705 0
-0.003088 0.117833 -0.589871 1
-0.189962 0.125497 -0.201129 2
0.017503 -0.089490 0.302767 0
-0.067492 0.048651 0.143684 3
-0.047101 0.038410 0.278511 3
-0.140753 0.137370 -0.155646 2
0.066839 -0.196833 0.412681 0
0.069755 0.021147 0.054441 0
0.239784 -0.350985 0.542025 0
0.039460 0.065994 -0.072591 0
0.168054 -0.223318 0.442007 0
-0.002437 -0.016723 0.180354 0
-0.003530 0.112668 -0.293564 1
-0.001218 0.125105 -0.809529 1
-0.094527 0.105608 -0.310748 2
0.015579 0.041138 0.120630 3
0.128336 -0.085262 0.246194 0
-0.022628 0.110331 -0.467647 1
-0.096100 0.141211 -0.267758 2
-0.254748 0.149263 -0.119073 2
-0.075836 0.031864 0.266857 3
-0.031195 0.059533 -0.024392 0
0.023149 0.048702 0.011944 3
-0.071454 0.039202 0.201493 3
0.201755 -0.287883 0.498034 0
0.231602 -0.405193 0.568864 0
-0.035120 0.097006 -0.201522 0
-0.202716 0.139270 -0.065196 2
0.036503 -0.140289 0.362856 0
-0.051134 0.051546 0.083285 3
-0.016739 0.005734 0.122167 0
-0.031462 0.079773 -0.110000 0
0.014172 -0.044565 0.235831 0
0.183876 -0.355313 0.541673 0
-0.077012 0.037137 0.324737 3
0.044341 -0.012972 0.119050 0
0.101960 -0.248710 0.458658 0
0.021748 0.081973 -0.124722 0
0.021548 0.044602 0.073121 3
0.082018 -0.004476 0.113982 0
-0.044611 0.106842 -0.387065 2
0.151823 -0.177660 0.390211 0
0.277964 -0.395637 0.558217 0
-0.022227 0.131897 -0.463090 2
-0.023976 0.031893 0.243027 3
-0.033734 0.056985 0.022529 3
-0.072960 0.036046 0.233572 3
0.007263 0.103084 -0.240852 0
0.054526 -0.035059 0.163929 0
0.041564 0.004667 0.071216 0
-0.144920 0.113976 -0.254139 2
-0.067183 0.136432 -0.329211 2
-0.070658 0.026194 0.294331 3
0.000147 0.066169 -0.080033 3
0.124419 -0.064537 0.199875 0
0.001488 0.033725 0.165499 3
-0.011791 0.117125 -0.337026 1
-0.077144 0.024952 0.322253 3
0.067419 0.035917 0.005089 0
0.014250 0.053475 -0.023630 0
-0.117824 0.139139 -0.211152 2
-0.033782 0.088800 -0.155357 0
0.125660 -0.105569 0.292369 0
0.052666 0.052552 -0.037000 0
-0.227910 0.138221 -0.157376 2
0.184682 -0.254679 0.470439 0
-0.273858 0.153304 -0.070235 2
0.264839 -0.427350 0.577810 0
-0.073513 0.043928 0.175210 3
0.022757 0.046085 0.044987 3
-0.168086 0.137143 -0.110658 2
-0.028487 0.045962 0.011310 0
0.026537 -0.114073 0.333431 0
-0.019298 0.018467 0.086551 0
0.014071 -0.065510 0.270831 0
0.214777 -0.319239 0.522630 0
-0.246987 0.148476 -0.042314 2
-0.063122 0.049341 0.116191 3
0.000430 0.089260 -0.141822 3
-0.012267 -0.003777 0.152052 0
0.051453 -0.170292 0.392492 0
0.161786 -0.327301 0.519952 0
-0.085171 0.023955 0.357959 3
0.005970 -0.029651 0.207793 0
0.084788 -0.223071 0.435078 0
-0.016599 0.030605 0.222836 3
0.209864 -0.380017 0.556970 0
-0.038896 0.125212 -0.465838 2
-0.018945 0.120446 -0.435237 1
0.073479 0.010426 0.084332 0
-0.041809 0.053469 0.053787 3
-0.034524 0.036337 0.259695 3
-0.007254 0.124481 -0.925071 1
-0.062355 0.039165 0.301643 3
0.116850 -0.273345 0.479815 0
0.001419 0.113021 -0.474401 1
0.029896 0.074698 -0.099373 0
0.031537 -0.023136 0.154477 0
0.257937 -0.373197 0.552324 0
0.015801 0.041125 0.099811 3
-0.067361 0.104436 -0.346307 2
0.288342 -0.419649 0.568471 0
-0.033573 0.107163 -0.429139 2
0.009261 0.057489 -0.046314 0
0.095485 -0.020304 0.138390 0
-0.024517 0.060385 -0.010426 3
0.156543 -0.199104 0.415987 0
0.007273 0.099699 -0.212011 0
0.000509 0.108250 -0.265767 1
-0.008799 0.126479 -0.494082 1
0.142379 -0.154211 0.362242 0
-0.032768 0.131619 -0.425474 2
-0.078130 0.024234 0.337175 3
-0.083914 0.140286 -0.299207 2
-0.073135 0.034430 0.249857 3
0.007951 0.072197 -0.078785 3
-0.074739 0.029594 0.281119 3
