0.024979 0.037022 -0.030158 3
-0.005360 0.192322 -0.902662 1
0.008138 0.210767 0.462833 0
0.156959 -0.559803 0.466957 3
-0.181089 0.166445 -0.362988 2
-0.047766 0.102403 0.244484 0
0.087954 -0.165219 0.281353 3
-0.001530 0.143359 -0.590893 1
-0.004253 0.116973 -0.255816 1
-0.044203 0.080201 0.103715 0
0.066668 -0.353430 0.417978 3
0.003414 0.125933 0.361158 0
0.036215 -0.063165 0.141452 3
-0.021684 0.123222 -0.405776 1
-0.026437 0.095124 -0.123217 0
-0.017013 0.174511 -0.739474 1
0.002001 0.066134 0.183458 0
0.010563 0.099328 0.282801 0
0.125853 -0.429657 0.449645 3
-0.169359 0.185048 -0.279989 2
0.036412 -0.221882 0.348537 3
-0.023330 0.096035 0.003746 0
0.033828 -0.116291 0.238828 3
0.095959 -0.266002 0.381661 3
-0.003862 0.172800 0.406150 0
-0.000511 -0.015392 0.069959 3
-0.090312 0.174949 -0.381126 2
-0.110430 0.134022 -0.412883 2
-0.038753 0.119960 0.303130 0
-0.042120 0.157918 -0.499254 2
-0.052946 0.089373 0.179421 0
-0.005496 0.107980 -0.325581 1
-0.028265 0.078825 -0.047017 0
0.051722 -0.010198 0.066567 3
-0.000449 0.089817 0.231355 0
0.003634 0.073585 -0.175915 3
0.072729 -0.083481 0.192779 3
0.001159 0.057504 0.129827 0
0.108910 -0.343357 0.425398 3
0.009656 0.045206 -0.087647 3
-0.007037 0.063606 0.065166 0
0.041715 -0.167899 0.292798 3
0.064137 -0.280013 0.374742 3
-0.011942 0.164925 -0.807963 1
0.121445 -0.501890 0.465609 3
-0.025364 0.155317 -0.654694 1
-0.205852 0.188533 -0.321277 2
-0.017934 0.100707 0.136723 0
0.078572 -0.219725 0.335057 3
-0.067522 0.166323 -0.439006 2
-0.004846 0.124023 0.313032 0
-0.140580 0.172317 -0.327751 2
-0.018851 0.152848 0.376412 0
0.092454 -0.425135 0.442894 3
-0.025400 0.105379 0.192577 0
0.032636 0.007533 0.023320 3
0.017351 -0.081052 0.193768 3
-0.026329 0.137692 0.341132 0
0.069587 -0.137251 0.242314 3
-0.001965 0.130035 -0.471667 1
-0.017385 0.113513 0.261180 0
0.061585 -0.048662 0.149517 3
0.003610 -0.041081 0.118197 3
0.010359 0.188785 0.431927 0
0.007865 0.143012 0.396038 0
-0.022605 0.110543 -0.187155 0
0.014801 0.081249 -0.137496 3
-0.122742 0.158821 -0.387032 2
-0.032584 0.133129 -0.526188 2
-0.025041 0.088430 -0.210760 3
-0.036792 0.091286 0.055629 0
-0.000112 0.014914 0.009899 3
-0.008537 0.086394 0.085706 0
0.087515 -0.315772 0.394112 3
-0.006189 0.033072 -0.037640 3
-0.069815 0.126872 -0.449556 2
0.048982 -0.094242 0.181385 3
-0.019283 0.058195 0.032602 0
-0.009735 0.095533 -0.091246 0
-0.049525 0.085110 0.145115 0
0.099806 -0.377125 0.420482 3
-0.023738 0.115064 -0.285173 1
0.148780 -0.503203 0.461532 3
0.057228 -0.027702 0.106681 3
-0.015274 0.060174 -0.114536 3
0.034488 -0.042831 0.098925 3
-0.018494 0.069790 -0.008434 0
-0.010503 0.128182 -0.373044 1
-0.051102 0.097853 0.211276 0
-0.043197 0.113886 0.271696 0
0.055762 -0.203351 0.317724 3
0.005085 0.101648 -0.213053 3
0.020831 0.058666 -0.071688 3
-0.000045 0.082828 0.203957 0
0.000499 0.140674 -0.526728 1
-0.020664 0.099437 -0.037709 0
0.010416 0.092501 0.255341 0
-0.016319 0.121932 0.288612 0
0.057881 -0.112952 0.212933 3
-0.013386 0.094200 0.170281 0
0.028357 -0.019736 0.062839 3
-0.028272 0.099278 0.103099 0
-0.009007 0.087359 0.031235 0
-0.025808 0.107395 0.226792 0
0.113724 -0.453858 0.447978 3
0.001183 0.156910 -0.698976 1
0.005535 0.184548 -0.857520 1
0.067134 -0.172543 0.283416 3
-0.001249 0.068170 0.153887 0
0.029814 -0.134650 0.274734 3
0.010724 -0.060284 0.152317 3
-0.033841 0.063087 0.078485 0
0.007300 0.110678 0.338072 0
0.001315 0.155304 -0.636002 1
-0.151144 0.170404 -0.354958 2
0.087041 -0.188189 0.316683 3
-0.004776 0.176771 -0.784452 1
-0.028499 0.129817 0.318279 0
-0.174673 0.184659 -0.313225 2
-0.015828 0.155150 -0.562819 1
0.065298 -0.244511 0.350663 3
-0.003915 0.058374 0.096424 0
-0.009093 0.083877 0.123206 0
0.081895 -0.263277 0.366664 3
0.091673 -0.232460 0.357063 3
-0.010414 0.101983 -0.155672 0
-0.079335 0.149655 -0.443788 2
-0.018097 0.070048 -0.147136 3
-0.216216 0.189675 -0.299550 2
0.160943 -0.576815 0.469700 3
0.008144 0.219750 0.487925 0
0.003132 0.054225 0.133373 0
0.006205 0.192593 -0.919257 1
0.036071 -0.233148 0.355851 3
0.013841 0.089660 -0.155055 3
-0.037476 0.127429 0.320924 0
-0.013850 0.158039 -0.555757 1
0.077965 -0.091557 0.200209 3
0.115973 -0.368739 0.436401 3
-0.006880 0.010234 0.022478 3
-0.077394 0.177874 -0.402445 2
0.010596 0.079217 0.239006 0
0.008436 0.149782 0.409674 0
-0.014810 0.154633 -0.717146 1
0.005346 -0.054636 0.145842 3
-0.031081 0.104411 -0.247122 1
-0.054530 0.090482 0.195768 0
0.090102 -0.172963 0.297246 3
0.054714 -0.006095 0.062346 3
-0.170847 0.153558 -0.372723 2
-0.082487 0.122450 -0.435574 2
-0.032610 0.083237 -0.056475 0
0.027481 -0.131691 0.276102 3
0.059984 -0.338022 0.410483 3
0.097128 -0.260222 0.379441 3
0.109983 -0.479128 0.463053 3
-0.024268 0.063217 0.060503 0
-0.045691 0.106641 0.259697 0
0.011779 0.101000 0.300505 0
-0.128123 0.174795 -0.309126 2
0.006319 0.117691 0.361362 0
-0.001375 0.188064 0.445384 0
0.060789 -0.039855 0.136115 3
-0.050157 0.073409 0.143406 0
0.026298 0.052053 -0.040297 3
0.003218 0.060227 0.191571 0
-0.035162 0.161360 -0.476191 2
0.016237 -0.085554 0.209116 3
-0.021556 0.179240 -0.817237 1
-0.024064 0.150115 0.371775 0
-0.007956 0.088291 -0.007451 0
-0.019887 0.053070 -0.096570 3
-0.004197 -0.017542 0.086070 3
-0.026786 0.078861 -0.178368 3
0.082005 -0.411118 0.442120 3
0.149023 -0.497678 0.462278 3
-0.015892 0.032245 -0.037533 3
0.006554 0.109207 -0.227109 3
0.020051 0.071303 -0.098193 3
0.039428 0.025893 0.013567 3
-0.043367 0.125469 -0.496988 2
0.089021 -0.139638 0.244765 3
-0.199313 0.181166 -0.347317 2
0.129478 -0.433171 0.457158 3
-0.172769 0.186728 -0.278650 2
-0.039250 0.064457 0.104016 0
0.027802 -0.182315 0.322069 3
-0.129406 0.133034 -0.403249 2
0.089050 -0.208568 0.344293 3
-0.004841 0.052984 0.096811 0
-0.052935 0.098628 0.228078 0
-0.041413 0.116008 0.291717 0
-0.009301 0.171379 0.417300 0
0.045337 -0.282055 0.382194 3
0.104800 -0.308501 0.410548 3
0.015248 0.177446 0.421649 0
-0.028978 0.069332 -0.011588 0
0.132158 -0.529801 0.471125 3
0.012513 0.209673 0.454298 0
0.013558 0.091772 0.265657 0
-0.101700 0.177548 -0.352132 2
-0.006522 0.094752 -0.118216 0
-0.005954 0.088227 -0.047401 0
0.004132 0.132169 0.386568 0
0.003445 0.169085 -0.861947 1
0.009571 0.107373 0.331652 0
-0.031666 0.137515 0.345975 0
-0.022377 0.068614 -0.139157 3
-0.052510 0.082252 0.169028 0
-0.060299 0.173137 -0.440246 2
-0.014502 0.062898 0.027604 0
-0.008500 0.160995 -0.771942 1
-0.005798 0.090901 -0.082185 0
0.007829 0.067660 0.215904 0
0.065611 -0.062774 0.170377 3
-0.005966 0.100846 -0.180145 0
0.001717 0.058816 0.161410 0
-0.016374 0.161008 0.395087 0
-0.004056 0.120007 -0.261147 1
0.024866 -0.104404 0.244162 3
0.058415 -0.020229 0.096317 3
-0.026334 0.160037 -0.676716 1
0.010028 -0.071735 0.178457 3
-0.025652 0.163247 -0.515861 2
0.001210 -0.040768 0.115097 3
-0.026756 0.131759 -0.537970 2
-0.020081 0.077996 -0.088415 0
0.158745 -0.537484 0.463558 3
-0.012235 0.024963 -0.006704 3
-0.005212 -0.004636 0.052946 3
0.014567 0.195622 0.435548 0
-0.029730 0.090762 -0.210470 3
0.070721 -0.377090 0.429943 3
-0.017973 0.086489 -0.131449 0
0.094131 -0.444452 0.454466 3
-0.022244 0.185546 -0.880241 1
0.022396 0.062406 -0.068989 3
0.030887 0.039023 -0.011558 3
0.085956 -0.116364 0.219927 3
0.137323 -0.466433 0.461044 3
0.047608 0.010554 0.037209 3
-0.058786 0.123595 -0.461548 2
0.015969 0.078517 -0.127121 3
-0.188308 0.167675 -0.359954 2
-0.017866 0.044838 -0.064370 3
-0.027356 0.142306 -0.507105 1
0.090316 -0.156488 0.270425 3
-0.196401 0.193464 -0.290959 2
-0.207425 0.187604 -0.324631 2
-0.149076 0.179800 -0.289407 2
-0.025210 0.172681 -0.752594 1
0.025561 -0.153890 0.297684 3
-0.009002 0.053265 0.072334 0
-0.013649 0.108935 -0.208206 0
-0.012565 0.075299 -0.054659 0
0.093633 -0.236229 0.359626 3
