0.022308 0.144504 0.564101 4
-0.103921 0.180486 -0.868324 3
0.287428 -0.479543 0.334578 0
-0.095410 0.099976 -0.222589 3
-0.028355 0.007237 0.183379 4
0.072317 -0.118652 0.075718 0
-0.188175 0.159438 -0.540996 1
-0.027326 0.070250 0.337782 4
-0.069137 0.063231 0.018663 4
0.081221 -0.097873 0.355973 2
-0.091727 0.115086 -0.377208 3
-0.098833 0.151532 -0.649844 3
0.172168 -0.298488 0.224966 0
-0.017222 0.073719 0.289116 4
0.012480 -0.009522 0.178470 2
-0.002954 0.010639 -0.066968 0
0.029767 0.236222 0.675584 4
-0.016186 0.117388 0.433511 4
-0.083849 0.078332 -0.090309 4
-0.097265 0.134006 -0.506277 3
-0.054442 0.056002 0.111783 4
0.133469 -0.188155 0.173836 0
-0.234957 0.204997 -0.478289 1
0.048144 -0.056803 0.265891 2
-0.023888 0.064087 0.230150 4
-0.020846 0.029114 0.286773 4
-0.117936 0.166529 -0.759059 3
0.229425 -0.370591 0.300916 0
0.003154 0.059001 0.355760 4
0.011322 0.066469 0.427037 4
-0.042540 0.046780 -0.000742 2
-0.014692 0.015287 0.093182 2
-0.033130 0.036669 -0.157491 0
-0.088352 0.097698 -0.296351 3
-0.018255 0.013466 0.243375 4
-0.079196 0.088938 -0.144289 4
0.027365 -0.056508 -0.010114 0
-0.050905 0.075852 0.092299 4
-0.137917 0.157981 -0.582264 1
0.026552 0.191320 0.619363 4
-0.028945 0.005466 0.097717 4
0.019369 0.108142 0.509942 4
-0.034162 0.057167 0.175438 4
-0.180778 0.185326 -0.492130 1
0.121542 -0.209704 0.166858 0
-0.103349 0.121598 -0.445947 3
-0.024695 0.093018 0.380134 4
0.053859 -0.063369 0.045629 0
-0.006773 0.146985 0.499762 4
-0.024880 -0.000393 0.155147 4
0.171066 -0.259723 0.235170 0
0.240212 -0.421346 0.292072 0
0.001316 0.064936 0.379807 4
-0.024440 0.065883 0.315535 4
-0.040991 0.050369 0.040904 4
-0.075762 0.067635 -0.041687 4
-0.055102 0.063259 -0.213429 0
-0.229161 0.186911 -0.525475 1
0.095219 -0.124844 0.108940 0
0.017967 0.077377 0.466612 4
-0.159673 0.166397 -0.537976 1
-0.026779 0.058584 0.247628 4
-0.034157 0.043148 0.206003 4
-0.037066 0.017783 0.056246 4
-0.038633 0.066527 0.145473 4
-0.016849 0.064123 0.306634 4
-0.062339 0.060448 0.058364 4
-0.060589 0.062675 -0.096326 2
-0.004435 -0.004600 0.130197 2
-0.051670 0.051288 -0.046723 2
0.025493 -0.024467 -0.016848 0
-0.020644 0.009381 -0.106074 0
-0.025844 0.045803 0.264885 4
0.205419 -0.360218 0.260916 0
-0.097833 0.144226 -0.591755 3
0.092846 -0.155612 0.124514 0
-0.048104 0.032589 0.008283 4
-0.097947 0.161483 -0.811741 3
-0.118725 0.160113 -0.702734 3
-0.106185 0.115372 -0.344141 3
0.002329 -0.023792 -0.055708 0
-0.025671 0.000498 0.127035 4
-0.074496 0.074594 -0.179681 2
0.030324 -0.038939 0.221979 2
0.198705 -0.321576 0.259850 0
-0.099564 0.106789 -0.263712 3
0.261361 -0.431113 0.326162 0
-0.005882 0.101420 0.423783 4
0.148557 -0.238951 0.192991 0
0.010374 0.177896 0.572806 4
-0.041578 0.050659 0.176591 4
-0.044494 0.044456 0.144692 4
-0.012488 0.088883 0.381045 4
-0.012737 0.131611 0.464619 4
-0.065293 0.071850 -0.002833 4
0.050944 -0.084869 0.032945 0
0.062889 -0.075991 0.304105 2
-0.087905 0.082001 -0.126408 4
-0.053816 0.070461 0.062598 4
-0.209062 0.189336 -0.494877 1
-0.110985 0.148599 -0.550726 3
-0.028129 0.038842 -0.121164 0
0.016069 0.131516 0.530062 4
-0.055198 0.052103 0.087550 4
-0.070878 0.083041 -0.255165 0
-0.157594 0.143515 -0.549422 1
0.116050 -0.177239 0.140574 0
0.004310 0.110851 0.469468 4
0.024221 0.214484 0.641959 4
-0.047672 0.068022 0.113568 4
-0.019508 0.078630 0.344773 4
-0.121202 0.156496 -0.625485 3
-0.025178 0.057775 0.206350 4
-0.063661 0.072484 -0.034105 4
0.144016 -0.252276 0.195738 0
-0.114759 0.134978 -0.488340 3
-0.108111 0.122567 -0.412984 3
-0.025924 0.009988 0.205646 4
0.074188 -0.098141 0.074515 0
-0.092315 0.087950 -0.171509 4
-0.034968 0.025350 0.165541 4
-0.179055 0.172174 -0.520641 1
-0.053377 0.068905 -0.183560 0
-0.022725 0.070471 0.252028 4
-0.033007 0.023538 0.046679 2
-0.048895 0.039196 -0.025645 4
-0.070118 0.060030 -0.061980 4
-0.033564 0.030096 0.026305 2
-0.018331 0.020730 0.283537 4
-0.103384 0.181700 -0.874371 3
0.298933 -0.497808 0.340477 0
-0.067582 0.087971 -0.216468 0
0.028617 0.246631 0.687527 4
-0.025070 0.037817 0.093681 2
-0.234388 0.189618 -0.528946 1
-0.017493 0.122477 0.445393 4
0.125513 -0.170685 0.154697 0
0.067123 -0.079792 0.313160 2
-0.094771 0.154619 -0.613383 3
0.010807 -0.038389 -0.038408 0
-0.026699 0.000659 0.180696 4
0.014478 0.052584 0.408179 4
0.192459 -0.342750 0.247072 0
0.028826 0.149856 0.589887 4
-0.056042 0.068205 -0.029259 2
-0.022005 0.072287 0.253777 4
0.015673 -0.026019 0.192277 2
-0.145276 0.136575 -0.552907 1
0.101895 -0.125410 0.411678 2
0.060886 -0.108981 0.070200 0
-0.025863 0.039081 -0.110743 0
-0.025427 0.054837 0.189830 4
0.000615 0.063094 0.346797 4
0.131928 -0.232342 0.184452 0
-0.027652 0.057381 0.322345 4
-0.026526 0.091056 0.377090 4
-0.175078 0.185901 -0.498294 1
0.245390 -0.400920 0.317837 0
-0.025110 -0.000814 0.109879 4
-0.015558 0.002701 0.241635 4
0.174643 -0.262993 0.241242 0
0.019428 0.068710 0.460711 4
-0.043094 0.072276 0.126892 4
0.026745 0.107960 0.534111 4
0.044716 -0.048571 0.029207 0
-0.090067 0.093201 -0.295154 3
-0.064287 0.074193 -0.095575 2
-0.039456 0.030693 0.026921 4
0.022745 0.201813 0.629335 4
-0.218254 0.201762 -0.466958 1
-0.024042 -0.001392 0.149772 4
-0.051125 0.043609 -0.174618 0
-0.015813 0.077012 0.295989 4
-0.131323 0.165339 -0.568091 1
0.083229 -0.104387 0.093952 0
-0.003915 0.156286 0.519603 4
0.044741 -0.048368 0.255846 2
0.007752 0.000318 -0.046554 0
0.096490 -0.162725 0.135730 0
-0.003040 0.014366 0.150050 2
0.262403 -0.460058 0.315373 0
-0.190951 0.158174 -0.542857 1
-0.030955 0.009832 0.069608 4
0.080243 -0.098677 0.357678 2
0.210226 -0.331363 0.284723 0
-0.052150 0.071288 0.044548 4
-0.023163 0.062604 0.222939 4
-0.015157 0.000225 -0.089074 0
0.023409 0.090874 0.497249 4
0.035993 -0.074575 0.012666 0
-0.115190 0.139276 -0.607606 1
-0.051221 0.077494 0.087908 4
0.227704 -0.403057 0.283739 0
-0.253662 0.208494 -0.494745 1
-0.114995 0.136131 -0.528248 3
0.010078 0.053275 0.379978 4
-0.021121 0.104420 0.412260 4
-0.014288 0.004114 0.111855 2
-0.075858 0.076389 -0.249452 0
0.146393 -0.211240 0.199938 0
-0.152548 0.177339 -0.533966 1
-0.045791 0.063310 -0.160528 0
-0.028552 0.075801 0.348311 4
-0.021608 0.035990 0.303665 4
0.160614 -0.285162 0.215745 0
-0.082387 0.105620 -0.263044 0
0.273244 -0.452288 0.334641 0
-0.010436 0.137528 0.481354 4
0.010738 0.184163 0.585128 4
-0.025096 0.005857 0.206427 4
-0.014119 0.010235 0.267642 4
0.016372 0.057474 0.432161 4
-0.033422 0.022455 -0.133217 0
0.025779 0.126883 0.559480 4
-0.033239 0.063167 0.160896 4
0.033268 0.174100 0.619658 4
-0.059206 0.070360 -0.062031 2
0.029680 0.226339 0.661115 4
-0.120855 0.134203 -0.568160 1
-0.192785 0.190606 -0.476585 1
-0.065190 0.061537 -0.213645 0
0.001792 -0.011823 0.155046 2
0.046923 -0.059847 0.272375 2
0.011574 -0.003180 0.183399 2
0.029313 -0.026756 0.222540 2
0.002931 0.170574 0.551225 4
0.030433 -0.027496 -0.006291 0
-0.121156 0.162647 -0.601641 1
-0.024279 -0.001376 0.166897 4
-0.006882 0.069748 0.321770 4
0.285494 -0.494413 0.330212 0
0.105471 -0.137263 0.120765 0
-0.023225 -0.003523 0.130290 4
-0.034177 0.024391 0.054561 4
-0.051494 0.073491 0.066428 4
-0.021163 0.076229 0.272794 4
-0.011183 0.021406 -0.078951 0
0.061286 -0.072239 0.060720 0
0.078552 -0.133725 0.106032 0
-0.096383 0.115883 -0.294116 3
-0.014492 0.027264 0.121810 2
0.029421 -0.039816 0.228431 2
-0.213536 0.173149 -0.537146 1
-0.035359 0.045571 0.066167 2
0.114599 -0.199206 0.160159 0
-0.040137 0.045225 -0.175397 0
0.075533 -0.088637 0.339418 2
0.191945 -0.297164 0.264529 0
-0.166305 0.145239 -0.548875 1
-0.056816 0.074808 -0.188282 0
0.092012 -0.112493 0.386295 2
-0.003373 -0.018749 -0.064096 0
-0.023726 0.057478 0.206983 4
-0.026736 0.003332 0.089200 4
-0.023146 0.068369 0.237827 4
-0.237684 0.206698 -0.475661 1
