-0.281600 -0.047642 0.785534 4
-0.021566 0.201443 -0.919908 1
0.419726 -0.197238 -0.037286 2
0.099251 -0.096038 0.366005 0
-0.003490 0.091108 -0.340949 1
-0.040178 0.004221 0.051498 4
-0.129877 -0.091011 0.418728 4
-0.110291 0.171133 -0.642031 3
0.175959 -0.018334 -0.126763 2
0.062666 -0.039068 0.188925 0
-0.014068 0.062105 -0.136870 4
-0.058541 -0.066790 0.232588 4
-0.196092 -0.077564 0.605948 4
0.005197 0.126569 -0.497578 1
-0.008813 0.172604 -0.735856 1
0.286539 -0.107812 -0.042468 2
0.088360 0.026613 -0.228079 2
0.042565 0.003623 -0.020959 0
0.031497 -0.002124 0.087208 0
-0.061083 0.003713 0.162328 4
-0.100024 -0.039156 0.342437 4
-0.003267 0.146001 -0.614021 1
0.084818 -0.067367 0.277272 0
-0.009618 0.070201 -0.237719 4
-0.155914 -0.073055 0.514269 4
-0.246855 -0.069853 0.686269 4
-0.024091 0.028940 -0.058465 4
0.217282 -0.084604 -0.070981 2
-0.019829 -0.041546 0.127210 4
0.340174 -0.163818 -0.039191 2
-0.037792 0.194849 -0.833524 1
-0.001755 0.114683 -0.417381 1
-0.069409 -0.015245 0.236068 4
0.057571 0.069343 -0.295134 2
-0.140983 0.185675 -0.578328 3
0.130023 -0.010502 -0.168103 2
0.027885 0.019566 -0.088051 0
-0.085043 -0.074487 0.298356 4
-0.126882 -0.046977 0.425343 4
0.003969 -0.010624 0.009969 4
0.059807 -0.041361 0.133685 0
-0.098579 -0.087646 0.362316 4
0.044346 -0.020035 0.038017 0
0.020924 0.037129 -0.173246 4
-0.190071 -0.087054 0.536947 4
-0.051394 0.169590 -0.675907 3
-0.048042 -0.042641 0.177482 4
-0.026517 0.034881 -0.005879 4
0.223733 -0.053777 -0.090785 2
-0.083067 -0.034729 0.283176 4
-0.043976 0.011005 0.102284 4
0.000960 0.088892 -0.285006 4
0.121063 0.024116 -0.196008 2
-0.161229 -0.090614 0.474615 4
0.287674 -0.135722 -0.048804 2
-0.016701 0.142036 -0.559529 1
-0.083527 0.175643 -0.605151 3
0.040340 0.084058 -0.354021 2
-0.007472 -0.029284 0.079929 4
-0.302619 -0.028940 0.838604 4
-0.227674 -0.079095 0.630146 4
-0.144519 -0.066172 0.461051 4
0.006472 0.032260 -0.048805 0
0.015245 0.015419 0.020057 0
-0.209873 -0.076430 0.660895 4
-0.010791 0.035348 -0.107199 4
-0.252646 -0.062794 0.740058 4
0.157045 -0.032061 -0.127069 2
-0.001944 0.158252 -0.665356 1
-0.008886 0.069123 -0.182936 4
0.071602 -0.049306 0.229029 0
-0.171463 -0.081733 0.564344 4
0.012561 0.001865 -0.044338 4
0.028298 0.039071 -0.135064 0
-0.121595 -0.059854 0.385054 4
0.092799 -0.081280 0.315684 0
-0.051343 -0.012056 0.128578 4
0.194091 -0.053996 -0.103524 2
-0.029122 0.023615 0.037441 4
0.021091 0.060945 -0.208401 4
0.252154 -0.089632 -0.066370 2
0.077472 0.054049 -0.251182 2
0.147100 0.000839 -0.160309 2
-0.208906 -0.087746 0.579623 4
-0.008126 0.117391 -0.461229 1
-0.020681 0.050134 -0.079357 4
-0.070867 -0.031901 0.212855 4
0.379365 -0.172742 -0.038385 2
0.323919 -0.135745 -0.036807 2
-0.024371 0.178496 -0.783880 1
-0.013063 0.195889 -0.867084 1
-0.142863 0.184367 -0.622977 3
-0.069470 0.159185 -0.653726 3
-0.029847 0.009416 0.011474 4
0.035376 -0.011091 0.125786 0
0.055246 -0.031588 0.094275 0
0.044200 -0.019899 0.160314 0
-0.043800 -0.007474 0.088725 4
-0.025560 0.164728 -0.704639 1
0.005775 0.035539 -0.139655 4
-0.061469 0.175308 -0.640644 3
-0.063444 -0.012546 0.194384 4
-0.008466 0.103793 -0.383411 1
-0.013727 0.011399 -0.023306 4
0.032337 0.002166 0.051462 0
0.021713 0.078072 -0.309390 1
-0.001408 -0.018383 0.046814 4
-0.079014 -0.057861 0.269639 4
-0.098484 -0.064035 0.330435 4
0.037825 0.015583 -0.056254 0
0.014133 0.066088 -0.259984 4
0.066770 0.047581 -0.272107 2
0.007685 0.045286 -0.108576 0
-0.233237 -0.073616 0.709126 4
-0.078936 -0.035988 0.247831 4
-0.109234 0.177400 -0.586906 3
-0.173516 -0.080112 0.508104 4
0.256097 -0.112457 -0.055760 2
-0.058073 -0.017695 0.161474 4
-0.118758 -0.039600 0.388927 4
-0.135264 -0.064192 0.425617 4
0.009925 0.023995 -0.012248 0
-0.035053 0.016878 0.071905 4
-0.094012 -0.048465 0.300112 4
0.042119 0.001075 0.011535 0
-0.013190 0.053810 -0.169199 4
0.018208 0.102555 -0.381518 2
0.116258 0.010899 -0.199573 2
0.390469 -0.190624 -0.033368 2
-0.317778 -0.019930 0.870553 4
-0.047987 0.211336 -0.932385 1
-0.069728 -0.016817 0.247899 4
0.021234 0.101611 -0.367388 2
-0.188079 -0.093315 0.527145 4
0.017061 0.002488 -0.052841 4
0.104449 -0.106208 0.394839 0
-0.132153 0.178651 -0.639147 3
0.196144 -0.028367 -0.115962 2
0.057557 -0.041632 0.127992 0
-0.102759 -0.094196 0.377606 4
-0.233215 -0.074769 0.714694 4
-0.005491 0.075903 -0.201945 4
0.080152 -0.057504 0.261059 0
-0.021841 0.164441 -0.709440 1
-0.049683 0.013672 0.115136 4
0.108673 0.005879 -0.197649 2
0.267873 -0.125757 -0.050795 2
0.013046 0.011616 0.040818 0
-0.135964 -0.062193 0.479392 4
-0.031845 -0.057754 0.170912 4
-0.079544 -0.078500 0.279873 4
-0.097749 -0.031242 0.339718 4
0.063043 0.064967 -0.270572 2
-0.190177 -0.083002 0.621863 4
-0.018066 0.060922 -0.114999 4
-0.282457 -0.051968 0.783797 4
-0.062246 0.177118 -0.636190 3
-0.002640 -0.028543 0.073441 4
0.052144 -0.030033 0.194970 0
0.328667 -0.136887 -0.030401 2
0.089627 -0.086295 0.330779 0
0.202071 -0.075177 -0.075671 2
-0.024975 0.040719 -0.021402 4
-0.147805 -0.097352 0.451459 4
0.021363 0.029245 -0.154042 4
0.149351 -0.029691 -0.131861 2
-0.124524 -0.040240 0.407829 4
0.251962 -0.079492 -0.057291 2
-0.233761 -0.080936 0.640801 4
-0.064804 0.002378 0.180281 4
-0.141974 0.186434 -0.572507 3
0.002435 0.091492 -0.296871 4
0.008455 -0.012408 0.011706 4
0.137712 0.012224 -0.165765 2
-0.159798 -0.082512 0.549661 4
0.451125 -0.206465 -0.042529 2
-0.053808 -0.069781 0.227296 4
-0.031444 0.018905 0.058441 4
0.048187 -0.028244 0.070917 0
-0.077444 0.159265 -0.654475 3
0.042894 0.066189 -0.318410 2
0.096749 0.041701 -0.221029 2
0.024108 0.061216 -0.248701 4
-0.015822 -0.042819 0.121856 4
0.025250 -0.003075 0.102101 0
-0.211755 -0.089408 0.583568 4
0.006633 0.102164 -0.416151 1
0.319671 -0.157443 -0.039426 2
0.021459 0.016555 -0.102269 4
-0.097320 0.176893 -0.584726 3
-0.265684 -0.065700 0.729605 4
-0.087961 -0.088294 0.328231 4
0.078791 0.033752 -0.241064 2
0.000439 0.035387 -0.067165 0
0.039343 -0.017747 0.153782 0
-0.077468 -0.029551 0.293384 4
0.039801 -0.015548 0.021842 0
0.025255 0.045793 -0.200869 4
0.071208 -0.060500 0.228052 0
-0.039474 0.155815 -0.669021 3
-0.292088 -0.028399 0.822836 4
-0.124086 -0.098207 0.414692 4
-0.212027 -0.076822 0.670688 4
0.373504 -0.165224 -0.025797 2
0.288668 -0.106678 -0.040348 2
-0.011147 0.067417 -0.155642 4
0.062283 -0.049627 0.172023 0
-0.012699 0.196310 -0.888990 1
0.226464 -0.053211 -0.089366 2
0.090618 -0.072547 0.294851 0
0.029411 -0.001908 -0.016135 0
0.174199 -0.046776 -0.099144 2
0.006846 0.021374 0.001517 0
-0.037372 0.174484 -0.675491 3
-0.249625 -0.074852 0.683498 4
0.418389 -0.185418 -0.034993 2
0.096712 -0.094851 0.363016 0
0.060366 0.049725 -0.280444 2
-0.167632 -0.094732 0.485652 4
-0.258441 -0.061676 0.764178 4
0.162586 -0.008242 -0.137373 2
-0.026893 0.029030 0.023422 4
0.045697 0.081143 -0.310821 2
-0.156739 0.187858 -0.615072 3
0.232190 -0.100291 -0.059640 2
0.129094 -0.012754 -0.166111 2
-0.000031 0.083266 -0.245224 4
-0.128940 -0.050282 0.444576 4
0.354737 -0.173824 -0.037411 2
-0.174452 -0.086563 0.584684 4
-0.147203 -0.073371 0.516965 4
-0.113227 -0.033629 0.370981 4
0.020539 0.087724 -0.377836 2
-0.066982 -0.006280 0.213417 4
0.002111 0.029650 -0.033933 0
-0.058078 0.008922 0.146802 4
0.019152 0.004208 0.071564 0
0.011443 -0.005289 -0.020621 4
-0.078616 0.177424 -0.608532 3
0.002673 -0.019054 0.044666 4
0.009286 0.113992 -0.406703 1
-0.000012 0.047855 -0.132672 4
-0.044158 -0.062400 0.199913 4
-0.023696 0.046644 -0.052314 4
-0.067951 -0.074006 0.251258 4
0.119328 0.028373 -0.198813 2
0.067228 -0.053507 0.200774 0
-0.019679 0.054852 -0.085125 4
0.053595 -0.035487 0.100786 0
-0.039984 0.016589 0.088092 4
-0.000023 0.042015 -0.098308 0
-0.104444 0.167300 -0.647839 3
0.070580 -0.045627 0.237802 0
0.032458 -0.010616 0.128697 0
-0.022936 -0.050012 0.147976 4
0.032854 0.077987 -0.346750 2
