0.084368 -0.023679 -0.153662 2
-0.106821 0.169251 0.807744 0
-0.179667 0.104125 -0.933435 1
0.278932 -0.363523 0.556211 2
-0.044053 0.180637 0.241081 0
-0.140109 0.068117 -0.526972 1
-0.038113 -0.125188 0.247101 2
0.307160 -0.243197 0.127325 2
-0.091943 0.121061 -0.019363 0
-0.085983 0.108134 0.555245 0
-0.124324 0.075930 -0.298890 1
-0.125534 -0.045774 -0.027861 2
-0.095187 0.049264 -0.731121 1
0.149745 -0.257283 0.343048 2
0.080703 -0.128840 0.059960 2
-0.015758 0.067685 0.173210 0
-0.109011 0.205273 0.609757 0
-0.013091 0.085225 0.407596 0
-0.120114 0.179514 -0.806518 1
-0.034968 0.097632 -0.157428 1
-0.059204 0.201209 0.394731 0
0.357519 -0.331237 0.327168 2
0.237360 -0.104522 -0.049327 2
-0.124190 -0.023937 -0.193159 2
0.034079 0.051391 -0.286471 2
-0.050966 0.070921 -0.408161 2
-0.075884 0.075550 0.283730 0
0.129083 -0.255795 0.488456 2
0.148550 -0.198546 0.189721 2
-0.073984 0.151817 0.134069 0
0.028961 -0.191471 0.374665 2
-0.047334 -0.083404 0.088625 2
0.005986 0.134269 0.056766 0
-0.107402 0.111430 0.431829 0
0.010751 -0.062906 -0.044622 2
-0.084877 0.132420 0.688913 0
-0.096670 0.190529 0.509062 0
-0.121412 0.094137 -0.644622 1
-0.102116 0.062854 -0.846842 1
0.249398 -0.325793 0.423042 2
-0.097184 0.088467 0.089489 0
-0.035666 0.057978 -0.022270 0
0.252104 -0.261717 0.255915 2
0.213567 -0.166182 0.073417 2
0.034655 -0.146348 0.166097 2
-0.058262 0.045300 -0.212401 1
-0.102653 0.136670 0.316404 0
-0.145333 0.036759 -0.381619 1
0.069068 -0.196420 0.268792 2
-0.109562 0.092443 -0.099884 0
-0.126424 0.189139 0.705680 0
-0.054202 0.026759 -0.321373 2
-0.033664 -0.026897 -0.141449 2
-0.161304 0.123219 -0.843691 1
-0.038694 0.091767 0.498090 0
0.127666 -0.070273 -0.067617 2
-0.107605 0.129065 0.215443 0
0.013268 0.089574 0.264882 0
-0.044146 0.203731 0.314625 0
-0.138747 0.001065 -0.282965 2
-0.115729 0.140794 0.593504 0
-0.024926 0.065540 0.067590 0
-0.078749 0.048932 -0.577195 1
-0.030636 0.117528 -0.075254 0
-0.094018 0.103108 -0.229587 1
-0.092789 0.086110 0.168827 0
0.007769 0.004395 -0.221244 2
-0.163627 0.073522 -0.782796 1
-0.141091 -0.038385 -0.110563 2
-0.127673 0.076299 -0.451525 1
0.192370 -0.322979 0.508825 2
0.097274 0.026295 -0.221151 2
0.157601 -0.115625 0.008887 2
-0.117817 0.140710 0.483678 0
0.178434 -0.029664 -0.126354 2
-0.095807 0.109781 -0.901792 1
-0.142366 0.048371 -0.916378 1
-0.014559 0.167886 0.179459 0
-0.001314 0.103941 -0.002902 0
-0.067925 -0.090434 0.170827 2
-0.097535 0.093921 -0.366179 1
-0.064832 0.143115 0.071682 0
0.346241 -0.351222 0.415403 2
0.152631 -0.291185 0.427882 2
-0.081780 0.084751 0.348532 0
0.332456 -0.287328 0.204674 2
-0.012973 0.086643 0.329303 0
-0.065507 0.068314 -0.488840 1
-0.151689 0.086613 -0.715776 1
-0.091306 0.156539 0.742159 0
-0.054542 0.093692 -0.281125 1
-0.105987 0.075417 -0.157284 1
0.002240 -0.092824 0.035845 2
-0.045129 0.061414 -0.094519 0
-0.083364 0.046968 -0.650287 1
0.090021 -0.237913 0.411376 2
-0.061824 0.122316 0.615684 0
-0.068011 0.008181 -0.252877 2
-0.048612 0.072320 0.227966 0
0.011152 -0.168128 0.300604 2
-0.093004 0.165561 0.369259 0
-0.119083 0.163868 0.670717 0
-0.007301 0.155355 0.105027 0
0.104996 -0.162755 0.129463 2
0.167686 -0.231400 0.262161 2
-0.087804 0.074096 0.021513 0
0.267637 -0.308796 0.346518 2
-0.086929 0.188665 0.450876 0
-0.051495 -0.061892 -0.006058 2
-0.106213 -0.046386 0.035419 2
0.266747 -0.162531 0.018449 2
0.005094 0.093368 0.112825 0
0.217631 -0.203255 0.152945 2
-0.088015 0.075497 -0.788053 1
-0.091950 0.093457 -0.560184 1
-0.077578 -0.042033 -0.080740 2
0.074145 -0.091133 -0.017275 2
-0.144297 0.067934 -0.591002 1
-0.169119 0.083740 -0.870669 1
-0.090817 0.105079 0.495769 0
0.061931 -0.051938 -0.095730 2
-0.019178 0.067603 -0.353834 2
0.016753 -0.121968 0.101161 2
0.308740 -0.360174 0.490183 2
-0.089583 0.129032 -0.851216 1
-0.051559 0.138050 0.017293 0
0.017151 -0.157537 0.234365 2
-0.089965 0.207481 0.552749 0
-0.092091 0.158968 -0.826745 1
-0.100394 0.172465 0.827585 0
0.343542 -0.294464 0.219037 2
-0.014339 0.184110 0.209993 0
-0.137328 -0.016211 -0.249184 2
-0.071209 -0.086011 0.157700 2
-0.044053 0.113700 0.553506 0
0.217204 -0.057647 -0.095517 2
0.089036 -0.234179 0.463323 2
-0.081724 0.046035 -0.561849 1
-0.079260 0.056470 -0.065509 0
0.340173 -0.369889 0.492531 2
0.076579 0.047331 -0.269333 2
-0.105011 0.208846 0.604442 0
-0.154661 0.051240 -0.935865 1
0.004750 0.119243 0.080862 0
-0.002917 0.083144 0.390355 0
-0.053692 0.208429 0.357607 0
-0.055942 0.100376 -0.412397 2
0.283494 -0.185415 0.035071 2
-0.010650 -0.154795 0.321780 2
-0.145716 -0.037741 -0.091945 2
-0.075689 0.211266 0.480981 0
-0.091871 0.064656 -0.194355 1
0.024361 0.099393 0.222726 0
-0.153192 0.032307 -0.377122 1
-0.088726 0.137772 0.713025 0
0.216188 -0.295801 0.526074 2
-0.109077 -0.044905 0.027101 2
0.366630 -0.343761 0.357232 2
-0.054084 0.064537 -0.292617 1
-0.142435 0.081569 -0.841729 1
-0.130758 0.192516 0.706806 0
0.142196 0.006271 -0.177169 2
0.001303 0.163059 0.135790 0
-0.022853 0.098884 0.473834 0
-0.058588 0.130186 0.634678 0
-0.041495 0.203293 0.274867 0
-0.041491 0.098678 0.154876 0
-0.021596 0.094212 0.299767 0
0.317750 -0.246749 0.119518 2
0.261313 -0.121971 -0.037647 2
-0.032887 0.056194 -0.128459 1
0.008481 0.080560 -0.344612 2
-0.132367 0.109261 -0.942300 1
-0.142995 -0.033002 -0.170162 2
-0.200263 0.092188 -0.901972 1
-0.046435 -0.112956 0.237150 2
0.034407 -0.190661 0.392597 2
-0.091268 0.162366 0.761810 0
0.274319 -0.357168 0.556367 2
-0.057398 0.206199 0.424373 0
-0.086683 0.213344 0.542401 0
-0.122896 0.076516 -0.290716 1
-0.104133 0.049877 -0.338061 2
-0.138044 0.005325 -0.316923 2
-0.036352 0.093924 0.239068 0
-0.089975 -0.055109 0.091089 2
0.021120 0.110951 0.156426 0
0.364086 -0.325718 0.286310 2
-0.126922 0.121596 -0.812686 1
-0.108854 0.051913 -0.892885 1
-0.075632 0.047326 -0.240443 1
0.145670 -0.263191 0.496505 2
0.351543 -0.355216 0.425762 2
-0.057134 0.075854 -0.355884 1
-0.125647 -0.039066 -0.028791 2
-0.124287 0.178733 0.773674 0
-0.141010 0.061882 -0.419280 1
0.179786 -0.020629 -0.136525 2
-0.108319 0.201765 0.656662 0
0.022889 0.091486 0.275069 0
-0.106625 0.111325 -0.854126 1
0.009474 0.081830 0.343752 0
-0.085258 0.058426 -0.121533 1
-0.067696 0.146109 0.665806 0
-0.053509 0.128294 0.588222 0
0.000897 0.151532 0.087675 0
-0.047401 0.047120 -0.173602 1
0.105903 0.032606 -0.227014 2
-0.018277 0.091888 0.426561 0
-0.112209 0.147224 -0.787828 1
-0.108506 0.071067 -0.934766 1
0.038592 0.060463 -0.308420 2
-0.004985 0.172870 0.177647 0
-0.036620 0.100916 0.520112 0
-0.030046 0.193393 0.243860 0
-0.096265 0.046589 -0.282010 1
-0.032681 0.103781 0.111612 0
-0.185454 0.101001 -0.942142 1
-0.049076 0.207608 0.310221 0
-0.119363 0.183431 -0.816751 1
0.331947 -0.273715 0.165414 2
-0.064174 0.068014 -0.398310 1
0.300216 -0.216841 0.074365 2
-0.012426 0.097791 0.188600 0
-0.060055 0.059139 -0.028644 0
0.238354 -0.089730 -0.066279 2
-0.027788 -0.135423 0.279506 2
-0.021829 0.090450 -0.374341 2
0.273095 -0.156197 -0.000569 2
-0.080216 0.160649 0.729822 0
-0.188800 0.071697 -0.935979 1
0.307871 -0.371129 0.528404 2
0.055846 -0.215209 0.426869 2
-0.093850 0.174718 0.786086 0
-0.102975 0.067987 -0.241784 1
0.016623 0.116209 0.117263 0
0.010183 -0.179103 0.357177 2
-0.143399 -0.019115 -0.212743 2
-0.143767 -0.029607 -0.135301 2
-0.061998 -0.095162 0.196542 2
-0.090688 0.061078 -0.159258 1
-0.108967 0.054479 -0.372505 1
-0.144101 0.108777 -0.845808 1
-0.048978 0.207149 0.394285 0
-0.067179 0.046919 -0.203111 1
-0.043357 0.094512 0.202398 0
-0.074352 0.215622 0.510702 0
-0.136466 -0.008239 -0.283043 2
-0.098431 0.170798 -0.793566 1
-0.088515 0.213609 0.579338 0
-0.057163 0.212249 0.450855 0
-0.015822 0.093136 0.141149 0
0.259831 -0.324791 0.543970 2
-0.053582 0.054318 -0.083105 0
-0.142331 0.018843 -0.347242 2
-0.134390 -0.036134 -0.062618 2
