-0.145452 0.024659 0.715632 0
-0.064319 0.144401 -0.913525 2
0.326884 -0.306078 0.171790 1
-0.077751 0.127000 0.070289 0
-0.069240 0.085224 -0.383640 2
0.134782 -0.061569 0.424179 3
0.032906 -0.072402 -0.028825 1
-0.113724 0.128731 0.376714 0
-0.059439 0.089910 -0.611723 2
0.006760 -0.046097 0.327224 0
-0.034336 0.075102 -0.100654 0
0.199307 -0.109660 -0.156039 1
0.033367 -0.036755 0.133740 0
-0.061145 -0.007779 0.557863 0
-0.013358 0.049355 -0.221124 0
0.153996 -0.204676 0.164881 1
-0.207468 0.037515 0.868821 0
0.096547 -0.031655 0.285503 3
-0.142684 0.126280 0.542592 0
-0.029075 -0.006358 -0.208205 1
-0.088101 0.100756 0.235507 0
0.189497 -0.175929 0.017108 1
0.075115 -0.003711 -0.295579 1
-0.107114 0.132409 -0.775841 2
0.046083 0.016005 0.154791 3
-0.038374 0.063303 -0.468798 2
-0.032477 -0.009099 0.426083 0
-0.039870 0.025010 0.187962 0
-0.059071 0.042889 0.037592 0
0.083207 -0.075233 -0.124908 1
-0.058288 0.045822 -0.121649 0
0.258710 -0.291913 0.241534 1
0.027701 -0.005301 0.017209 0
-0.082840 0.170067 -0.875661 2
-0.057385 0.106467 -0.009850 0
-0.051948 0.033676 -0.345388 1
-0.065772 0.060473 -0.274280 0
-0.117993 0.028920 0.613497 0
0.008712 0.038243 0.070363 3
-0.080391 0.065373 0.344257 0
-0.115388 0.071302 0.494011 0
-0.193981 0.079428 0.755480 0
0.104023 -0.142958 0.058637 1
0.300194 -0.252916 0.069201 1
0.023970 -0.053516 0.227228 0
-0.162733 0.108521 0.645647 0
0.228130 -0.236034 0.118489 1
-0.044384 0.032692 -0.035316 0
-0.013152 0.056191 -0.155532 0
0.252196 -0.188550 -0.032138 1
-0.067649 0.066487 0.095187 0
-0.001772 0.045147 -0.385450 1
-0.042443 0.023033 0.266637 0
-0.012081 -0.029632 -0.122200 1
-0.073351 0.102975 -0.567660 2
0.113660 -0.055137 0.362915 3
0.012542 0.001722 -0.279468 1
0.106818 -0.053979 -0.203043 1
-0.080684 0.122871 0.150930 0
-0.104988 0.132373 0.284974 0
0.160818 -0.128324 -0.072287 1
-0.071407 0.121409 -0.823983 2
-0.017662 0.050585 0.001876 0
0.015381 0.011440 -0.058211 0
0.075963 -0.029696 0.234310 3
0.098457 -0.114125 -0.030428 1
-0.057590 0.107347 -0.695840 2
-0.073507 0.030410 0.464817 0
-0.034235 0.003315 0.350026 0
-0.075444 0.077927 -0.427849 2
-0.023413 0.006047 0.137725 0
-0.064314 0.055825 -0.197556 0
0.045298 -0.026199 0.172395 3
-0.070742 0.070137 0.200077 0
-0.130082 0.129315 0.441694 0
-0.006118 -0.021511 0.254443 0
-0.011682 0.023871 -0.148565 0
0.001980 -0.008320 0.073904 0
-0.166735 0.026267 0.794616 0
-0.058927 0.073942 -0.042065 0
0.263306 -0.281584 0.186897 1
-0.031986 0.059789 -0.319881 0
-0.112751 0.157463 -0.882966 2
0.034086 -0.034047 -0.184743 1
-0.052113 0.076300 -0.201748 0
0.165237 -0.198802 0.109588 1
0.028774 0.010870 0.043163 3
-0.041337 0.010282 -0.274440 1
-0.057462 0.072567 -0.126400 0
-0.072278 0.082159 0.135225 0
-0.128390 0.152146 -0.922303 2
-0.152070 0.086217 0.602439 0
-0.104324 0.080201 0.427680 0
-0.066780 0.053268 0.292751 0
-0.131872 0.067057 0.554051 0
-0.025865 0.057376 -0.272002 0
-0.001909 0.037172 -0.041113 0
-0.034550 0.078348 -0.452365 2
0.326906 -0.328535 0.229964 1
-0.022620 0.019166 -0.070591 0
-0.173925 0.069291 0.708294 0
0.142941 -0.094809 -0.136283 1
-0.112640 0.015348 0.669465 0
0.201323 -0.245761 0.207192 1
-0.028555 -0.017413 0.479800 0
0.041909 -0.007128 0.110557 3
-0.066800 0.080498 0.023305 0
-0.002914 -0.044609 0.382484 0
-0.075967 0.098442 -0.509690 2
-0.069822 0.106370 0.041334 0
0.041854 -0.068432 -0.077467 1
0.285287 -0.265181 0.119779 1
0.135145 -0.152159 0.025539 1
-0.156713 0.058073 0.661487 0
-0.020893 0.011684 0.024088 0
-0.053824 0.114575 -0.773872 2
0.243307 -0.214688 0.046901 1
-0.042766 0.089423 -0.049822 0
-0.066629 0.062533 -0.326822 0
-0.062231 0.074408 -0.253733 0
-0.071577 0.040496 0.409833 0
-0.133148 0.113683 0.499198 0
-0.089550 0.119233 -0.674228 2
-0.103867 0.106769 0.341237 0
0.213180 -0.148167 -0.082003 1
-0.096939 0.031826 0.538967 0
0.116249 -0.165453 0.113187 1
-0.008229 0.023939 -0.335984 1
0.010984 -0.052169 0.346752 0
-0.099336 0.160116 -0.940323 2
0.211038 -0.122381 -0.145870 1
-0.212161 0.034148 0.874404 0
-0.026093 0.075985 -0.093076 0
-0.061831 0.097553 -0.544540 2
0.309996 -0.335646 0.267441 1
-0.136684 0.134699 0.501452 0
0.145562 -0.062340 0.424010 3
0.073055 -0.121048 0.060608 1
-0.079892 0.132134 0.095245 0
-0.046041 0.006217 -0.248517 1
0.034008 -0.042546 0.149178 0
-0.108338 0.143289 0.289433 0
-0.036479 -0.020414 0.505713 0
0.311342 -0.259331 0.070986 1
-0.129300 0.024151 0.708385 0
0.058996 0.011730 0.190813 3
0.076670 0.002160 -0.310181 1
-0.006634 -0.036175 -0.099026 1
0.173911 -0.223715 0.192874 1
0.093195 -0.040276 0.331903 3
-0.060668 0.065815 -0.400639 2
-0.083526 0.172679 -0.863309 2
-0.058695 0.110547 -0.013070 0
-0.079795 0.007493 0.604488 0
0.037352 -0.007885 0.021057 0
-0.190994 0.093570 0.742639 0
0.016466 0.033922 0.102316 3
-0.156466 0.120903 0.620877 0
0.000403 0.040707 -0.137906 0
0.024020 -0.055652 0.250006 0
-0.121344 0.141615 0.391818 0
-0.085084 0.135425 0.190112 0
-0.009109 -0.038710 0.427368 0
0.260624 -0.192246 -0.035688 1
0.336947 -0.314202 0.179651 1
-0.062454 0.058853 -0.317805 0
0.144906 -0.055971 -0.221009 1
-0.022829 0.051404 0.000479 0
0.017814 0.045154 -0.387351 1
0.070796 -0.033413 0.274648 3
0.036680 -0.019303 0.180391 3
0.022951 0.013342 -0.059202 0
-0.161000 0.027121 0.781127 0
0.033636 -0.074553 -0.018503 1
0.245828 -0.275324 0.230475 1
-0.027790 -0.015479 -0.172121 1
-0.035204 0.083068 -0.458369 2
-0.048969 0.027919 -0.328279 1
0.115319 -0.053391 0.384676 3
0.117252 -0.168686 0.127816 1
-0.064294 0.151443 -0.880326 2
-0.071466 0.122422 0.038991 0
0.026751 -0.010230 0.078909 0
-0.004901 0.044391 0.050084 3
0.058733 -0.033225 0.228381 3
-0.103586 0.015337 0.658163 0
-0.208743 0.064540 0.808925 0
0.087170 -0.011606 0.268137 3
-0.056432 -0.010298 0.554216 0
-0.076036 0.129564 -0.900493 2
-0.042147 0.093718 -0.048014 0
-0.142696 0.128610 0.560509 0
-0.171008 0.109781 0.679850 0
0.015604 -0.056677 0.301709 0
0.037099 0.024480 0.147784 3
-0.083898 0.068631 -0.431634 1
-0.135363 0.140418 0.446794 0
-0.098676 0.139967 0.236115 0
0.030875 -0.051559 0.200641 0
-0.012815 0.062071 -0.125798 0
0.326412 -0.287834 0.125238 1
-0.182139 0.028325 0.825735 0
-0.082317 0.133833 0.143313 0
-0.025913 0.051695 -0.040688 0
-0.109335 0.143922 0.336830 0
-0.003745 -0.044799 0.389002 0
0.031170 -0.013989 0.134083 3
-0.019405 -0.029472 0.464507 0
0.230635 -0.153461 -0.092113 1
0.332752 -0.332218 0.230216 1
-0.074621 0.090741 -0.461404 2
0.288087 -0.228493 0.021595 1
-0.012667 0.044062 -0.073007 0
0.114638 -0.036400 0.337016 3
-0.128448 0.151844 -0.927435 2
0.134708 -0.084824 0.442660 3
0.106913 -0.024223 -0.265236 1
-0.067249 0.047929 -0.380862 1
-0.037591 0.051097 -0.341304 2
0.180386 -0.091769 -0.174980 1
0.072790 -0.000196 0.227930 3
-0.054737 0.081540 -0.423573 2
-0.093691 0.149135 -0.887375 2
0.016855 -0.054355 -0.062618 1
-0.144851 0.029691 0.745371 0
0.079945 -0.035784 0.301564 3
0.144693 -0.197845 0.162232 1
-0.071702 0.164169 -0.878501 2
-0.092811 0.152479 -0.860459 2
0.030876 0.003499 -0.023443 0
-0.016058 -0.026998 -0.133881 1
0.054310 -0.098150 0.019201 1
-0.059381 0.146551 -0.921129 2
0.100644 -0.023617 0.300844 3
0.044668 0.024761 -0.352652 1
-0.016444 0.046790 -0.113917 0
-0.048991 0.016058 -0.286965 1
-0.050003 0.068259 -0.437955 2
0.125047 -0.056604 0.409394 3
-0.039160 -0.003160 -0.212222 1
-0.029104 0.080448 -0.064216 0
0.206565 -0.246917 0.210628 1
-0.010418 0.061887 -0.416178 1
0.278667 -0.302268 0.246830 1
-0.073020 0.127244 0.067037 0
-0.065509 -0.004896 0.582716 0
-0.062764 0.117490 0.012597 0
0.061551 -0.029912 0.249831 3
0.035190 -0.016826 0.057452 0
0.158129 -0.095584 0.434374 3
0.026609 -0.012513 0.107821 3
-0.090037 0.001971 0.638230 0
-0.201979 0.081916 0.775319 0
-0.015833 0.046468 0.028902 3
0.089969 -0.141259 0.093090 1
0.005736 0.038913 0.078118 3
