0.043469 0.074076 0.033754 0
-0.008457 0.147301 -0.944712 2
-0.335042 -0.285814 0.723134 1
0.102115 0.041744 0.489988 0
0.121122 0.050393 -0.390416 3
-0.197069 0.027837 0.343639 1
0.292478 -0.184413 -0.039157 3
0.034116 0.076999 0.271258 0
-0.011652 0.116760 -0.207584 2
-0.208248 -0.141821 0.564822 1
-0.053270 0.000580 0.212052 1
-0.000723 0.124093 -0.647859 2
0.128509 -0.053012 -0.177053 3
-0.078444 0.114601 0.059152 1
-0.076493 -0.071187 0.359972 1
-0.030353 0.071760 -0.052871 1
0.062470 0.026444 0.181344 0
0.263662 -0.093922 -0.232934 3
0.085245 0.035579 0.388046 0
-0.001118 0.101554 -0.341134 2
-0.139744 -0.086361 0.465465 1
0.006755 0.124824 -0.498933 2
-0.153853 0.070315 0.230006 1
-0.243612 -0.041875 0.449885 1
-0.298148 -0.179638 0.613308 1
0.008540 0.000859 0.120466 1
0.015610 0.145421 -0.799731 2
0.037260 0.090409 -0.079284 0
0.001099 0.117415 0.087924 0
0.081773 0.008710 -0.300035 3
0.219755 -0.122331 -0.124969 3
-0.277115 -0.105766 0.532714 1
-0.103554 0.091255 0.154952 1
0.045577 0.045309 -0.405422 3
0.013795 0.094904 0.191544 0
0.181761 -0.021271 -0.295523 3
-0.040904 0.051698 0.036160 1
-0.095839 -0.005996 0.275321 1
-0.019072 0.116680 -0.021229 0
0.026190 0.026858 0.015362 1
0.033369 0.078521 -0.253154 2
-0.059029 0.034801 0.129352 1
0.020226 0.062781 -0.120814 0
-0.139441 -0.033550 0.374698 1
0.066742 0.029339 0.244817 0
0.018749 0.183518 -0.897831 2
0.084012 0.033753 0.326010 0
0.049562 0.032120 0.117989 0
-0.289427 -0.240504 0.680701 1
-0.241323 -0.190274 0.624395 1
-0.196739 -0.095853 0.492820 1
0.298137 -0.149638 -0.129692 3
0.029005 0.110158 -0.411885 2
0.037332 0.107432 -0.567802 2
0.191764 -0.069448 -0.214107 3
0.081907 0.054212 0.430423 0
-0.198230 -0.032058 0.406609 1
-0.153333 0.021173 0.297891 1
-0.022518 0.126900 -0.133968 2
-0.096101 -0.086638 0.420811 1
-0.036549 -0.037332 0.279336 1
0.071388 0.094041 -0.464194 3
0.033736 0.112245 -0.715171 2
-0.104066 0.039372 0.208660 1
0.034977 0.088996 0.140678 0
0.010497 0.126107 -0.861238 2
0.228622 -0.140780 -0.054291 3
-0.015297 0.003561 0.167886 1
-0.064285 0.112784 0.007211 1
-0.246845 -0.160030 0.570952 1
0.039678 0.077764 -0.019730 0
0.170524 -0.101766 -0.099464 3
-0.014372 0.106413 -0.068311 0
-0.008652 0.120385 0.039059 0
0.089192 -0.014340 -0.230513 3
-0.113460 -0.022362 0.325889 1
0.127145 0.008696 -0.328888 3
0.034945 0.095915 -0.160694 2
0.039047 0.086081 0.074274 0
0.026792 0.049935 -0.043283 1
0.133518 -0.024468 -0.264730 3
0.030061 0.039324 0.073377 0
-0.231126 -0.115991 0.520569 1
0.251961 -0.111906 -0.174022 3
0.002458 0.122649 -0.305032 2
0.075349 0.044322 0.270779 0
0.058120 0.065283 0.341469 0
0.025938 0.073633 -0.469600 3
-0.083094 0.087192 0.110772 1
0.016733 0.008942 0.067247 1
-0.168991 -0.115310 0.524868 1
-0.010418 0.092460 -0.238334 2
0.059804 0.062195 0.193420 0
-0.085097 0.043218 0.166248 1
0.029565 0.072140 -0.199398 2
-0.038087 0.037251 0.088590 1
-0.022533 0.076934 -0.102602 1
-0.066185 -0.047671 0.312196 1
-0.321495 -0.218932 0.656804 1
0.077666 0.031711 -0.359382 3
-0.045864 0.105993 -0.039556 1
0.177793 -0.088362 -0.163089 3
0.232652 -0.054204 -0.281203 3
0.261795 -0.156155 -0.087261 3
-0.176366 -0.065318 0.445375 1
0.044022 0.076857 0.223122 0
-0.015494 0.084339 -0.165058 2
-0.127149 0.086794 0.186857 1
0.038025 0.097281 -0.330625 2
0.058287 0.059270 0.119663 0
0.014569 0.114199 -0.241097 2
0.178802 0.012544 -0.342878 3
0.007571 0.102631 -0.442363 2
-0.014181 0.052379 -0.007400 1
-0.148071 -0.056075 0.420991 1
-0.128782 0.029592 0.258603 1
-0.004445 0.107581 -0.390620 2
0.015488 0.170108 -0.948167 2
0.038910 0.049520 0.025531 0
0.050696 0.069679 0.306437 0
-0.000158 0.118649 -0.541466 2
-0.264693 -0.213605 0.635787 1
0.011327 0.107736 0.003468 0
0.084224 0.052670 -0.406174 3
0.042967 0.096180 -0.506066 3
-0.293024 -0.140867 0.578668 1
-0.248004 -0.079007 0.487658 1
-0.021245 -0.008080 0.221791 1
0.037423 0.120836 -0.574591 2
-0.341393 -0.299639 0.739928 1
0.109325 0.034078 0.502920 0
-0.078490 0.122907 0.027050 1
0.312308 -0.187233 -0.051218 3
-0.106236 -0.094266 0.443264 1
0.075205 0.024192 0.273716 0
0.043276 0.079812 -0.223976 2
-0.014911 0.159878 -0.960008 2
-0.283024 -0.104918 0.534561 1
-0.156860 0.077810 0.225023 1
0.228571 -0.042465 -0.299074 3
-0.010622 -0.010998 0.212248 1
0.046288 0.025903 -0.360917 3
0.035161 0.046998 -0.047128 1
0.057077 0.065339 0.375680 0
0.143233 -0.079977 -0.125295 3
-0.002299 0.118241 0.120258 0
-0.228000 -0.012346 0.402815 1
0.037323 0.113114 -0.729831 2
-0.177141 -0.126544 0.545551 1
-0.056560 -0.066781 0.326487 1
0.020736 0.001193 0.092024 1
-0.268194 -0.211399 0.653652 1
0.128213 0.062303 -0.400672 3
-0.101915 0.102502 0.139252 1
0.298685 -0.131998 -0.181699 3
-0.016835 0.130739 -0.158611 2
0.081145 -0.011232 -0.234115 3
0.015169 0.199028 -0.880848 2
-0.193501 0.042802 0.312212 1
0.062402 0.024587 0.191798 0
-0.045596 0.127357 -0.059054 1
-0.013565 0.125499 0.033571 0
0.012843 0.096770 0.207553 0
0.029855 0.067490 -0.472423 3
0.218764 -0.135086 -0.057884 3
0.037853 0.073940 0.306970 0
0.039398 0.035003 0.122260 0
-0.220578 -0.168698 0.601045 1
0.095510 0.033528 0.444585 0
-0.328669 -0.226304 0.664859 1
0.013878 0.061463 0.016656 0
0.064725 0.108995 -0.482326 3
-0.258146 -0.054196 0.467993 1
-0.307123 -0.158379 0.604072 1
0.008379 0.127015 -0.301952 2
-0.026958 0.060660 -0.030801 1
0.041205 0.068303 -0.148981 2
-0.078582 -0.081811 0.386942 1
0.087137 0.029399 0.348099 0
-0.032135 -0.033956 0.273933 1
-0.138929 -0.106848 0.498363 1
-0.014176 0.074661 -0.135978 2
0.005885 -0.000371 0.152739 1
-0.007158 0.131236 -0.225646 2
0.180770 0.017536 -0.350007 3
-0.083055 0.114524 0.083743 1
-0.014145 0.100387 -0.088649 0
0.027620 0.074765 0.262608 0
0.318007 -0.163477 -0.116079 3
-0.127777 0.091496 0.182185 1
0.054159 0.014949 -0.296039 3
0.260983 -0.089050 -0.243071 3
-0.018549 0.118812 -0.009418 0
0.013978 0.139228 -0.890452 2
0.024769 0.046584 0.072901 0
-0.309083 -0.266292 0.707512 1
0.108007 -0.039322 -0.174221 3
0.070158 0.021010 0.234752 0
-0.210417 0.018493 0.361254 1
0.078792 0.030940 0.308078 0
-0.174646 0.057150 0.269208 1
0.029103 0.014150 0.037220 1
-0.065105 0.129896 -0.020107 1
0.089737 0.030385 0.408609 0
-0.004792 0.122780 0.074375 0
0.269585 -0.161742 -0.037394 3
0.047615 0.091643 -0.507371 3
0.026650 0.121402 -0.934052 2
0.006607 0.072482 -0.029331 0
0.006865 0.107311 0.165400 0
0.040765 0.043260 -0.414902 3
0.027965 0.159886 -0.951752 2
0.045894 0.070774 0.341424 0
0.181853 -0.107302 -0.090417 3
0.095175 0.048754 0.466710 0
0.054787 0.025578 0.158544 0
0.015959 0.106630 -0.482369 2
0.069829 0.060853 0.413817 0
0.099595 0.083723 -0.442865 3
-0.242721 -0.192971 0.630065 1
-0.292219 -0.235374 0.681236 1
0.022154 0.174698 -0.904795 2
0.032433 0.033733 -0.002288 1
-0.335582 -0.271847 0.704654 1
0.038564 0.128774 -0.522012 2
0.011953 0.095562 -0.514686 2
0.004024 0.129590 -0.260917 2
-0.243616 -0.028382 0.434085 1
-0.017148 0.105813 -0.033546 0
-0.197764 -0.142707 0.571661 1
-0.294345 -0.131966 0.572206 1
-0.271167 -0.081418 0.501436 1
-0.317383 -0.193588 0.638796 1
0.087704 0.028376 0.377483 0
-0.025997 0.130248 -0.124973 2
-0.123120 -0.094571 0.469230 1
-0.023491 -0.015669 0.240886 1
0.012982 -0.003364 0.123170 1
-0.088687 -0.089748 0.416443 1
-0.042886 -0.051628 0.302301 1
-0.159930 -0.109255 0.518468 1
-0.066575 -0.080673 0.360995 1
-0.031592 0.125826 -0.084024 1
-0.003631 -0.004655 0.183387 1
-0.088829 0.107240 0.115436 1
0.033446 0.060431 -0.021293 0
0.155172 0.041936 -0.374189 3
-0.010163 0.130666 -0.186405 2
0.201760 -0.009493 -0.328430 3
0.028836 0.077473 0.283573 0
-0.114132 0.098577 0.161582 1
0.044241 0.023589 -0.328272 3
-0.141198 0.082020 0.207398 1
0.045017 0.071705 -0.178263 2
0.318847 -0.177543 -0.080870 3
0.017364 0.051590 0.045490 0
