0.032369 0.092890 -0.183998 2
0.254318 0.158838 0.534833 2
-0.303746 -0.429978 0.647492 3
-0.049894 0.177561 -0.918915 1
-0.119175 0.010226 0.244806 3
0.143069 0.060093 0.237033 2
0.184513 -0.042851 -0.430933 0
-0.016081 0.136949 -0.590150 1
0.067034 0.056536 0.058253 2
-0.167826 -0.199280 0.488528 3
0.177867 0.126956 0.373956 2
0.018899 0.121664 -0.387816 1
-0.058279 0.078419 0.071040 3
0.014578 0.034397 -0.018780 3
-0.096041 -0.131335 0.366537 3
0.074716 0.102069 0.144288 2
-0.034492 -0.033405 0.202222 3
-0.253643 -0.276105 0.535452 3
0.081562 0.081607 -0.517420 0
0.220929 -0.102406 -0.284645 0
-0.018808 0.163772 -0.760820 1
0.105261 -0.008036 -0.343367 0
0.065019 0.092838 -0.080711 2
-0.189245 -0.098744 0.383040 3
0.122909 0.134575 0.285397 2
0.220302 0.138732 0.451711 2
0.008947 0.105884 -0.277631 3
-0.015761 0.115037 -0.112718 3
0.006016 0.133669 -0.494474 1
-0.083923 0.051462 0.160734 3
-0.063632 -0.064044 0.285929 3
0.058266 0.034845 -0.425454 0
-0.220897 -0.180808 0.455589 3
-0.006616 0.003787 0.105748 3
0.098541 0.030175 0.133991 2
0.087630 0.116555 0.206460 2
0.173744 0.087006 0.326722 2
-0.139257 -0.065658 0.322126 3
-0.036643 0.097447 -0.008108 3
0.125496 0.047122 0.182633 2
-0.256179 -0.348188 0.606338 3
0.119294 0.009499 -0.434943 0
-0.144989 -0.143329 0.416089 3
0.168097 -0.065823 -0.326907 0
-0.036436 0.215353 -0.890184 1
0.061067 0.101758 -0.017622 2
-0.208602 -0.260524 0.543607 3
0.075299 0.099847 0.078535 2
0.030460 0.124027 -0.565541 0
0.024582 0.050144 -0.113424 3
0.154106 0.085891 0.274009 2
-0.002454 0.141897 -0.672680 1
-0.032341 0.152815 -0.823542 1
0.223333 -0.087626 -0.367894 0
0.056165 0.073526 -0.123599 2
-0.084401 -0.017363 0.219879 3
-0.054173 0.017408 0.130605 3
0.034645 0.062400 -0.498122 0
-0.004445 0.032247 0.038321 3
0.117955 0.117335 0.241855 2
0.000455 0.100011 -0.214657 3
0.145852 0.130129 0.343517 2
0.104758 0.081060 0.117194 2
0.207868 0.119806 0.413764 2
-0.099646 -0.078753 0.312354 3
-0.001013 0.119768 -0.428489 1
0.118618 0.093606 0.188751 2
-0.004391 0.109007 -0.163758 3
-0.015206 0.067752 -0.060169 3
0.231134 0.154331 0.493025 2
-0.281315 -0.329477 0.579431 3
0.029084 0.104596 -0.327301 1
0.047925 0.075751 -0.033909 2
0.038465 0.094473 -0.245127 2
-0.182940 -0.167085 0.440974 3
-0.037265 0.030662 0.076229 3
0.093286 0.070962 0.053286 2
0.141345 -0.028995 -0.378924 0
-0.152409 -0.104823 0.369701 3
-0.020309 -0.019787 0.152827 3
-0.222198 -0.231708 0.498066 3
-0.000284 0.119684 -0.531708 1
-0.025853 0.109101 -0.056191 3
0.078862 0.045647 -0.470765 0
0.108837 0.093023 0.151045 2
-0.022839 0.053649 -0.006513 3
-0.142811 -0.016413 0.278672 3
0.150022 0.001485 -0.467786 0
-0.067010 -0.006139 0.178249 3
0.183317 -0.057120 -0.375770 0
0.020131 0.041188 -0.065640 3
-0.172347 -0.065527 0.339960 3
-0.073914 0.068555 0.111648 3
0.080804 0.046176 0.097501 2
-0.103898 -0.035063 0.263717 3
0.066738 0.100935 0.024020 2
0.089749 0.012818 -0.397075 0
-0.043025 -0.044076 0.244650 3
-0.096933 0.026733 0.208476 3
0.062211 0.086870 0.118123 2
0.102933 0.062690 0.092841 2
0.077064 0.058001 0.018672 2
0.055625 0.084214 0.075947 2
0.185507 0.097509 0.354788 2
0.152390 0.113472 0.295203 2
0.042963 0.080626 -0.076257 2
0.114366 0.035445 0.159927 2
-0.205138 -0.139331 0.415856 3
-0.027552 0.147888 -0.705708 1
0.193462 0.139411 0.435505 2
0.087369 0.105903 0.172857 2
0.204786 -0.089646 -0.327700 0
-0.283002 -0.385552 0.616745 3
-0.114760 -0.150032 0.405250 3
0.054447 0.081870 -0.516294 0
-0.243064 -0.314059 0.565458 3
0.005305 0.131613 -0.252724 3
-0.042444 0.073514 0.034995 3
0.114809 0.046607 -0.492792 0
0.031708 0.069609 -0.200585 3
0.007185 0.133984 -0.623464 1
-0.194287 -0.217008 0.496696 3
-0.030497 0.172526 -0.881137 1
0.033294 0.107746 -0.157675 2
-0.121958 -0.108582 0.363139 3
0.136073 -0.040433 -0.316093 0
0.032492 0.110680 -0.292187 2
0.017680 0.070295 -0.158462 3
0.184582 0.086171 0.354140 2
-0.052768 0.180157 -0.923838 1
-0.315935 -0.450107 0.667965 3
-0.009731 0.124817 -0.163522 3
-0.066221 -0.089076 0.314918 3
0.209769 -0.069584 -0.406111 0
0.105743 0.028919 0.149894 2
0.264581 0.166088 0.555072 2
-0.008842 0.150923 -0.564820 1
-0.231966 -0.180037 0.460419 3
-0.060955 0.084199 0.069395 3
0.095409 0.126599 0.228784 2
0.030224 0.096476 -0.321193 1
-0.171164 -0.056113 0.330286 3
0.198429 0.142586 0.453169 2
0.013437 0.031766 -0.005481 3
-0.127479 -0.170397 0.440287 3
-0.238113 -0.316439 0.585972 3
0.105510 0.059722 -0.502901 0
-0.026300 0.169817 -0.727055 1
-0.096829 0.036500 0.201940 3
0.123603 -0.029491 -0.318031 0
0.051978 0.075957 0.049997 2
-0.021404 -0.034461 0.180729 3
0.056771 0.031160 -0.413806 0
0.133527 0.037701 0.223994 2
0.215511 -0.092745 -0.285806 0
0.155671 0.060447 0.289860 2
-0.183690 -0.227630 0.518083 3
0.072052 0.101424 0.169667 2
0.034362 0.065438 -0.207459 3
0.128472 0.133383 0.303185 2
-0.000872 0.015851 0.085648 3
-0.038465 0.108256 -0.021632 3
0.025958 0.043456 -0.088862 3
0.166869 0.128441 0.394968 2
-0.293125 -0.361114 0.602336 3
-0.136601 -0.001520 0.262782 3
-0.035203 0.218154 -0.892603 1
0.051498 0.094848 -0.170634 2
-0.259782 -0.261638 0.526276 3
0.057742 0.086979 0.109336 2
0.033675 0.060754 -0.501274 0
-0.198156 -0.114875 0.396507 3
0.238450 0.142394 0.498902 2
-0.041134 -0.048118 0.246306 3
-0.097163 -0.141661 0.376165 3
-0.020344 0.117250 -0.088861 3
0.008124 0.138167 -0.270217 3
0.048732 0.110411 -0.551573 0
0.162372 -0.012795 -0.462274 0
-0.080872 0.065429 0.132668 3
0.208967 0.116210 0.412643 2
0.237303 -0.103050 -0.342463 0
0.168111 -0.066692 -0.291208 0
0.147188 0.130653 0.350534 2
0.079304 0.043273 0.100625 2
0.089520 0.003159 -0.362703 0
0.028981 0.056463 -0.146222 3
0.119725 0.033121 0.186876 2
0.007371 0.098198 -0.564133 1
-0.021847 0.142130 -0.655724 1
-0.001927 0.133661 -0.217873 3
0.167861 0.073040 0.321009 2
-0.213297 -0.268904 0.555912 3
0.081960 0.111562 0.203251 2
0.143273 0.048194 0.256210 2
0.039512 0.073680 -0.263750 2
0.114888 0.134328 0.264073 2
-0.286945 -0.403422 0.640335 3
-0.154939 -0.196678 0.481972 3
-0.014112 0.067769 -0.065771 3
-0.277278 -0.309308 0.566300 3
0.008110 0.030680 0.037650 3
0.194372 0.099561 0.384435 2
-0.009020 -0.016811 0.137585 3
-0.046210 0.096223 0.029162 3
-0.262859 -0.355669 0.613836 3
0.063728 0.094081 0.139534 2
0.227276 0.131155 0.466660 2
0.020692 0.131990 -0.308725 1
-0.033267 0.193179 -0.924244 1
0.018865 0.038865 -0.048449 3
0.244621 0.162248 0.524882 2
-0.114702 0.020662 0.234144 3
-0.247826 -0.223783 0.491052 3
0.185910 0.133278 0.427108 2
-0.155223 -0.030275 0.296601 3
0.012183 0.115224 -0.523708 1
-0.056000 -0.057951 0.279592 3
0.053611 0.081296 0.082001 2
0.018319 0.138272 -0.581693 0
0.075894 0.091867 -0.526458 0
-0.081242 -0.116854 0.345406 3
0.043332 0.044519 -0.453115 0
-0.215163 -0.144756 0.424884 3
-0.016447 0.124117 -0.129169 3
-0.182777 -0.085846 0.367947 3
-0.029095 -0.041052 0.213470 3
-0.088490 0.054243 0.167385 3
0.242160 -0.118989 -0.296778 0
0.216909 0.148613 0.482021 2
-0.112120 -0.157640 0.410643 3
0.137393 0.021640 -0.486103 0
-0.303459 -0.398628 0.625024 3
-0.072882 0.075508 0.098575 3
-0.029745 0.111820 -0.052042 3
0.187853 -0.045832 -0.432894 0
0.090511 0.036349 0.125442 2
0.069628 0.056719 0.071154 2
-0.025687 0.161973 -0.923586 1
0.001258 0.125959 -0.669537 1
0.216747 0.121174 0.436059 2
0.070586 0.021353 -0.386904 0
0.033243 0.060797 -0.177192 3
0.105163 0.131686 0.244969 2
-0.034745 0.193840 -0.888440 1
0.137251 0.132686 0.328623 2
0.110760 0.032838 0.168449 2
0.189035 -0.077441 -0.285130 0
0.146683 -0.050012 -0.301842 0
0.227559 -0.089088 -0.371534 0
0.018641 0.109518 -0.263028 2
-0.019218 0.163019 -0.679740 1
0.156290 0.128988 0.371932 2
0.175878 0.079699 0.338969 2
-0.197333 -0.250028 0.536714 3
0.127683 0.033226 0.204974 2
