0.146006 0.087989 -0.902740 1
0.275550 0.214185 0.784445 2
-0.644734 -0.277620 0.364101 3
0.132639 0.026691 -0.131770 2
0.150421 0.024798 0.314977 2
0.333683 -0.105977 -0.480517 0
-0.243678 0.008331 0.149675 3
0.086736 0.072000 0.119315 2
0.210315 0.125890 0.527749 2
0.134501 0.061602 -0.609790 1
0.118441 0.046638 -0.354902 1
-0.412244 -0.121414 0.299848 3
-0.068199 0.046616 -0.013618 3
0.102920 0.003142 0.215407 2
0.134639 0.096074 0.437444 2
0.099733 0.017095 0.003619 2
0.218343 0.164536 0.661072 2
0.193478 -0.033363 -0.498141 0
0.068331 0.029755 -0.213698 3
0.163362 0.072461 -0.757705 1
-0.134287 -0.029927 0.097151 3
-0.543531 -0.169244 0.314328 3
-0.295332 -0.083339 0.219321 3
0.001449 0.023444 -0.108017 3
0.093618 0.070198 0.289671 2
0.137021 0.058018 -0.465082 1
-0.375378 -0.041914 0.227157 3
0.107616 0.072345 0.184224 2
0.079892 0.003353 0.157185 2
0.239316 -0.080323 -0.431628 0
0.114086 0.079891 0.364791 2
-0.148038 0.042016 0.067112 3
0.173705 0.051250 0.374580 2
0.192639 0.075425 0.445332 2
0.231287 0.015816 -0.587705 0
0.095222 0.012731 0.075573 2
0.288756 -0.049191 -0.539589 0
0.136948 0.025627 -0.282289 1
-0.461901 -0.101354 0.272466 3
0.150123 0.119219 0.506896 2
0.100799 0.048732 -0.064210 2
-0.205549 -0.041232 0.165746 3
0.131420 0.016110 0.262812 2
0.262682 0.189583 0.709488 2
-0.076121 -0.009841 0.033935 3
0.140475 0.035153 -0.529307 1
0.187855 0.143491 0.600740 2
0.129606 0.037796 -0.197601 2
0.129522 0.059681 0.226517 2
0.159801 0.039358 -0.673604 1
0.176382 0.058415 -0.832235 1
0.305812 -0.119815 -0.413587 0
0.044771 0.059094 -0.163873 3
-0.564509 -0.221989 0.350297 3
-0.023922 0.008837 -0.046802 3
0.146078 0.066733 0.296825 2
0.103614 0.059047 0.039822 2
0.165243 -0.003996 -0.570034 0
0.123732 0.031086 0.113494 2
-0.311447 -0.012223 0.185152 3
-0.365656 -0.083968 0.252651 3
-0.187198 -0.008152 0.105960 3
-0.479498 -0.153842 0.317777 3
0.138933 0.026056 -0.403919 1
0.237905 0.150045 0.602447 2
0.049806 0.005275 -0.143759 3
0.122956 0.029849 0.168164 2
-0.265953 -0.045270 0.181731 3
0.159134 0.066172 0.347322 2
-0.016716 0.055648 -0.073169 3
-0.111973 0.021263 0.031209 3
0.192573 0.109133 0.483880 2
0.070619 0.013880 0.120711 2
0.119186 0.054298 0.077116 2
0.175698 0.083355 0.409830 2
0.261674 -0.070104 -0.484827 0
0.143014 0.087762 0.389808 2
0.097518 0.072045 0.332099 2
0.111958 0.053059 -0.027441 2
0.090163 0.073885 0.230739 2
0.239728 -0.024342 -0.542992 0
0.089018 0.081355 0.157726 2
0.160910 0.103832 0.461684 2
0.140655 0.055215 0.259707 2
0.102264 0.054296 -0.253454 3
0.174891 0.134221 0.559484 2
0.225959 0.129234 0.564512 2
-0.327181 -0.058088 0.217457 3
-0.606410 -0.225191 0.344842 3
0.104297 0.028192 -0.153841 2
0.128002 0.022433 -0.230833 2
-0.409768 -0.083108 0.252901 3
0.107550 0.020473 -0.090416 2
0.210886 -0.055175 -0.459284 0
0.111547 0.018806 0.034037 2
0.077323 0.059842 0.081339 2
0.110167 0.038277 -0.309074 1
-0.044803 0.002529 -0.004387 3
0.144605 0.061281 -0.787410 1
-0.144311 -0.000911 0.066246 3
0.128472 0.020397 0.232455 2
0.175480 0.047443 -0.638256 1
0.090478 -0.000589 0.188931 2
0.162424 0.039862 -0.578415 1
0.154536 0.030377 -0.492510 1
0.113037 0.019938 -0.042604 2
-0.176873 0.035391 0.103863 3
-0.523120 -0.185516 0.327596 3
0.089949 0.052693 0.010382 2
0.143022 0.072081 -0.711694 1
0.116617 0.062892 0.132744 2
-0.491536 -0.137395 0.294085 3
0.291527 -0.097207 -0.457582 0
0.160640 0.034707 0.343971 2
-0.441335 -0.120177 0.287521 3
0.310389 -0.079178 -0.511346 0
0.145301 0.033067 0.286257 2
0.128197 0.033287 0.203465 2
-0.230922 -0.024326 0.144145 3
0.073669 0.030404 0.061950 2
0.251388 0.174683 0.664970 2
0.171141 -0.020310 -0.527378 0
0.180135 0.125937 0.521990 2
0.170115 0.100785 -0.886458 1
-0.339268 -0.099811 0.255519 3
-0.111129 -0.020321 0.063764 3
0.070147 0.009246 -0.179539 3
0.204129 0.035365 -0.613004 0
0.187472 0.144131 0.607131 2
0.145119 0.083399 -0.907648 1
-0.678040 -0.303817 0.384680 3
0.028043 0.061769 -0.139470 3
0.099318 0.000757 0.225270 2
0.342654 -0.113861 -0.473721 0
-0.249433 -0.067296 0.195838 3
0.176531 0.047144 0.385559 2
0.183122 0.058236 -0.636160 0
0.283785 0.221958 0.805022 2
0.074458 0.049156 0.056562 2
-0.489709 -0.114365 0.283891 3
-0.123714 0.054070 0.041116 3
0.127128 0.015165 -0.284576 1
0.186505 -0.035827 -0.478641 0
0.092834 0.071007 0.336390 2
0.087169 0.083645 0.161206 2
0.142359 0.114877 0.501939 2
0.147167 0.052612 -0.753029 1
-0.017703 -0.002191 -0.026235 3
-0.359144 -0.028437 0.212766 3
0.256213 0.176775 0.684872 2
-0.373286 -0.110955 0.282438 3
-0.549811 -0.208436 0.354150 3
-0.145330 -0.031649 0.112355 3
-0.232903 0.023841 0.145552 3
0.291276 -0.040836 -0.556415 0
0.114602 0.094646 0.417618 2
0.211693 0.104003 0.514841 2
0.135178 0.011906 0.285148 2
0.070482 0.012718 0.125319 2
0.248798 -0.088254 -0.418969 0
0.084020 0.074944 0.235799 2
0.080393 0.006528 -0.189588 3
0.193784 0.077277 0.448532 2
0.162612 -0.012710 -0.555709 0
-0.081391 -0.018823 0.045101 3
-0.459897 -0.148161 0.324791 3
-0.021760 0.060609 -0.067845 3
0.023449 -0.003122 -0.095965 3
0.078412 -0.000058 0.178425 2
0.156089 0.028254 0.335800 2
0.235896 0.015102 -0.587455 0
0.095324 0.062050 -0.244202 3
0.177603 0.054439 -0.833332 1
-0.621364 -0.234645 0.351846 3
0.165638 0.131139 0.552518 2
0.238552 0.151389 0.623431 2
-0.555909 -0.171926 0.319979 3
0.075788 0.069122 0.112998 2
0.085097 0.069263 0.287486 2
0.257371 0.201314 0.750097 2
-0.067982 0.052950 -0.008634 3
-0.170270 0.041765 0.097587 3
-0.423840 -0.070381 0.250027 3
0.310496 -0.113288 -0.410361 0
-0.314637 -0.097231 0.238103 3
0.227403 0.126764 0.566966 2
-0.297943 0.000205 0.175361 3
0.172692 0.044490 -0.699993 1
0.181538 0.115109 -0.882390 1
-0.190619 -0.036489 0.158784 3
0.126750 0.096371 0.459626 2
0.062559 0.062618 -0.191748 3
0.134846 0.025637 -0.216092 2
0.320469 -0.085180 -0.517252 0
0.103847 0.081657 0.374677 2
0.149570 0.021671 -0.625156 0
0.217248 0.168645 0.671240 2
0.115818 0.002953 0.257451 2
0.050545 -0.000302 -0.141250 3
0.099896 0.006517 -0.234177 3
0.211026 -0.059397 -0.445074 0
0.070527 0.024289 0.091336 2
0.086359 0.082890 0.198162 2
-0.046670 -0.001700 0.010774 3
0.187561 0.013491 -0.597729 0
0.123434 0.059498 -0.282902 1
-0.633115 -0.269399 0.374662 3
-0.507165 -0.174533 0.342336 3
0.168610 -0.026235 -0.511723 0
0.184312 0.062768 0.418485 2
0.179875 0.057741 -0.879772 1
0.201850 0.153155 0.639826 2
0.201516 0.088786 0.479894 2
-0.415131 -0.125264 0.306956 3
-0.113609 -0.029741 0.076755 3
0.007750 0.061967 -0.103183 3
0.142323 0.020125 0.312132 2
-0.584142 -0.234671 0.350812 3
0.000541 -0.002396 -0.059628 3
0.073186 0.003799 0.152972 2
0.177441 0.051573 -0.791926 1
0.267621 -0.008131 -0.573137 0
0.052149 0.030573 -0.192058 3
0.021908 0.030153 -0.144464 3
0.340517 -0.126407 -0.435053 0
0.240851 0.185628 0.719332 2
0.086509 -0.001918 0.200706 2
0.167860 0.040445 0.361341 2
0.073491 0.057294 0.083979 2
-0.523695 -0.142812 0.299055 3
0.247953 0.165265 0.653885 2
0.210131 0.039682 -0.615772 0
0.154558 0.125821 0.527877 2
-0.283330 -0.088020 0.213920 3
-0.199207 0.032497 0.123913 3
0.081883 0.033324 -0.243150 3
-0.593014 -0.203855 0.338819 3
0.157614 0.101241 -0.894576 1
-0.390211 -0.044939 0.236271 3
0.176712 0.139658 0.582139 2
-0.043841 0.061348 -0.039393 3
0.279504 0.211426 0.771940 2
0.082604 0.078013 0.137300 2
0.148239 0.064076 -0.850145 1
-0.095038 0.053508 0.016436 3
0.144890 0.048669 -0.714170 1
0.086204 0.071652 0.259242 2
0.147276 0.059842 -0.805170 1
0.088978 0.068318 0.309997 2
0.278912 -0.102048 -0.409225 0
0.159728 0.000729 -0.589355 0
-0.148963 0.049193 0.070839 3
0.218379 0.116662 0.538845 2
0.233709 0.138421 0.592449 2
-0.220349 -0.050044 0.179602 3
-0.341685 -0.104949 0.260194 3
