0.093917 0.033634 -0.878358 1
0.304918 0.096867 0.849387 0
-0.569373 -0.089973 0.149337 3
0.091868 0.008143 0.228770 0
0.015641 0.021372 -0.273153 3
0.188805 -0.031865 0.501586 0
-0.217011 0.044823 0.018510 3
0.202012 -0.093151 -0.559784 2
0.047698 -0.016461 -0.021602 0
0.071783 0.040596 -0.633702 1
0.111542 -0.062543 0.345555 0
0.220282 0.030562 0.678690 0
-0.071277 0.010319 -0.106826 3
-0.374248 -0.025285 0.126082 3
0.079113 0.016751 -0.451154 1
0.027033 -0.027841 0.115265 0
0.069266 -0.004046 -0.161768 0
0.116074 -0.006388 0.449073 0
0.104860 -0.032323 -0.562972 2
0.075432 0.047642 -0.753692 1
0.099230 0.007788 0.332798 0
0.063952 -0.057709 0.254380 0
-0.144844 0.001655 -0.028428 3
-0.478176 -0.033801 0.120148 3
-0.323497 0.027682 0.068202 3
0.172455 0.008473 0.597352 0
0.075762 0.009098 -0.354021 1
0.064551 0.012389 0.056925 0
-0.022308 0.035260 -0.182100 3
0.049528 -0.042050 0.180993 0
-0.245252 -0.015374 0.049323 3
0.275286 0.061506 0.759132 0
0.069350 0.019292 0.159973 0
0.065924 0.032114 -0.533492 1
0.138922 -0.002712 -0.638014 2
0.045714 0.013549 -0.084264 0
0.072551 0.004171 -0.239758 0
-0.116144 0.049614 -0.065679 3
0.153806 -0.047583 0.423542 0
0.137411 -0.006912 0.521519 0
0.172506 -0.050517 -0.606367 2
-0.406071 0.001485 0.095491 3
0.105259 0.000211 0.391141 0
0.145428 -0.072187 -0.525237 2
-0.308451 -0.011539 0.088077 3
0.229602 0.003814 0.615943 0
0.099927 -0.016659 0.271514 0
0.018796 -0.006018 0.033543 0
0.076696 -0.002928 0.103238 0
0.092356 0.023123 -0.694851 1
0.088478 -0.058658 0.297495 0
-0.159594 0.047769 -0.016254 3
0.087365 -0.012783 -0.620686 2
0.070456 0.015159 -0.296234 1
0.203035 -0.009691 0.555366 0
0.072532 0.048946 -0.818794 1
0.163310 -0.015623 0.475074 0
0.134369 -0.034576 0.385720 0
0.078607 -0.035245 0.219672 0
-0.181032 -0.000265 0.018300 3
-0.268254 0.021035 0.044407 3
0.003289 0.003521 -0.225057 3
0.114566 -0.027561 0.332636 0
0.068693 -0.026084 0.140944 0
0.053973 0.019383 -0.396811 1
-0.434357 -0.038910 0.138443 3
0.049715 -0.024997 0.065796 0
0.086009 0.022752 -0.586554 1
0.085035 -0.010909 0.182266 0
0.064241 -0.016511 0.019779 0
0.257500 0.041950 0.706349 0
-0.038575 0.002417 -0.148070 3
-0.529248 -0.058690 0.133955 3
-0.100058 -0.001106 -0.067416 3
-0.053170 0.037891 -0.140756 3
0.054375 0.014032 0.006751 0
0.055164 0.016469 -0.195512 0
0.065395 -0.010169 -0.063387 0
0.197345 0.018511 0.634100 0
-0.224238 0.009716 0.023059 3
0.036851 0.000294 -0.122864 0
0.132694 -0.031952 -0.604466 2
0.038314 0.018916 -0.318433 3
0.181758 -0.097981 -0.516803 2
0.096744 0.015640 0.272738 0
-0.486457 -0.057893 0.145898 3
0.052714 0.020410 0.099161 0
0.041662 0.013665 -0.032975 0
0.143613 -0.054741 -0.569492 2
0.168981 -0.001741 0.552958 0
0.028814 -0.030500 0.158403 0
0.098905 0.067487 -0.873088 1
0.068591 0.015148 -0.493277 1
-0.360406 -0.000509 0.089922 3
-0.135268 0.020167 -0.059127 3
-0.189754 0.016800 -0.007763 3
0.124601 -0.007989 0.484405 0
0.114310 0.016953 -0.662298 2
0.171286 -0.044813 0.457290 0
0.147727 -0.016735 0.438490 0
-0.089071 0.037989 -0.100911 3
0.069890 -0.002318 -0.113330 0
0.170398 -0.006765 0.513567 0
-0.002137 0.032980 -0.218504 3
-0.407443 -0.022615 0.113284 3
0.050860 0.014786 -0.261338 0
0.189831 -0.074476 -0.588014 2
-0.018987 0.001407 -0.182373 3
0.089403 -0.042929 0.274616 0
0.023669 0.000142 0.000142 0
0.048443 -0.049779 0.213883 0
0.203801 0.008262 0.590200 0
0.247072 0.023678 0.666235 0
0.019064 -0.016069 0.066041 0
0.290931 0.082264 0.812576 0
0.060585 -0.026770 0.108253 0
0.243023 0.045140 0.737123 0
0.087281 0.005214 -0.660409 2
0.106117 -0.013919 0.308157 0
0.098143 0.006611 0.364670 0
0.124995 -0.024943 0.363201 0
0.094414 -0.011729 0.243448 0
-0.438929 -0.016969 0.106958 3
0.099913 0.006979 0.298999 0
-0.281434 0.000194 0.063826 3
0.061369 0.019740 0.130574 0
0.068796 0.040234 -0.670459 1
0.094355 0.041078 -0.793638 1
0.034445 0.013241 0.010022 0
0.320322 0.109559 0.880486 0
0.097038 0.053012 -0.911995 1
-0.586355 -0.095995 0.154056 3
0.142711 -0.058904 0.401584 0
0.197643 -0.106226 -0.516970 2
-0.270889 0.043723 0.036594 3
0.036672 0.036265 -0.279918 3
0.033426 -0.037515 0.224343 0
0.193921 0.019586 0.644642 0
0.065448 0.036739 -0.631558 1
-0.086852 0.049115 -0.090375 3
-0.398393 -0.030782 0.137308 3
0.094443 0.014423 0.342136 0
0.056561 0.022898 0.137260 0
0.172328 -0.038331 -0.625757 2
0.135688 -0.005718 0.526967 0
0.274546 0.055495 0.748038 0
-0.160881 -0.002131 0.003870 3
0.093474 0.028211 -0.770407 1
-0.020137 -0.001650 -0.176279 3
0.080256 -0.065634 0.292823 0
0.096194 0.024313 0.251508 0
-0.287360 -0.022619 0.078695 3
0.117917 -0.050314 -0.534446 2
0.102267 0.001140 0.422655 0
0.208432 -0.021785 0.552772 0
-0.501879 -0.036806 0.127318 3
-0.365585 0.018005 0.079003 3
0.015017 -0.015964 0.078131 0
0.024301 -0.033596 0.150808 0
0.178590 -0.042303 0.474533 0
0.057232 0.009259 -0.354862 1
-0.151288 0.051794 -0.024453 3
-0.103912 -0.003798 -0.061844 3
0.086053 -0.019014 -0.598125 2
0.251905 0.023071 0.675034 0
0.131495 0.010448 -0.652118 2
0.112075 -0.064814 0.347496 0
-0.002846 0.041315 -0.210925 3
0.076559 0.025105 0.193341 0
0.198055 -0.082178 -0.587884 2
0.163368 0.003524 0.586628 0
-0.039987 0.045249 -0.150570 3
-0.055659 0.003891 -0.112977 3
0.284812 0.080562 0.821078 0
-0.433958 -0.007136 0.099299 3
-0.222996 -0.011390 0.044160 3
0.116621 -0.006443 0.473358 0
0.014580 -0.001419 -0.244045 3
0.068384 0.041165 -0.700280 1
-0.207389 0.049699 0.015438 3
0.060459 -0.059386 0.251103 0
0.227910 0.000015 0.609568 0
0.071836 0.045441 -0.823760 1
0.072931 0.002095 -0.294487 0
-0.460194 -0.049634 0.146854 3
0.044930 0.019905 0.083821 0
0.151041 -0.077916 -0.511539 2
0.051103 -0.010778 0.038423 0
-0.525261 -0.070531 0.152189 3
0.083130 0.004388 -0.667421 2
0.044714 -0.019174 0.108489 0
-0.341793 -0.022795 0.116009 3
0.097010 0.021051 0.297150 0
0.231745 0.035098 0.718924 0
0.091123 0.068600 -0.863628 1
0.096801 0.007442 0.385262 0
0.105359 0.030521 -0.679449 2
0.060477 0.030998 -0.319918 3
0.194236 -0.032679 0.513906 0
-0.311829 0.033995 0.059979 3
0.044968 -0.003142 -0.317257 3
-0.120622 0.053180 -0.061272 3
0.162299 -0.050554 0.440000 0
0.028580 -0.037280 0.184577 0
0.100781 -0.030178 -0.563542 2
0.212207 0.026676 0.683737 0
0.038468 0.017095 0.048245 0
-0.133964 -0.005444 -0.031239 3
0.208149 -0.098123 -0.553494 2
0.016193 -0.008241 0.046988 0
0.017315 0.038489 -0.245127 3
0.261879 0.039443 0.711782 0
0.035530 -0.001135 -0.280739 3
0.264438 0.062560 0.782990 0
0.049270 -0.014393 0.072913 0
-0.555999 -0.074588 0.138351 3
0.093559 -0.066144 0.319688 0
0.156389 -0.011149 -0.634056 2
0.071307 0.032349 -0.737097 1
0.038499 -0.010366 -0.008087 0
-0.062772 0.047377 -0.118240 3
0.091262 0.025919 0.222435 0
-0.003205 -0.001736 -0.207497 3
0.066448 0.023893 0.164856 0
0.150719 -0.006814 0.556516 0
-0.258912 -0.017125 0.055028 3
0.183825 -0.062394 -0.606681 2
0.178695 0.013653 0.615009 0
-0.191250 -0.002977 0.028384 3
-0.039966 0.001865 -0.143452 3
-0.399024 0.005463 0.092756 3
0.126834 -0.063152 0.371373 0
0.083545 -0.010680 -0.631081 2
-0.076169 0.002289 -0.085031 3
-0.466481 -0.020821 0.113470 3
0.246771 0.045612 0.748559 0
0.238277 0.011873 0.640266 0
0.125975 -0.007902 0.498998 0
0.305687 0.092501 0.845804 0
0.108530 -0.002420 0.448045 0
-0.017449 0.041888 -0.180611 3
0.070719 0.045777 -0.788156 1
0.051749 -0.054299 0.228768 0
0.093886 0.029450 -0.808917 1
0.051518 0.021460 0.110151 0
0.067731 0.039228 -0.664940 1
0.088880 0.021320 -0.645693 1
0.019404 -0.022452 0.101023 0
0.217671 -0.010399 0.580768 0
-0.174707 0.050174 -0.001405 3
-0.239575 0.044866 0.026060 3
0.076526 0.051247 -0.885593 1
-0.492068 -0.060099 0.148644 3
0.176202 -0.088990 -0.508240 2
0.021858 -0.028265 0.127872 0
-0.529433 -0.053071 0.134247 3
