0.224398 -0.082585 0.627466 1
0.065456 0.055748 -0.869406 2
-0.504839 0.052375 0.030951 4
0.074299 -0.019476 0.152141 1
0.002466 0.033205 -0.309605 2
-0.108199 0.036340 0.394371 0
0.080459 -0.071340 0.394827 1
0.109629 -0.064614 -0.602969 3
-0.225506 0.096364 -0.077215 4
0.038319 -0.000636 -0.079065 1
0.352057 -0.043009 0.846465 1
-0.067365 0.039103 0.216431 0
0.025254 0.052406 -0.662560 2
0.024637 0.039892 -0.480910 2
-0.041432 0.021042 0.066274 0
0.035942 -0.057172 0.258691 1
0.165054 -0.065758 0.518156 1
-0.337335 0.068117 0.010799 4
-0.107106 0.050507 -0.188436 4
0.025667 0.024076 -0.190056 1
0.285024 -0.060295 0.747336 1
0.063989 -0.010429 0.036878 1
0.114166 -0.040273 0.331781 1
0.000834 -0.029820 0.095790 1
-0.086926 0.033149 0.305201 0
0.100743 -0.031746 0.237618 1
0.150045 -0.054100 0.434372 1
0.041602 -0.007505 -0.610139 3
0.044312 0.034535 -0.769489 2
0.015918 -0.040908 0.187779 1
-0.024824 0.028536 -0.016805 0
-0.441943 0.086196 0.005699 4
0.180999 -0.091810 0.546351 1
0.005961 -0.014523 -0.010121 1
0.027417 0.025552 -0.400935 2
-0.011965 0.027903 -0.110692 0
-0.253129 0.058560 -0.046174 4
-0.031031 0.036819 0.146404 0
-0.159321 0.053791 -0.115944 4
0.058355 -0.060157 0.333477 1
0.112015 -0.082571 0.446498 1
-0.326484 0.101640 -0.029200 4
0.015857 0.046393 -0.554731 2
-0.063124 0.064801 -0.243562 4
0.025935 0.008963 -0.263991 2
0.258443 -0.082477 0.676958 1
0.123766 -0.058292 0.372944 1
0.196095 -0.070067 0.610376 1
0.318795 -0.059388 0.783246 1
0.071379 -0.041735 0.184787 1
0.087024 -0.055668 0.277606 1
0.030095 -0.002133 -0.147179 1
0.063258 -0.015965 0.095351 1
0.103112 -0.037573 -0.650862 3
0.052402 0.001073 -0.016455 1
-0.152922 0.083325 -0.143597 4
0.017111 -0.023406 0.039135 1
0.140414 -0.091117 0.494202 1
0.035317 -0.036574 0.133925 1
0.070374 0.010867 -0.677493 3
0.246873 -0.063908 0.686172 1
0.001103 0.030028 0.038951 0
0.192345 -0.062589 0.563642 1
-0.378936 0.090194 -0.010982 4
-0.012845 0.006727 -0.077566 0
0.152019 -0.071752 0.462432 1
-0.409497 0.061546 0.026132 4
0.037123 0.036535 -0.616005 2
-0.206834 0.064083 -0.074546 4
0.064028 -0.050325 0.227222 1
-0.018503 0.036508 0.097600 0
0.121137 -0.071911 0.410594 1
-0.010773 0.041648 -0.353090 4
0.105174 -0.034327 0.288780 1
-0.044335 0.017147 0.116572 0
-0.076161 0.035325 0.260085 0
0.099071 -0.061192 0.328580 1
-0.021190 0.010023 0.022003 0
-0.268672 0.087186 -0.054405 4
-0.046505 0.049330 -0.292320 4
-0.010139 0.016424 -0.162246 0
0.064513 -0.036094 -0.591878 3
-0.059752 0.026252 0.175511 0
0.042320 0.032370 -0.716633 2
-0.092081 0.034030 0.347967 0
-0.009214 0.022298 -0.211078 2
-0.011896 0.000386 -0.036654 1
0.054766 0.042062 -0.821370 2
0.206784 -0.087709 0.582215 1
-0.298991 0.073617 -0.019268 4
0.009323 0.021725 -0.049282 0
-0.454401 0.059937 0.011851 4
0.025416 -0.052518 0.223379 1
-0.070917 0.041168 -0.232541 4
0.044360 -0.015669 0.003998 1
0.170664 -0.081602 0.515442 1
0.009869 0.039874 -0.435732 2
0.039836 -0.031126 0.084675 1
0.031944 0.009169 -0.650123 3
0.042746 -0.058373 0.298593 1
-0.183687 0.086804 -0.103936 4
0.301478 -0.067158 0.740365 1
0.035347 -0.019500 -0.040293 1
0.031269 0.029516 -0.527724 2
0.084069 -0.024444 0.198401 1
0.156521 -0.053344 0.473404 1
0.034566 0.009470 -0.111979 1
-0.134851 0.055750 -0.152787 4
0.027135 0.020425 -0.362671 2
0.007480 0.024807 -0.004488 0
-0.114868 0.075667 -0.177771 4
0.021532 0.028248 -0.230784 2
0.086236 -0.043610 0.258109 1
0.268011 -0.062786 0.713486 1
0.000952 0.030953 -0.271998 2
0.083653 -0.012149 -0.657656 3
-0.015450 0.028213 -0.073310 0
-0.382869 0.075239 0.015801 4
-0.028445 0.029619 0.019291 0
0.006100 -0.001228 -0.115809 1
0.211030 -0.074024 0.636896 1
0.084396 -0.065584 0.355150 1
0.026623 0.012840 -0.307429 2
-0.045252 0.042016 0.190782 0
0.095830 -0.076232 0.420426 1
0.121313 -0.045911 0.359370 1
0.198541 -0.077161 0.572961 1
0.236887 -0.089348 0.644375 1
0.283123 -0.075780 0.722371 1
0.045344 0.058406 -0.882395 2
-0.537578 0.057530 0.035090 4
0.090008 -0.024546 0.197029 1
0.024761 0.009474 -0.308328 2
-0.112484 0.036219 0.436559 0
0.108552 -0.086595 0.460245 1
-0.228994 0.099498 -0.074459 4
0.115303 -0.059238 -0.634053 3
0.011604 0.021442 -0.016155 0
-0.060764 0.042096 0.239800 0
0.054200 -0.059216 0.328210 1
0.010244 0.033791 -0.476117 2
0.377132 -0.028626 0.876221 1
0.194179 -0.071390 0.613428 1
0.023946 0.049484 -0.690994 2
-0.008802 -0.027476 0.090394 1
-0.348531 0.063067 0.012390 4
-0.095337 0.072968 -0.200381 4
0.022089 -0.003210 -0.167067 1
0.143358 -0.047208 0.397134 1
-0.018582 0.037777 0.112483 0
-0.093301 0.033058 0.336040 0
0.017916 -0.052193 0.229892 1
0.067017 -0.008094 0.040887 1
0.109032 -0.033969 0.283835 1
-0.143217 0.044544 -0.131026 4
0.030975 0.000687 -0.615557 3
0.229177 -0.092239 0.636624 1
0.010886 0.044088 -0.377300 2
0.162679 -0.062838 0.533262 1
-0.328449 0.105050 -0.028489 4
0.325726 -0.051034 0.815121 1
-0.452513 0.088783 0.008583 4
-0.251884 0.054870 -0.045800 4
0.068033 -0.012803 0.125883 1
0.076764 -0.072151 0.395943 1
0.005155 -0.034241 0.165377 1
-0.039147 0.058687 -0.287091 4
0.159499 -0.097158 0.532996 1
-0.011485 -0.012387 0.017189 1
-0.014876 0.017724 -0.088914 0
-0.006450 0.020049 -0.225130 2
-0.051773 0.020359 0.167075 0
0.032927 0.050813 -0.793598 2
0.156371 -0.053402 0.468886 1
0.034606 -0.018109 -0.050605 1
-0.158783 0.089891 -0.136233 4
0.250774 -0.066286 0.705106 1
0.094259 -0.007058 -0.672996 3
0.059498 -0.035426 -0.573013 3
0.119734 -0.039979 0.348199 1
0.000755 0.028234 0.048444 0
0.042127 0.010985 -0.076525 1
-0.061452 0.035577 -0.244595 4
0.193591 -0.097056 0.581419 1
0.014010 0.038046 -0.540690 2
0.198608 -0.062426 0.563927 1
0.054610 0.001388 -0.008750 1
-0.187297 0.056391 -0.079532 4
-0.035248 0.013348 0.076540 0
-0.088263 0.044587 0.287963 0
-0.109984 0.039758 0.385995 0
0.104165 -0.069106 -0.575579 3
-0.392984 0.098266 -0.009555 4
0.220819 -0.072555 0.657151 1
0.032694 0.017975 -0.124930 1
0.030741 -0.057244 0.277023 1
-0.095989 0.043770 -0.178619 4
0.029029 0.022155 -0.188829 1
-0.011497 -0.002055 -0.033161 1
0.131605 -0.093665 0.493259 1
0.027126 0.023446 -0.431925 2
0.026862 0.013206 -0.666118 3
-0.470963 0.053620 0.028773 4
-0.022668 0.028869 -0.324749 4
0.104488 -0.031004 0.237827 1
0.297749 -0.060924 0.778102 1
0.068797 0.020517 -0.695296 3
0.025278 0.015096 -0.355361 2
-0.042434 0.039698 0.195524 0
0.255797 -0.084609 0.674701 1
-0.296198 0.056580 -0.011611 4
-0.045426 0.016917 0.122999 0
-0.060841 0.075275 -0.237023 4
0.089761 -0.080197 0.427814 1
0.068422 -0.011262 0.082728 1
-0.424442 0.070725 0.029595 4
0.038137 -0.023325 -0.010541 1
0.351687 -0.043256 0.832816 1
-0.279279 0.102207 -0.056793 4
-0.027335 0.036746 0.153929 0
-0.010035 0.017431 -0.172692 0
0.025727 0.006196 -0.262903 2
-0.012287 -0.019669 0.054104 1
0.025954 0.000801 -0.218540 1
-0.010500 0.013300 -0.132043 0
0.068259 -0.064562 0.363953 1
0.078507 -0.018379 0.163910 1
0.272563 -0.064291 0.740526 1
-0.013706 0.008707 0.007005 0
0.050504 0.036202 -0.847517 2
0.104713 -0.035926 -0.658316 3
0.002341 -0.031949 0.125109 1
-0.492316 0.077815 0.020001 4
-0.060586 0.024734 0.211017 0
-0.072190 0.029039 0.264195 0
-0.017412 0.029298 -0.034577 0
0.076276 0.061619 -0.864717 2
0.011669 -0.044021 0.199255 1
0.026665 -0.007805 -0.130352 1
-0.012496 0.051751 -0.332008 4
-0.001672 0.025764 -0.273166 2
0.000019 0.021646 -0.390546 2
-0.041227 0.029571 -0.285010 4
0.317651 -0.056011 0.770120 1
0.178453 -0.068715 0.579848 1
0.150778 -0.049964 0.430428 1
-0.189994 0.093186 -0.098392 4
-0.127221 0.083435 -0.166649 4
0.052410 0.004765 -0.041929 1
0.111923 -0.036752 0.317289 1
0.045168 -0.016466 -0.593607 3
-0.021889 0.008833 0.043176 0
0.005667 0.011687 -0.067972 0
0.093483 -0.069090 0.372382 1
0.212483 -0.093523 0.608762 1
-0.081708 0.031191 0.301099 0
