0.037853 -0.003773 0.077648 0
-0.085965 0.284699 -0.761323 4
0.537270 -0.466204 0.578780 0
-0.450885 -0.001551 -0.065640 1
-0.120073 0.010594 0.366464 3
-0.066129 0.185514 -0.307488 4
0.182364 -0.244265 0.368628 0
-0.088295 0.057363 0.165961 3
-0.078349 0.115280 -0.090301 3
-0.079190 0.230870 -0.521464 4
-0.274913 0.125712 -0.148408 1
0.138491 -0.091993 0.234117 0
0.335670 -0.369186 0.472184 0
-0.085493 0.059297 0.047261 3
-0.171334 0.168922 -0.230849 1
-0.054295 0.208488 -0.619962 2
-0.041703 0.127820 -0.187435 0
0.013913 0.071895 -0.020401 0
-0.106201 0.035237 0.265460 3
0.036488 -0.067095 0.174057 0
-0.071525 0.196773 -0.407966 4
0.120227 -0.171905 0.304259 0
0.271710 -0.289401 0.433133 0
-0.356222 0.062929 -0.084965 1
0.436966 -0.414374 0.526786 0
-0.072083 0.210443 -0.711242 2
-0.052557 0.077225 0.100783 3
-0.052397 0.104808 -0.020451 3
0.201413 -0.178248 0.330646 0
-0.099220 0.250949 -0.608238 4
-0.021942 0.097373 -0.114640 0
0.068729 -0.120016 0.231435 0
0.076969 -0.011118 0.130007 0
-0.205392 0.122701 -0.164900 1
-0.015621 0.022508 0.036302 0
-0.081337 0.161226 -0.240670 4
-0.041382 0.069350 -0.051909 0
-0.076719 0.261299 -0.681359 4
-0.135732 0.171006 -0.278946 1
-0.075932 0.138411 -0.153275 3
0.101795 -0.059010 0.183285 0
0.158116 -0.130933 0.281410 0
-0.095690 0.190523 -0.355321 4
0.039649 0.045625 0.028530 0
0.236479 -0.238142 0.391948 0
0.221158 -0.288614 0.402077 0
-0.095661 0.049701 0.215136 3
0.283689 -0.333169 0.439150 0
0.018117 -0.035639 0.122807 0
-0.041315 0.085845 0.053640 3
-0.112160 0.020262 0.316993 3
-0.292667 0.083123 -0.103971 1
0.383633 -0.380065 0.506939 0
-0.095980 0.219196 -0.465988 4
0.312979 -0.335204 0.475380 0
0.147284 -0.208845 0.339207 0
0.001668 0.097359 -0.073136 0
-0.411876 0.040542 -0.086837 1
-0.334121 0.103530 -0.123600 1
-0.091608 0.047170 0.124768 3
-0.039430 0.110235 -0.061063 3
0.116591 -0.133198 0.256810 0
-0.029347 0.049003 -0.008132 0
-0.021375 0.133269 -0.154195 0
0.483988 -0.440626 0.556568 0
-0.079913 0.071330 0.006228 3
-0.069372 0.218569 -0.669985 2
-0.087467 0.066330 0.077887 3
0.071121 -0.048498 0.147774 0
-0.232119 0.148575 -0.171863 1
-0.068530 0.080747 -0.032728 3
-0.055770 0.242525 -0.627696 2
-0.063792 0.094014 0.018671 3
-0.047431 0.124902 -0.120298 3
-0.067604 0.155563 -0.203057 3
0.073819 -0.088594 0.199557 0
-0.112544 0.188619 -0.318102 1
-0.062251 0.106111 -0.135470 0
-0.060808 0.072269 0.135943 3
0.208324 -0.214133 0.355588 0
0.164783 -0.172751 0.306121 0
-0.087808 0.231700 -0.561323 4
-0.007504 -0.001120 0.071557 0
-0.055063 0.158994 -0.269119 4
0.013904 0.035282 0.010579 0
-0.203731 0.161312 -0.202889 1
-0.239263 0.113640 -0.140974 1
-0.145016 0.153698 -0.239696 1
-0.047365 0.144891 -0.227476 4
0.064508 0.010704 0.088344 0
0.109185 -0.107285 0.226815 0
0.056165 -0.025181 0.116283 0
-0.181665 0.137370 -0.195587 1
-0.002883 0.067690 -0.046439 0
0.257204 -0.305358 0.419870 0
-0.077645 0.108158 -0.057125 3
0.247118 -0.267808 0.402492 0
-0.094786 0.264933 -0.715289 4
-0.063400 0.183775 -0.337824 4
0.088862 -0.034431 0.159124 0
0.344779 -0.355667 0.487428 0
0.296154 -0.314103 0.446310 0
-0.022266 0.083694 -0.082412 0
-0.054803 0.092759 -0.102640 0
0.030864 0.018822 0.049049 0
-0.062733 0.093868 -0.066953 3
-0.068398 0.187683 -0.373124 4
-0.077485 0.082015 0.048539 3
-0.380368 0.071989 -0.105289 1
-0.092627 0.250789 -0.644744 4
-0.061876 0.234610 -0.652199 2
0.214521 -0.257565 0.381962 0
0.123015 -0.071908 0.206839 0
-0.079689 0.231853 -0.707660 2
-0.041677 0.112846 -0.088471 3
-0.067372 0.129737 -0.170418 3
-0.036061 0.093666 0.007468 3
0.180478 -0.205041 0.336167 0
0.316285 -0.343324 0.457925 0
0.003910 -0.019311 0.096874 0
0.397334 -0.400165 0.505474 0
-0.036634 0.115070 -0.156737 0
0.141518 -0.148111 0.276778 0
-0.093667 0.044398 0.150095 3
-0.096758 0.040609 0.193016 3
-0.321281 0.072819 -0.087895 1
-0.066306 0.242548 -0.598437 2
0.177856 -0.152275 0.305860 0
-0.089730 0.043971 0.121399 3
-0.084867 0.283892 -0.768608 4
0.558697 -0.477048 0.587592 0
-0.062924 0.180974 -0.290710 4
-0.463042 -0.010971 -0.059500 1
0.157262 -0.228977 0.357451 0
-0.120399 0.001925 0.407800 3
0.006011 0.098591 -0.068520 0
0.108398 -0.051484 0.185530 0
-0.260517 0.143216 -0.159456 1
0.329558 -0.370328 0.472064 0
-0.097651 0.050373 0.250220 3
-0.004996 -0.010413 0.084026 0
-0.070482 0.232564 -0.591559 2
-0.068582 0.117835 -0.163797 0
0.089147 -0.147361 0.270770 0
-0.077224 0.064608 0.016410 3
-0.345042 0.060898 -0.075839 1
0.261361 -0.278152 0.429418 0
-0.164662 0.174062 -0.234394 1
0.437474 -0.421135 0.543502 0
-0.059748 0.196210 -0.657549 2
0.038514 0.054281 0.018765 0
0.182671 -0.153141 0.309040 0
-0.066915 0.064187 0.178573 3
-0.112937 0.017124 0.329966 3
0.025885 -0.055380 0.155732 0
0.073254 0.002505 0.108577 0
-0.037983 0.083770 0.060320 3
-0.091426 0.181004 -0.355290 1
0.145323 -0.098670 0.245804 0
0.053243 -0.104037 0.213169 0
-0.197238 0.123566 -0.171191 1
-0.057482 0.088986 -0.093634 0
-0.036825 0.056039 -0.019073 0
0.230284 -0.223085 0.381776 0
-0.044744 0.162438 -0.225089 4
-0.063680 0.249777 -0.671969 2
-0.281257 0.085030 -0.110646 1
-0.415572 0.045649 -0.088837 1
0.270765 -0.329600 0.434398 0
0.200629 -0.275944 0.393492 0
-0.126859 0.157483 -0.265987 1
-0.015099 0.128005 -0.138571 0
-0.332036 0.108922 -0.126444 1
0.377751 -0.379330 0.513358 0
0.126621 -0.184691 0.318498 0
-0.021282 0.024774 0.033924 0
-0.033732 0.098697 -0.019760 3
-0.082021 0.229637 -0.724250 2
-0.086660 0.051623 0.073064 3
0.304164 -0.330706 0.472227 0
0.498247 -0.449713 0.558594 0
-0.054010 0.071865 0.132774 3
-0.053768 0.206614 -0.615035 2
-0.095714 0.033411 0.218670 3
-0.107204 0.194649 -0.322529 1
-0.209108 0.163796 -0.200422 1
0.059744 0.026319 0.063996 0
0.212027 -0.186833 0.343342 0
0.014577 0.075265 -0.022149 0
-0.093245 0.038447 0.165179 3
-0.235119 0.109974 -0.133330 1
-0.058965 0.088362 -0.051497 3
0.086432 -0.023108 0.148627 0
-0.375881 0.079426 -0.109601 1
-0.034109 0.088900 0.022345 3
-0.105680 0.024762 0.290754 3
0.400666 -0.404118 0.508123 0
-0.029620 0.147161 -0.183345 0
0.007111 -0.035541 0.120559 0
-0.120932 0.013045 0.368029 3
-0.045232 0.076264 0.098545 3
-0.165005 0.139941 -0.201535 1
0.158362 -0.124667 0.278449 0
-0.049663 0.251046 -0.633792 2
0.131501 -0.074287 0.213206 0
-0.141553 0.182737 -0.266278 1
0.337796 -0.355558 0.492142 0
-0.384961 0.039071 -0.067309 1
0.037127 -0.077964 0.187001 0
-0.067260 0.074536 -0.016135 3
0.237092 -0.307203 0.417427 0
-0.426693 0.012080 -0.062474 1
-0.078627 0.241785 -0.698059 2
0.070298 -0.128853 0.243317 0
-0.005079 0.114542 -0.105027 0
-0.144416 0.148948 -0.231071 1
-0.042397 0.106869 -0.084639 3
-0.296783 0.129015 -0.147761 1
-0.062960 0.102253 -0.126344 0
0.246157 -0.250609 0.406776 0
-0.085653 0.057737 0.220930 3
-0.112104 0.166327 -0.297262 1
-0.091954 0.292913 -0.743055 4
-0.311246 0.072701 -0.089123 1
-0.028053 0.102817 -0.128944 0
-0.066597 0.138072 -0.195656 4
-0.083807 0.058501 0.043974 3
0.109653 -0.163258 0.295245 0
0.367028 -0.388664 0.490775 0
-0.050015 0.075376 -0.063960 0
0.284125 -0.305543 0.451536 0
-0.090140 0.203076 -0.354735 1
-0.053617 0.172513 -0.259923 4
0.299709 -0.351679 0.454347 0
-0.063805 0.202688 -0.693940 2
-0.095005 0.035178 0.192781 3
-0.125158 0.189833 -0.294260 1
0.180052 -0.253192 0.376115 0
0.463418 -0.433566 0.540351 0
-0.035107 0.103164 -0.049098 3
0.409254 -0.399845 0.527865 0
-0.097923 0.030952 0.243142 3
-0.098396 0.177506 -0.326242 1
-0.227075 0.152583 -0.176020 1
-0.030101 0.040670 0.009407 0
-0.011599 0.007039 0.060321 0
-0.088695 0.048057 0.097605 3
0.526912 -0.462449 0.577412 0
0.140852 -0.204775 0.337024 0
-0.074989 0.255620 -0.617307 4
-0.059829 0.068348 0.155459 3
0.428888 -0.417968 0.522701 0
-0.100082 0.028000 0.266738 3
-0.075137 0.060517 0.200094 3
-0.115741 0.031373 0.306820 3
-0.186813 0.170168 -0.219513 1
