# .PCD v0.7 - Point Cloud Data file format
VERSION 0.7
FIELDS x y z label
SIZE 4 4 4 4
TYPE F F F U
COUNT 1 1 1 1
WIDTH 851
HEIGHT 1
VIEWPOINT 0 0 0 1 0 0 0
POINTS 851
DATA ascii
15.27715 19.025499 42.969151 2
-13.83295 4.6202998 -42.807152 0
-11.59425 6.2069998 -18.192249 2
-20.884251 -17.4289 13.23735 1
7.07025 11.553226 37.862602 2
-22.438099 -8.1054497 6.4523001 1
-8.1536503 -0.072800003 -9.7026501 1
-20.312601 -1.243233 -1.659583 1
-12.03125 -14.2471 9.8436499 1
-11.657675 4.3164749 6.0664501 2
1.092175 8.1228752 31.122475 2
-17.05805 3.5513 -11.16125 1
7.4059501 20.792999 37.281151 2
-7.3445501 15.64585 18.869099 2
-10.53595 10.2807 24.484751 3
-7.3902502 -3.0304 -2.3231499 1
-22.13385 -12.1221 10.75995 1
-10.60145 11.054 15.67155 3
-6.4527502 5.0342999 19.554449 2
-9.7970505 -10.8464 6.35605 1
-11.33345 5.1419501 23.1306 3
-17.87635 2.6013999 -5.9535499 1
-8.7518501 4.3425002 13.94135 2
-1.8239501 6.8250999 27.08535 2
3.662617 9.7760334 34.924282 2
-16.111549 -17.944401 12.96035 1
-12.281037 11.105813 7.2920942 2
11.25545 20.3927 40.849751 2
-9.9598503 10.392 20.03455 3
-7.9759698 -5.8748999 1.05261 1
-14.0655 8.6595993 35.683601 3
-21.97015 -4.9828 3.0129499 1
-1.4504499 18.6593 27.228251 2
-5.3191762 16.734173 22.493662 2
-13.97815 3.2091999 -17.025551 1
-9.1387501 3.8264 -16.238251 1
-11.70545 10.0345 29.00115 3
-13.22665 4.7360001 -0.077849999 2
-9.2128506 14.27025 16.06365 2
-8.7923498 -8.7775002 3.87095 1
-4.8144498 5.5881 22.476549 2
-8.7820501 1.2043999 -12.83965 1
13.40045 16.587999 41.789848 2
-10.28615 13.296125 13.120575 2
-19.25165 0.72684997 -3.8388 1
-10.106375 5.3234 20.10405 3
-21.075951 -3.1726501 0.64945 1
-3.4130499 18.068701 24.905849 2
-22.490952 -10.1108 8.6105499 1
-11.19235 3.5062001 -43.002251 0
-3.55795 6.4759002 24.88645 2
-13.449969 8.6825199 1.29913 2
-13.68355 9.8701 33.191349 3
-7.6693001 -0.58165002 -7.0795002 1
-10.923094 -12.328657 8.2492924 1
-7.5151072 -1.473828 -4.5193501 1
-11.54875 11.9581 9.6997499 2
9.2447166 20.325132 39.172085 2
-0.34698299 7.351634 29.141684 2
2.3374 19.684151 32.874451 2
9.9012499 13.89522 40.08297 2
-12.73485 7.0042 29.34585 3
-12.68575 10.097176 31.107676 3
-9.6777496 4.8080001 -18.26965 1
5.25805 20.558901 35.530849 2
-11.13825 8.4563999 2.5053501 2
-10.64665 9.2195997 7.1497502 2
-10.31595 10.7633 17.77895 3
-18.489149 -18.217701 13.3859 1
-6.25635 16.4709 20.661051 2
-13.532084 7.945334 33.639683 3
11.85265 15.3512 41.235451 2
-13.57425 5.5254998 -15.15435 1
-10.849321 12.867186 11.310306 2
-21.463551 -15.64925 12.71355 1
-11.41655 6.5072999 -15.37825 2
8.1494617 12.873199 38.848473 2
-13.1451 9.1678514 3.1343 2
-17.20895 3.4075 -7.5292501 1
-21.94755 -13.8141 11.79415 1
-0.42455 19.0285 28.81735 2
-9.7699499 10.4077 10.79765 2
-8.2929659 14.911983 17.498016 2
-17.23675 3.2746999 -9.4073496 1
-7.0931311 4.9504189 17.918091 2
-16.286217 4.4699669 -12.488917 1
-15.60145 -16.370701 12.35975 1
14.07115 17.757874 42.900425 2
-13.0711 -15.282801 10.7708 1
-4.4168501 17.181801 23.8554 2
-13.89805 3.4288001 -18.720949 1
-8.1252499 4.5847998 15.58375 2
-10.48325 11.018 13.89085 3
-12.523023 2.562386 -43.238194 0
-9.74755 4.1423998 11.57695 2
-2.5020499 17.949568 26.289984 2
-9.1705503 -9.8133001 4.9876499 1
-19.71715 -0.1032 -2.5392499 1
-17.245951 -16.941 13.08415 1
-7.5156002 -3.96385 -1.1477 1
-22.38335 -11.2398 9.5807514 1
-12.914525 9.7537003 4.4769001 2
3.3721499 20.041901 33.961151 2
-12.928116 4.572433 1.3461829 2
-22.127451 -9.0948572 7.5171928 1
-12.53485 6.279367 28.109949 3
-13.842101 3.1256001 -42.91188 0
-22.34025 -7.1339998 5.4066501 1
-7.7245498 -4.9004002 -0.096749999 1
-11.18565 10.119 27.571051 3
-13.62355 9.1597996 34.410351 3
-12.238418 5.9778671 26.754583 3
2.7012501 9.5199003 33.96125 2
-10.924684 10.2325 25.903282 3
1.673614 8.5196447 32.343742 2
-8.5428905 -7.8425202 2.89521 1
-9.8055496 13.7422 14.42835 2
-10.325816 10.266617 23.1444 3
-9.5746994 5.4892502 18.5536 3
4.5287499 10.1683 35.827751 2
-11.950775 11.5509 8.4763002 2
-7.9229498 4.7779002 16.85235 2
-10.07965 10.2707 21.367199 3
-11.82355 6.0952001 -19.51565 0
-12.23055 4.1696 4.1872501 2
-20.837549 -2.1154001 -0.64995003 1
6.1219501 11.4106 37.023651 2
-13.889851 3.8773999 -20.88085 0
-1.122894 7.1171999 28.097284 2
4.3045831 19.868999 34.880051 2
0.10845 18.745966 30.057749 2
0.16785 7.7080998 30.21965 2
-7.9425998 -0.35425001 -8.3032761 1
-4.0318499 5.9278998 23.801149 2
-13.047475 7.1210251 30.559698 3
8.2926502 20.681101 38.344749 2
-8.3139753 -6.902699 2.0413001 1
-12.48505 4.2361999 -14.61605 2
-12.75425 3.9533 -16.354549 1
-12.644449 10.50425 6.132175 2
12.43025 17.701099 41.636848 2
12.36325 20.0166 41.513851 2
1.44707 19.5 31.72279 2
-12.314751 6.5467749 -17.124474 2
-12.9192 6.2405 -21.456749 0
-9.31215 1.929 -13.633699 1
-10.15505 9.5635996 8.1516504 2
-8.9924498 3.3078001 -15.20965 1
-11.2994 4.1760001 7.3152499 2
-11.74775 6.0307999 -20.72245 0
-11.10665 8.7256327 4.2536831 2
-9.3572502 5.5559502 16.037201 3
-10.93705 9.0481014 6.01755 2
-2.6677301 6.3618002 25.662251 2
-11.8955 7.9141002 -0.23445 2
-9.4067497 4.29 -17.18635 1
-11.277349 5.7191 24.1124 3
-20.041952 -18.277567 13.072617 1
-13.72875 8.1554003 34.685898 3
-8.6770496 0.61369997 -11.98235 1
-12.41175 6.7282 -15.14955 2
-13.96755 3.6143 -19.80455 0
-13.712184 -15.9017 11.276616 1
-13.68775 5.5177002 -21.295549 0
-14.28393 4.0789399 -16.48313 1
-11.628349 4.3531499 -42.703949 0
-11.2309 12.4924 10.47055 2
-12.99685 5.0249 -42.46595 0
-14.7447 -16.257734 11.85125 1
-14.79025 4.73 -14.74285 1
-10.1845 10.87615 12.882549 2
-22.065201 -6.5292211 4.7050929 1
-13.1416 9.8657513 32.288151 3
2.3126831 8.8834677 33.27235 2
-10.22725 -11.7754 7.6587501 1
-9.9815006 10.68375 11.87575 2
-12.17925 4.3966999 5.1441498 2
-7.9091001 15.18895 18.2957 2
-10.129512 10.108431 9.8819265 2
-13.118584 6.2713332 -14.633717 2
-13.48855 5.1831002 -3.6338999 2
-10.08105 10.4389 19.123751 3
-16.036051 4.9097328 -13.254284 1
-9.4522333 13.928132 15.255199 2
-15.74175 -17.269234 12.368251 1
-12.459817 4.314033 3.322417 2
-10.87475 5.4860001 22.433449 3
-17.495949 -17.8472 13.2928 1
-12.75027 10.1399 5.31815 2
-13.532425 8.1498499 0.48374999 2
-7.45505 -1.0603 -5.9541502 1
-7.0798802 15.76279 19.872139 2
-3.7514501 17.3934 24.407749 2
-10.15365 10.2647 22.251551 3
-8.4776993 0.2458 -10.9667 1
-14.36565 3.9273 -42.849751 0
-4.6735001 16.91725 23.071949 2
-5.1712499 5.4884501 21.695599 2
-18.098724 2.0768249 -5.2836499 1
-10.30235 4.9042001 -18.90065 1
4.8838501 10.8302 36.31485 2
-11.239049 10.02355 26.675817 3
-0.99954998 18.8291 27.97385 2
12.67155 16.177099 41.62125 2
-12.72765 4.3875999 2.2384501 2
-5.8427 16.4587 21.8841 2
5.6700702 10.734221 36.734795 2
-6.7857499 4.9424 18.70945 2
1.83365 19.1574 32.382202 2
-2.8903501 17.902714 25.538136 2
-2.26125 6.5647998 26.421551 2
-21.04215 -2.68665 -0.023700001 1
2.7600501 19.318748 33.48745 2
-12.701179 -14.694214 10.281236 1
6.7549 20.69545 36.782448 2
-10.39675 5.3193002 20.976351 3
10.0613 14.6612 40.349648 2
-13.977717 4.6952672 -20.90435 0
-17.1117 3.3365829 -10.273749 1
-11.83865 3.0230999 -43.146049 0
-13.42935 4.9064002 -1.48575 2
-19.325199 -17.93395 13.349751 1
-7.3323498 -1.92755 -3.85165 1
-8.5063334 4.5195832 14.72435 2
-11.300301 8.6237001 3.2792001 2
-22.013451 -7.5394001 6.0183501 1
-13.61895 4.9829998 -14.56495 2
-8.8608503 2.7762001 -14.62515 1
-17.627499 2.83145 -7.12005 1
-10.18805 -11.1152 7.0536499 1
8.97155 13.8914 39.600948 2
-21.750351 -4.6279998 2.3433499 1
-19.89039 -0.737593 -2.108593 1
-22.358549 -10.5224 9.2635498 1
-9.1244497 -9.4155998 4.1772499 1
9.7778502 20.49095 39.7164 2
5.9521499 20.6306 36.10815 2
-2.0328 18.450401 26.655449 2
-11.34975 5.9840999 24.860649 3
-6.1908498 5.4389 20.47035 2
10.58665 20.4498 40.464249 2
13.697309 19.454861 42.06797 2
-8.8492002 14.53525 16.8218 2
-10.522984 11.0541 14.905583 3
-10.98635 8.8864002 5.0931501 2
-9.1594 4.3169498 13.10935 2
11.27215 14.9263 40.999149 2
-22.091049 -11.6104 10.20355 1
-7.7667499 -5.395 0.45975 1
12.99945 19.819799 41.857349 2
-13.81835 9.0752001 35.118649 3
-22.249048 -8.6756172 6.921833 1
-4.2997251 5.7392998 23.108725 2
-13.5168 5.0460501 -2.8877499 2
8.52075 13.5402 39.156651 2
0.92949998 19.002199 31.265202 2
-19.473116 0.312767 -3.085283 1
-13.80625 3.5573001 -17.661751 1
-8.0696497 -0.78579998 -7.7081499 1
-10.341084 10.691634 18.48925 3
-6.47085 15.931066 20.247519 2
-17.24375 3.4758999 -8.2591496 1
1.17695 8.4916 31.836149 2
-0.29038301 18.676065 29.450216 2
-11.46995 4.5714998 -34.84185 0
-6.13345 16.193701 21.29565 2
-7.53125 -1.157433 -5.2624831 1
-12.6929 6.4904499 28.809851 3
-11.46215 6.4215002 -16.073351 2
-13.65675 2.5504 -43.266701 0
-13.52755 9.4513493 33.727303 3
-11.123851 -12.859467 8.6531172 1
-7.6980071 -3.3098431 -1.764478 1
-10.06665 5.5011001 19.13685 3
-8.1512833 -6.4158001 1.578617 1
-22.20075 -12.7617 11.00135 1
-9.46735 5.4555001 17.760851 3
-13.11355 9.5592003 3.8548501 2
-13.1259 7.3670998 31.241798 3
-12.30275 7.7082 -1.28255 2
-1.70155 7.1728001 27.650949 2
-10.04035 9.8724003 8.9404497 2
0.31895 8.2082014 30.665251 2
-12.441191 10.9017 6.67171 2
-10.56375 5.4101 21.75655 3
0.63915002 18.7589 30.68955 2
-10.55875 12.9834 12.59325 2
-0.82999998 18.52865 28.640499 2
-11.74475 6.2392998 26.203449 3
-11.67715 6.3685002 -17.191351 2
-17.470751 2.8982999 -6.3857498 1
-10.04655 13.3962 13.88365 2
-18.701082 1.3625669 -4.6566501 1
4.7980499 20.259501 35.16375 2
-11.914749 9.8908663 29.608017 3
-7.6494498 4.9857001 17.573151 2
7.7501001 20.700699 37.830551 2
-20.26725 -17.695101 13.26615 1
-8.5969496 -0.078100003 -10.41405 1
-20.414749 -1.5750999 -1.08065 1
-8.7997503 1.6619 -13.34355 1
-12.764384 6.9031329 30.023918 3
-11.8232 11.7382 9.0749998 2
-13.65675 7.9856 -0.15255 2
6.567883 11.270167 37.457851 2
-11.69605 5.6845002 -31.68285 0
-8.9111996 2.3436501 -14.1642 1
3.8352499 20.160999 34.377151 2
-22.07715 -5.5401001 3.64375 1
-7.3589501 -2.5125999 -3.0316501 1
-10.98795 8.9336996 6.6318498 2
9.4769001 13.530809 39.688084 2
-21.30975 -16.4056 13.03695 1
-12.01495 6.5082998 26.991249 3
-18.116089 -17.707781 13.46431 1
-14.00805 8.1542997 34.131649 3
-11.58765 8.3267002 0.37474999 2
13.66565 17.162201 42.11105 2
-12.85215 10.0344 31.731949 3
-13.726418 8.2762671 35.289753 3
-22.448349 -9.5876503 7.9110498 1
7.5942502 12.7335 38.52515 2
-1.46535 18.346401 27.752701 2
-10.58725 11.0293 16.28055 3
-11.23805 4.2437 6.7136002 2
-11.507509 5.29108 23.748831 3
-13.27345 4.7706499 -0.68134999 2
-12.3416 10.10465 30.32785 3
-14.290128 -16.061005 11.342318 1
-12.323999 4.97895 -42.68565 0
-21.93115 -13.3363 11.42985 1
-5.6627498 16.5406 21.158751 2
-10.739205 12.908123 11.897873 2
15.120525 18.44445 43.274376 2
8.8247499 20.4534 38.769348 2
-14.29535 4.4826002 -16.050249 1
14.620701 19.064999 42.752197 2
-5.3808498 16.760099 21.696751 2
-16.686687 4.0554128 -12.339137 1
-8.8361998 0.35235 -11.4923 1
-3.0840499 6.1630998 24.98185 2
-9.5194502 4.5348001 -17.789749 1
-14.847549 4.504467 -15.28465 1
-8.1085501 4.7749 16.31505 2
0.77995002 7.8794999 30.61635 2
-5.7314501 5.1788001 20.67905 2
-13.093849 2.55005 -43.241531 0
-10.152051 -11.28839 6.5187502 1
-21.45425 -4.7753 2.9256499 1
-0.22714999 7.5633001 29.6488 2
-10.7463 -11.723517 7.8665662 1
1.4497499 18.9827 31.929449 2
-21.0376 -16.895649 13.26335 1
-21.695551 -14.511134 12.285916 1
-8.3317337 -7.3275342 2.467967 1
-18.505449 1.6977 -5.05305 1
-12.114818 4.492733 3.717561 2
-16.837851 -17.7883 12.71745 1
-16.44795 4.4226999 -13.01255 1
-10.323733 10.6617 12.336234 2
-13.35025 7.5464001 31.92865 3
-11.13355 4.8983498 -19.15345 0
-11.781799 4.8705502 -42.632301 0
12.29105 15.704867 41.436184 2
-15.82455 5.0317998 -13.90985 1
-13.970349 3.657567 -16.72245 1
-9.5723486 -10.492149 5.91435 1
-13.3409 8.7140007 1.9089 2
-21.441349 -15.072451 12.58105 1
-21.94165 -6.7971001 5.25525 1
-21.40905 -3.5388999 1.06345 1
-3.1293499 6.6939998 25.583651 2
-11.8533 6.7086 -15.0104 2
-13.837417 -15.389999 11.236317 1
-13.498717 7.735867 32.674953 3
7.1613498 20.329399 37.24855 2
3.1013999 9.37045 34.264 2
11.8773 20.08065 41.33025 2
14.46795 19.2593 42.238449 2
-17.84215 2.5524001 -6.50635 1
7.4313502 11.780034 38.163052 2
-13.238649 8.9858999 2.6549001 2
-10.36685 10.8221 17.21455 3
-13.59785 8.8573999 35.53455 3
-11.710751 5.5878501 24.946949 3
-13.9575 3.6530001 -43.009804 0
-2.64855 18.270599 25.80905 2
0.52176797 19.078909 30.301247 2
7.9759159 20.24695 38.230213 2
-9.2548504 4.0106001 -16.780251 1
0.14035 19.042 29.24015 2
5.2989502 10.5526 36.188148 2
-22.21035 -6.1724 4.3653498 1
-13.60725 5.257 -4.1271501 2
-5.7157502 5.5974002 21.347851 2
-11.37655 10.0249 28.345449 3
-13.46465 -14.9731 10.86085 1
8.8995504 13.3996 39.496948 2
-17.087883 3.184767 -8.8897161 1
-10.447249 10.86658 13.315849 3
-10.314141 10.333425 19.679258 3
1.9198 19.650799 32.317398 2
-12.22835 7.6019001 -0.79654998 2
-4.9560618 17.10825 22.702637 2
6.34865 20.618999 36.413952 2
-12.10105 5.8940659 26.14415 3
-16.098383 -17.701933 12.520251 1
-18.896875 1.056675 -3.9588001 1
-13.373572 8.5225554 0.77359402 2
-10.28285 9.4397001 7.6568499 2
-11.060939 12.675456 10.902728 2
2.6910501 19.804001 33.203152 2
-12.44665 9.7763004 30.777451 3
-9.9157495 5.3085999 19.646351 3
-9.8480501 10.5169 11.295099 2
-0.82104999 7.5806999 28.94595 2
-11.53435 6.1392999 25.44075 3
3.8159499 10.1367 35.220551 2
-12.65055 4.3611002 2.7302499 2
-3.76895 17.8547 24.57445 2
-12.44615 6.0604501 27.190901 3
-11.77595 -13.9114 9.4464502 1
-3.8619499 17.472099 23.93915 2
-4.6585002 17.2544 23.4216 2
-11.428101 12.25755 10.06245 2
5.7315502 20.405399 35.597549 2
-9.7528992 5.6392498 18.105251 3
-11.503149 8.2515755 1.291075 2
2.45435 9.3155003 33.601551 2
-10.54455 -12.1349 8.0135498 1
-13.909 5.1536002 -21.03215 0
1.6652 8.3843498 31.883049 2
6.1114759 10.931099 37.031075 2
-17.052151 3.6443999 -9.9108496 1
-0.60345 18.6598 29.065849 2
1.3149 19.275749 31.188301 2
-11.65065 6.2202001 -17.71895 2
10.36935 14.1766 40.185551 2
-6.57865 5.1719999 19.117849 2
-13.05586 4.6901822 0.48419499 2
-7.9481831 15.098701 17.76255 2
-22.373699 -9.7024498 8.4033508 1
10.689526 14.726351 40.703499 2
5.1177158 20.076567 35.458187 2
-3.14835 18.212601 25.268049 2
-7.3569498 -2.2219 -3.4019499 1
-13.97165 8.0654001 33.52145 3
-16.900017 3.6644831 -11.685582 1
-22.44245 -9.0621004 7.1701498 1
-7.7278171 -0.47776699 -7.531816 1
-11.294701 -12.346251 8.5321999 1
-21.426649 -3.7844 1.45985 1
-13.38695 5.9562001 -14.84565 1
-10.737649 10.27176 25.335649 3
-1.321683 6.906333 27.67045 2
-7.9031858 -4.0936708 -0.8664 1
-0.88313001 7.1521401 28.49181 2
-20.879002 -3.330575 1.076425 1
-11.09685 10.125068 27.103416 3
-13.54691 7.874229 33.112438 3
-12.7271 6.4835501 -14.513451 2
-7.6669402 15.309011 18.66897 2
-4.31705 17.549 23.595949 2
-10.93585 5.4699998 22.88945 3
10.912702 20.091337 40.697399 2
-19.534616 -18.032198 12.953015 1
-9.0904007 3.49595 -15.68095 1
-12.39515 6.4478998 27.707701 3
14.524983 18.039267 43.24435 2
-10.94995 8.9671001 5.56775 2
-14.060666 8.514884 35.09417 3
8.0422497 12.537661 38.495289 2
-22.43005 -7.7082748 6.0804749 1
-12.73275 9.7199001 31.410749 3
-8.4651175 14.840566 16.911283 2
-7.9983501 -0.21950001 -9.05375 1
-12.75395 9.9314003 4.9166498 2
-7.7135501 -1.3052 -5.6757498 1
-11.76475 6.0186 -19.966749 0
-15.22035 -16.188801 12.20245 1
-0.71665001 18.9053 28.42355 2
-2.4911001 6.5874 26.007351 2
-10.64365 10.8193 14.25785 3
-18.842449 -18.017599 13.19915 1
-10.955325 10.147776 26.340527 3
-9.3377924 4.3113432 12.700537 2
-12.068476 11.3297 8.0746241 2
-17.365049 3.0601001 -6.7866502 1
-10.19985 10.2561 22.717751 3
-9.2950497 5.6188002 17.00465 3
-13.90225 3.3457 -18.116751 1
-12.36145 -14.5042 10.06925 1
-11.4978 6.3091002 -16.62595 2
-10.1258 -11.50325 7.2582002 1
-17.103651 3.3588669 -10.728217 1
-11.302099 -13.2325 8.9251499 1
-13.20745 5.9000001 -21.81325 0
4.172811 10.03594 35.477772 2
-3.4312501 6.1076498 24.679649 2
-11.541535 12.153328 9.3046207 2
-13.30405 8.9298 34.608452 3
-13.53093 -15.436979 10.92389 1
-20.902651 -2.4913001 -0.43065 1
8.4724121 13.109051 39.086212 2
-5.5194931 16.682386 22.10745 2
-11.366 8.4197502 2.0585001 2
-4.5267501 5.9273381 22.706486 2
-11.06945 9.1244993 7.0934501 2
-13.41475 4.9134998 -1.92215 2
-22.467268 -10.534083 8.8431168 1
-22.2973 -11.27145 10.0279 1
-1.8785501 6.5683999 26.70215 2
-15.15665 -16.698799 12.30305 1
-19.241699 -18.31675 13.16535 1
-21.82415 -14.15745 12.027201 1
-12.89447 6.7337799 29.647989 3
-8.4554501 4.8147998 15.42635 2
-12.678821 10.3228 5.7029791 2
-6.7535501 16.03965 19.928249 2
-19.903133 -0.48793301 -2.4798329 1
-11.05205 8.8381004 4.6703501 2
-13.34895 9.1422997 33.967949 3
-5.91575 5.5293999 20.97295 2
-11.4883 -12.7101 8.8251495 1
-2.3252499 18.31955 26.162449 2
-13.110518 9.721611 31.885283 3
-11.701212 6.098423 -18.656691 2
-13.95785 3.6456001 -20.231649 0
-13.526416 4.9323668 -42.670181 0
-10.39805 10.358 24.034849 3
2.1062701 19.309221 32.68309 2
-12.62935 6.1055002 27.57535 3
-22.326883 -7.5128999 5.71455 1
-9.9971504 10.2763 20.488951 3
1.99195 8.7263002 32.890251 2
-14.071036 4.2688708 -42.848392 0
-7.2880502 15.3982 19.211651 2
-11.07785 8.7167997 3.8290501 2
1.07285 8.151 31.546049 2
-10.55355 10.9955 16.87505 3
13.293082 19.512854 41.952145 2
-11.754383 6.0657668 -19.079283 2
-7.1097498 5.1127 18.36165 2
-10.70365 4.8920002 -18.76725 1
13.49995 17.482624 42.485153 2
-22.303452 -6.7494249 5.0432749 1
11.52155 20.028099 40.984451 2
-9.2819624 -9.6745872 4.489913 1
-18.22225 2.1610999 -5.6774502 1
-11.90417 7.8888202 0.27680999 2
13.313583 16.938734 42.056248 2
-11.35355 4.4215002 6.3359499 2
10.04595 20.302969 39.978569 2
-0.46919999 7.3253002 28.74165 2
-15.63795 5.0177999 -13.32625 1
-17.511551 2.9696 -7.5949502 1
-17.437963 -17.324251 13.108112 1
-11.79155 6.3778 26.59375 3
-13.303411 4.8641 -1.09083 2
-19.99655 -0.9781 -1.78555 1
-21.922482 -5.3212199 3.29247 1
-11.88365 6.0412998 -31.46455 0
-9.6950493 13.674117 13.917767 2
-10.46775 5.2213001 21.39905 3
-6.4168501 16.17935 20.909698 2
-16.97505 -17.2544 13.05575 1
-10.10245 10.2945 21.78005 3
-9.3541498 -10.070299 5.3153501 1
-10.09605 4.9273329 -18.54355 1
-1.23295 18.4771 28.066851 2
-9.0560503 14.3837 16.466551 2
-11.335871 8.4836197 2.89487 2
-13.8308 3.52685 -17.23995 1
-21.989849 -7.1493001 5.6255498 1
-10.56295 4.9257998 20.67275 3
-21.072975 -2.9194751 0.31117499 1
-7.7182002 -4.4886498 -0.50115001 1
-14.07455 3.6745999 -19.40555 0
-4.2712002 6.1279502 23.42465 2
-7.3257499 -1.7847 -4.29145 1
4.4822998 20.248051 34.907799 2
-9.2916498 3.0480001 -15.094951 1
-11.50585 5.8189502 24.523951 3
5.5062499 10.890796 36.297977 2
-11.467492 3.8890431 -42.911205 0
-11.22135 10.0518 27.97135 3
-3.70645 5.9987998 24.23855 2
-5.17135 16.878201 22.040649 2
-17.40835 3.1441 -8.4226503 1
-22.115982 -9.3702993 7.834384 1
-10.06185 10.2919 20.934851 3
-8.3520498 4.4356999 15.10135 2
-13.502525 8.8321743 35.053574 3
-21.969601 -12.9207 11.2913 1
-18.37965 1.6126 -4.6800499 1
-7.50565 -1.0285 -6.3523502 1
-10.080174 -10.926125 6.67765 1
7.10325 20.508499 36.893452 2
-12.120989 2.74824 -43.219452 0
-15.98335 -17.295799 12.68665 1
-5.0290828 5.6951661 22.05015 2
-12.8331 4.5120339 1.872967 2
-22.473858 -10.904005 9.2710733 1
3.07235 19.9564 33.712952 2
10.33915 20.5163 40.142849 2
-13.514926 7.7209001 32.277775 3
-14.46915 -15.9786 11.687317 1
-9.1790504 5.7277002 16.510851 3
-12.0843 6.4375501 -17.42905 2
1.81635 19.4014 32.026451 2
-18.812651 1.2711999 -4.2818499 1
-5.6241999 5.2941999 21.10965 2
-21.68655 -4.3488998 2.0680499 1
-5.7293501 16.646399 21.550625 2
4.9408498 10.3715 36.227951 2
-22.131933 -7.93155 6.2756672 1
-8.6230993 -7.500237 2.6934249 1
-22.47105 -9.2868605 7.5254302 1
-13.48115 4.9905 -2.4022501 2
-19.623051 -0.048900001 -3.05865 1
-13.89205 3.2117 -17.465151 1
-12.464251 5.0823002 -42.334602 0
-8.5216999 -8.1177006 3.2957001 1
-12.281116 10.035933 29.929451 3
-1.697083 18.520468 26.958948 2
-2.8680601 6.26332 25.341702 2
-12.26575 4.3576999 4.7653499 2
-12.175349 11.159921 7.6633501 2
-12.17425 6.3743 27.39555 3
-4.0911498 17.3095 24.20715 2
-19.448 0.45109999 -3.52145 1
-8.7211838 0.83006698 -12.301051 1
14.91295 18.3181 42.88665 2
-7.27565 15.682134 19.548285 2
-1.61155 6.802 27.40785 2
1.26253 19.119181 31.538151 2
7.7253399 12.31609 38.489861 2
1.74775 8.8354998 32.611252 2
-7.5767751 -0.72102499 -6.682775 1
-2.23685 18.1234 26.630951 2
-13.61285 5.1413002 -15.15085 2
-9.1791496 1.5908 -13.50435 1
-11.7113 10.062799 28.58885 3
-5.9706502 5.1444001 20.188551 2
0.73778301 7.9805341 31.073084 2
-10.123516 10.102849 10.344949 2
-9.0870504 2.081991 -13.905787 1
-14.103283 -15.732734 11.41555 1
13.687183 16.8547 41.884281 2
-12.08285 4.3590002 5.5125499 2
-22.0982 -5.8531499 3.9187 1
-9.2334003 13.97715 15.64625 2
-13.962017 4.3162999 -20.86915 0
-8.7493496 4.8119998 14.71665 2
9.4127502 20.626101 39.32745 2
-7.7283502 4.7912998 16.424351 2
-21.987749 -12.375 10.99905 1
-11.37625 6.2495999 -15.75135 2
-10.52515 10.94285 15.322001 3
-8.3195496 -0.4021 -9.1106501 1
-13.144183 9.6211004 32.701984 3
-13.5272 9.8765507 32.731697 3
-8.3116503 -0.060400002 -10.040751 1
-3.2097499 6.5300002 25.22645 2
-21.722549 -13.663 12.05035 1
-20.5459 -17.857651 13.0791 1
11.5431 15.288349 41.037548 2
-12.62025 10.1124 30.57515 3
-11.84335 6.0356998 -21.33445 0
-11.50495 5.9692001 -19.704849 0
-9.8990097 -10.512819 6.2269502 1
-7.9977498 -0.83600003 -7.3469501 1
8.0269251 20.465475 37.908226 2
-17.216749 3.4305999 -8.6438503 1
13.81935 17.6693 42.49295 2
-7.7946501 -0.4312 -7.9732499 1
-10.125325 13.348299 13.50585 2
-8.9277754 -9.1032495 4.1690502 1
-13.453662 8.36555 1.09705 2
-22.307184 -11.905766 10.242917 1
-9.3769503 5.5332999 17.412951 3
-11.10075 5.6517 23.67065 3
-20.247265 -1.335586 -1.31075 1
-10.047283 10.058366 9.5292826 2
9.9658499 14.3241 40.24585 2
-14.114949 8.3331985 35.52705 3
-17.20155 3.2908001 -9.9226503 1
-13.11715 7.6975999 31.42445 3
4.5458498 10.161551 35.463753 2
-1.2972831 18.6486 27.639482 2
-15.3615 4.8843498 -14.4247 1
-11.551451 8.2404003 0.90015 2
-13.91205 3.6396999 -20.592051 0
-8.5307169 14.755801 17.27215 2
-16.015051 4.8141999 -13.69025 1
14.08185 19.398899 42.173851 2
0.76569998 19.027599 30.897148 2
-7.6681771 -3.0789859 -2.096812 1
-7.8426499 -4.9793 0.23575 1
-18.151375 -18.083101 13.413249 1
0.41885 19.2139 29.976749 2
-21.61265 -4.0395002 1.7614501 1
-11.99105 10.0497 29.220551 3
-12.05755 7.8035998 -0.53684998 2
-13.59475 8.0619001 33.974152 3
-15.54235 -16.972099 12.40305 1
-12.739525 4.1313748 -15.873275 2
-0.088399999 18.68215 29.747349 2
-9.6338501 13.745967 14.871616 2
-11.565183 3.3085999 -43.051147 0
-11.728251 11.9045 8.5623703 2
-1.46675 7.2428999 27.958151 2
-10.30775 5.32025 20.4993 3
-10.18105 9.7671003 9.3509502 2
-8.4149504 -6.4672999 1.8146501 1
3.4342501 9.5576992 34.626251 2
-13.41175 8.9364996 2.3185501 2
-5.3666 5.5220499 21.336151 2
2.01685 8.5825996 32.418049 2
7.0136499 11.4882 37.516449 2
-7.560617 -3.5234001 -1.51425 1
-13.82355 2.7472 -42.900249 0
-10.753499 10.757466 14.669101 3
-11.06505 4.1552 7.75875 2
-7.9667501 -5.5753999 0.86404997 1
-12.48575 9.79 31.12875 3
-16.508301 -17.676201 12.65485 1
8.1806498 13.2346 38.931049 2
-12.635275 -14.29335 10.143575 1
-17.17745 3.2909999 -7.9203501 1
-0.508012 18.707699 28.6952 2
-17.40745 3.2035999 -7.3206501 1
-11.74585 6.0465498 -20.37015 0
-12.59825 6.3516002 28.500151 3
-9.7287502 -10.6011 5.5984502 1
-8.0363503 4.4453001 15.89425 2
-7.3610501 -1.3791 -4.82095 1
2.79005 9.1845493 33.9048 2
-10.82575 4.7504001 -19.07535 0
0.11555 7.5556002 29.577049 2
-21.312149 -15.8994 12.915616 1
-13.084271 7.1080608 30.104052 3
-11.50935 4.3435001 5.7507 2
-7.6052499 15.4634 19.01355 2
-12.45605 10.5564 6.4217501 2
-8.5169497 4.756 15.087749 2
-11.69865 5.4646001 -32.52845 0
0.37544999 7.8666501 30.626699 2
-8.7352333 -8.5339499 3.6291831 1
-14.02345 8.3364506 34.697098 3
-7.3621502 4.9965 18.156349 2
-13.708191 8.5023994 35.549988 3
7.7234001 11.959801 38.123352 2
-12.5447 4.2666998 -15.223101 2
-6.4656501 16.245701 20.38855 2
-22.069099 -8.6954002 7.2149501 1
-8.1332121 -6.0924621 1.267475 1
-13.296234 2.3175671 -43.089432 0
4.5905499 10.6828 36.003349 2
-8.9802752 4.5383 13.301426 2
-10.21535 5.434 19.79785 3
-7.69695 4.8548002 17.25935 2
-0.03325 7.8318 29.737999 2
11.912593 15.694771 41.276821 2
0.31384999 18.778 30.330416 2
-16.24415 4.6145 -13.21055 1
-6.4219499 5.3944001 20.112249 2
-15.113816 4.7016001 -14.849549 1
8.3066549 20.314339 38.475056 2
-8.9433498 4.3311 13.57065 2
-18.936951 0.81819999 -3.7155499 1
-12.90505 -15.0211 10.55255 1
-9.0530005 1.0704499 -12.6322 1
3.02055 9.7012997 34.273048 2
-21.05685 -16.553801 13.21055 1
0.150561 18.935213 29.64624 2
13.01135 16.375601 41.72715 2
-12.8321 6.5718498 29.1082 3
-11.0186 12.580299 11.2478 2
2.5299499 8.9640999 33.519051 2
-15.074349 -16.330599 11.859783 1
-9.5113249 -10.24995 5.5536251 1
-20.745226 -17.105825 13.280901 1
-8.69695 4.3580499 14.27285 2
9.6877747 13.716724 39.871716 2
-10.36485 10.86885 18.0937 3
-8.8529501 0.1212 -11.25025 1
-13.63365 9.6611004 33.48925 3
-7.3769498 -2.6609001 -2.7323501 1
-9.288517 -9.1578674 4.4840498 1
-16.871149 3.7612 -12.00375 1
-10.37325 10.3735 23.650049 3
10.308149 14.8553 40.460999 2
10.90757 14.90592 40.878948 2
-13.508316 5.7121658 -21.49585 0
-14.434216 4.2401662 -16.22905 1
4.13515 20.0117 34.621151 2
-11.9669 5.7403002 25.8829 3
-11.55565 -13.4414 9.1111498 1
-13.09597 9.3209219 3.496479 2
-10.642828 12.945444 12.266117 2
-7.2753501 4.9207139 17.552965 2
-7.5917501 4.7975998 16.92375 2
-13.74995 8.4540997 35.000751 3
-21.443451 -14.504749 12.498449 1
-13.638118 9.0979996 34.73185 3
-8.3176498 -0.1913 -9.3610497 1
-22.447849 -11.5032 9.8525496 1
-10.46635 10.9287 17.50705 3
-8.3635502 0.12970001 -10.50975 1
-1.0463001 18.520302 28.356949 2
-17.876366 -17.889484 13.339327 1
-8.6240501 -0.017999999 -10.73295 1
-5.1508999 17.0082 22.445 2
-12.69845 4.4521999 1.56745 2
-13.088224 7.2978501 30.9263 3
-7.85185 -0.80400002 -6.8675499 1
-10.08995 9.7033005 8.4369497 2
-11.12935 9.0031004 6.3253498 2
-17.129749 3.6544001 -9.44205 1
-13.01825 4.6087999 1.0373501 2
-13.725637 8.1303997 34.288025 3
-11.41615 5.1841998 23.440651 3
15.01145 18.7486 43.257351 2
-6.5529499 5.2933998 19.719549 2
-10.71435 5.4212999 22.04215 3
-7.0589361 5.113842 18.718618 2
-16.870501 3.4496 -8.9235001 1
-13.49895 5.1122999 -3.2306499 2
-17.99295 2.3060999 -5.5046501 1
-17.41925 3.0711 -8.0836496 1
-0.124 7.5223498 29.298351 2
-11.29315 8.2744999 1.73305 2
1.5328 8.6412001 32.02795 2
-22.456083 -8.3421326 6.692183 1
-22.279551 -10.9211 9.6490498 1
-9.7849503 5.3731999 19.05455 3
-12.934684 9.7178326 4.0677099 2
-20.114048 -17.894001 13.068149 1
10.52565 14.4996 40.40815 2
-7.9941502 -0.2362 -8.7347498 1
-10.296483 10.949767 13.640817 3
-3.7701499 6.0840001 23.937449 2
-9.9544697 13.5815 13.64111 2
7.3295498 12.6391 38.37505 2
-20.61265 -1.8937 -1.00995 1
-8.23915 14.9804 17.80715 2
-13.43325 7.5584998 31.598749 3
-9.9446697 10.30382 10.512331 2
-9.0594997 1.3390501 -13.052975 1
-10.54805 10.2768 24.928551 3
