# .PCD v0.7 - Point Cloud Data file format
VERSION 0.7
FIELDS x y z label
SIZE 4 4 4 4
TYPE F F F U
COUNT 1 1 1 1
WIDTH 965
HEIGHT 1
VIEWPOINT 0 0 0 1 0 0 0
POINTS 965
DATA ascii
-18.772301 10.81375 -50.615501 3
29.8652 13.75205 43.0532 2
-28.4963 1.60455 50.592602 1
-15.0118 3.6784501 -17.2623 0
1.75008 18.057308 32.276001 2
-18.995199 11.80635 -0.40169999 2
-21.581699 6.7163501 34.5186 1
13.185 7.0177498 40.818199 2
-28.4652 -2.1277499 -6.302 0
-6.0809669 4.7377501 25.874067 2
-12.0791 15.251925 18.106525 2
-16.917101 -9.6368504 -3.0520999 0
-10.5949 4.5536499 7.1496 2
2.3906 5.75245 34.8452 2
18.708099 17.979549 40.603298 2
-21.6752 10.836451 -22.035049 0
-24.480484 5.6648159 -12.53775 0
-19.6332 -0.43674999 26.946899 1
-18.1852 11.04115 9.948 1
-25.044201 0.02165 41.126499 1
-19.690567 8.7410831 24.472198 1
-29.88735 -9.3233995 -0.6268 0
21.776501 9.7933502 42.858002 2
-13.9523 4.59515 -1.0415 2
-22.2687 -0.65605003 34.035702 1
-20.6605 -14.97715 0.36520001 0
-19.251499 10.20985 16.9746 1
-19.377199 7.1705499 -5.2059002 1
-15.5827 8.6314497 -22.957199 0
24.472401 16.649549 42.383499 2
-25.0854 3.6317251 45.910576 1
-14.1509 1.3448499 -11.9784 0
-22.432199 5.0553498 40.093102 1
-15.489651 -5.3101501 -6.3209748 0
-14.3377 14.41185 13.186 2
-20.6329 10.2344 -13.1007 1
6.4344001 18.654249 35.064701 2
-8.8319998 16.42955 22.161501 2
13.719015 18.31922 38.904701 2
-2.339072 17.281208 29.15707 2
-17.5599 0.43125001 20.043999 1
-8.709733 4.75105 21.668936 2
-17.716499 5.7995501 -10.0389 2
-9.9426003 4.0613499 12.0901 2
-29.235001 -13.40925 2.1012001 0
-16.5361 13.80825 6.3204999 2
-20.500999 10.59625 -8.3150997 2
-16.1964 1.59145 15.3113 1
-15.182667 5.3114829 7.5436668 1
-15.9646 4.8695502 -4.8302002 2
-18.549801 6.8926501 -14.3479 2
-19.7668 11.08075 -4.4102998 2
-14.5983 -1.82165 -8.7110004 0
9.7368326 6.4894829 39.228966 2
5.7273998 5.9628501 36.952301 2
-21.109575 8.4682999 27.908201 1
-26.4284 0.45705 44.562698 1
-17.9105 13.032949 2.9110999 2
-23.762749 -0.31389999 37.457352 1
-23.807699 7.27565 -15.849 0
-26.101973 3.2799411 -10.345045 0
-27.437099 0.58494997 -8.4663 0
9.7691002 18.61595 36.641102 2
-18.5926 -12.19085 -0.92400002 0
27.875299 16.556351 42.6045 2
-18.053699 13.34165 -39.167999 3
-23.049099 8.4572001 -18.644899 0
-0.072532997 5.3694501 32.909603 2
-18.891199 9.3426504 21.4557 1
-4.5348201 17.103252 27.15708 2
-6.7077398 16.679831 24.140181 2
-24.457701 -17.81135 2.1108 0
-16.806 5.2913499 -7.4026999 2
-18.364 13.461917 -50.161968 3
-9.2966995 4.2356 19.127651 2
-29.2185 -3.9121499 -4.4914999 0
-29.8015 -7.17975 -2.1152999 0
-28.9049 -15.919849 2.6475501 0
16.09725 18.072275 39.875599 2
-20.907276 11.677875 -24.291626 0
-10.641 15.83995 20.0861 2
-9.7256002 4.0180502 14.7787 2
-10.2018 4.3357501 9.6206999 2
-22.356899 -16.582649 1.24055 0
-15.8727 14.00585 8.8055 2
-20.3395 -0.55315 29.420799 1
19.6726 8.6034498 42.458698 2
-11.0964 4.68505 4.6880002 2
-14.940567 14.280716 10.9427 2
23.67025 11.099875 43.229927 2
-21.224199 -0.62994999 31.6926 1
-16.6796 9.8790503 -24.629101 0
-20.614799 10.42385 -10.6191 2
-29.6364 -11.09865 0.80159998 0
27.880632 11.913116 42.47913 2
4.4106002 18.470449 33.9282 2
-19.4256 8.2822504 -12.8655 1
-3.9145 4.7347002 28.918701 2
-13.8832 14.74345 15.2808 2
-15.1773 4.4658499 9.5724001 1
-19.701365 11.313817 -2.323 2
-14.9686 -3.5694499 -7.3004999 0
-14.9085 2.52315 -15.492 0
-23.9636 3.8362501 44.167599 1
-23.071733 4.5020499 41.900364 1
-26.386101 3.26595 47.668251 1
11.45182 6.9119101 39.954479 2
-14.3782 2.18155 -13.6693 0
-20.043699 10.91405 -6.5123 2
-18.88715 10.92445 11.7187 1
-17.2645 13.40675 4.6504002 2
-12.24415 4.8654499 1.65025 2
-29.643299 -5.4573998 -3.4263 0
-18.094101 0.18945 21.8403 1
-27.326099 2.03055 49.250198 1
4.1455002 5.8731499 36.025299 2
-20.10199 13.281606 -50.1301 3
-18.0933 6.1775498 -11.6986 2
-1.1197 17.67275 30.417299 2
-17.918301 11.102551 8.2986012 1
12.1661 18.485649 38.077599 2
-26.902149 0.89429998 46.10915 1
-21.653851 10.3471 -20.494549 0
-19.141224 8.687151 22.9091 1
-25.9545 -17.80335 2.8387001 0
0.32903799 17.88295 31.259075 2
1.30632 5.7252102 33.681835 2
-20.329599 9.9445496 -14.7137 1
-9.5348501 4.1363001 17.549599 2
-15.5559 6.1985502 3.3964 1
20.189199 17.525749 41.040199 2
28.549101 14.59675 42.322399 2
-16.445601 1.18335 16.7819 1
-15.4598 7.3994498 -21.437099 0
-21.9781 5.3607502 38.696899 1
-22.441 9.4480486 -19.607599 0
-23.6574 7.80165 -17.226801 0
-17.8601 -11.09665 -1.7002 0
-17.10615 0.74454999 18.514999 1
-21.643101 7.2114501 33.023201 1
28.518858 13.101948 43.061783 2
-28.508499 -17.39485 2.3945999 0
-15.733666 -6.6350498 -5.738266 0
-7.9357672 4.5537171 22.894567 2
-13.16065 4.6451502 0.17655 2
-15.7226 1.98125 13.9953 1
-17.138409 5.9129858 -8.6768999 2
-3.4733441 17.269861 28.285011 2
-15.584 3.03145 12.5384 1
-18.2855 6.7990499 -4.2677999 1
-15.6561 4.2684498 -19.2759 0
-19.181549 10.51095 14.6616 1
-6.9129 4.5686002 24.671001 2
-19.4811 7.7486501 -9.3001499 1
-9.4900331 16.08865 20.964899 2
-21.626499 8.06215 29.950699 1
-14.4405 0.21875 -11.1486 0
-1.3474 5.16325 31.714399 2
-25.7045 0.14704999 42.4753 1
-7.8245001 16.63665 23.255199 2
25.025299 10.94795 43.062901 2
-16.330099 5.16255 -6.1201 2
-9.6097498 4.310225 16.136774 2
-11.530351 4.94765 3.281425 2
-14.542483 -0.90238303 -9.7057829 0
-26.937023 2.1038001 -9.4451504 0
29.9814 14.82955 42.256302 2
-9.0628004 4.2713499 20.476299 2
22.540899 17.218451 41.858501 2
-20.059219 10.89311 -50.31604 3
-20.546801 8.6425514 26.6105 1
8.5712996 18.64105 36.153 2
-21.1488 11.49385 -23.0399 0
-25.6038 4.2307501 -11.1045 0
-11.4156 15.55925 19.142099 2
-15.8631 6.3775501 1.375 1
-16.067225 13.868724 7.5353131 2
20.512146 9.4966946 42.688847 2
16.483965 7.7407842 41.841034 2
-18.922001 9.6104498 20.250099 1
-20.473482 10.326967 -11.871984 2
-27.639799 1.08345 48.491299 1
-21.2843 -0.10445 32.788849 1
-17.673321 6.6985302 -2.31236 1
-27.8589 1.03975 49.664398 1
-3.0090001 4.7736502 29.954201 2
-17.4681 -10.67585 -2.7421 0
-24.2017 6.3182001 -13.48865 0
-27.280323 2.8850501 48.348679 1
-20.333712 10.314276 -9.4528999 2
-19.271999 9.6787748 18.024275 1
-16.0014 7.0797501 -1.0391001 2
26.736752 16.829451 42.639351 2
-19.470249 7.9916 -11.707 1
-19.918043 -14.102365 -0.078725003 0
-23.3265 -0.53939998 36.315498 1
-19.970301 8.55655 25.6019 1
7.4762001 18.453217 35.535767 2
-19.1709 -13.22875 -0.55739999 0
-24.286301 0.36805001 40.229099 1
-16.2614 -8.2925501 -4.2298002 0
-23.7134 7.1249499 -14.5349 0
-22.3873 -0.0069499998 35.201401 1
-14.46965 14.15395 12.072701 2
-10.0509 4.2061501 10.7551 2
-24.897568 5.0981832 -11.645299 0
-19.0439 10.26385 15.7608 1
26.718149 11.85555 43.136803 2
-14.9481 4.8027501 8.5256004 1
-15.1837 3.7169499 10.4512 1
17.538275 18.06455 40.263672 2
-29.0438 -14.80425 2.4017 0
27.309 15.29285 42.857601 2
-25.7008 3.4925499 46.806499 1
-29.6738 -6.2388501 -2.6449001 0
-15.3756 4.9330502 -3.8436999 2
-18.801001 10.78875 12.7843 1
-26.072498 0.30899999 43.470497 1
-24.913366 -16.938583 2.6239331 0
11.3014 18.442551 37.3479 2
-14.5113 4.7314501 -2.0887001 2
-29.699638 -10.124805 0.065854996 0
-16.93535 10.71255 5.8450999 1
-27.89765 -0.16384999 -7.6810999 0
-24.082701 -0.26945001 38.4659 1
-19.314501 11.63405 -1.4091001 2
-28.254299 -1.1422499 -6.8337002 0
-18.839899 8.3905497 -20.287701 0
-18.335699 12.87535 1.9748 2
-19.969601 10.79125 -5.3839002 2
23.475725 16.839577 42.092602 2
8.5169392 6.3113899 38.516182 2
-18.8417 12.26885 0.51120001 2
-23.109325 -16.238649 1.969875 0
-23.5459 -17.44985 1.7862999 0
-21.696751 6.0440001 36.510948 1
-18.932501 -0.33884999 24.3503 1
22.838499 9.9663496 42.9856 2
6.9193249 6.1740499 37.626774 2
-18.946949 9.9270496 -25.033901 0
-7.4018998 4.5795498 23.800301 2
-16.986099 1.09795 17.6024 1
-15.6745 6.4059501 2.3343999 1
-15.875 8.8506498 -24.018299 0
-29.282784 -4.6646328 -3.8491831 0
3.6203001 18.35895 33.382198 2
2.4937999 18.217051 32.8713 2
-20.100201 10.6498 -7.4383502 2
-5.0585499 16.731949 26.429699 2
-19.382799 7.4351501 -7.1533999 1
10.574 6.7727499 39.608101 2
-15.7034 5.2551498 -19.578135 0
-20.44355 12.24295 -50.409901 3
-14.51284 -0.14595 -10.27408 0
-17.874001 0.34088299 20.930567 1
-29.832451 -7.9228001 -1.527 0
-18.345699 0.00095000002 22.8778 1
-9.8292007 4.0678501 13.0821 2
-17.718966 6.3105831 -10.8285 2
-16.871532 13.510616 5.5087781 2
-16.598101 -8.9671497 -3.6343 0
-15.90274 2.64995 13.318621 1
-15.7781 -7.2478499 -5.0500002 0
-28.9722 -2.92645 -5.3178501 0
4.9606671 5.9435172 36.447498 2
-27.22105 0.9224 47.020203 1
-15.4795 6.3772502 -20.9389 0
29.4121 12.96185 43.090302 2
-26.876551 -17.865101 2.675616 0
12.937634 18.286283 38.464603 2
-13.301849 14.821 15.94205 2
-18.4415 10.95135 10.9298 1
-1.6565779 17.284426 29.841866 2
-15.4324 14.08815 10.2425 2
-17.952801 12.696251 -50.271 3
-17.6653 13.14975 3.9159 2
21.128151 17.484798 41.334949 2
-18.092739 11.36393 -50.479042 3
-19.3965 7.3261499 -6.0953002 1
-27.708401 1.8771501 50.017799 1
-20.7012 0.0062500001 31.325001 1
-18.9464 9.8929501 19.0492 1
-27.292099 1.33505 -8.8465004 0
-19.519501 -0.00105 27.6702 1
-22.987999 -0.50664997 35.537552 1
-22.048599 5.66435 37.865101 1
-19.2978 8.3932514 23.8165 1
18.09338 8.1361294 42.080158 2
-15.5349 5.9698501 4.3669 1
-16.335676 7.2782502 -2.818625 2
-24.364849 -0.17245001 39.509899 1
-19.302099 13.468717 -49.886368 3
27.720236 14.692183 42.371399 2
-15.3663 5.7399502 5.7061 1
-27.8284 -17.86615 2.4986999 0
-21.635702 6.4089832 35.289501 1
12.323 6.8650498 40.414001 2
-14.5897 2.09865 -14.5203 0
3.1252 5.7852502 35.3055 2
-29.771299 -8.5812502 -0.97060001 0
17.28615 7.8914752 41.949699 2
-4.4793 4.7802 28.260349 2
-16.548134 1.66875 16.1299 1
10.50375 18.50845 36.978001 2
-21.8251 10.4846 -21.276073 0
-19.438917 7.89575 -10.096334 1
1.7042 6.0019498 34.496101 2
-15.1437 5.7198501 6.8462 1
-19.6448 9.4461498 -38.772202 3
-18.9359 9.11695 22.223101 1
0.57590002 5.4872499 33.460499 2
-10.751 4.6421499 6.3302002 2
-18.956501 10.508101 13.89905 1
-18.624599 12.44275 1.3736 2
-15.5285 8.1416502 -22.338699 0
-15.9906 9.69555 -24.287201 0
-21.98735 -15.8763 1.2751499 0
-18.234501 -11.90485 -1.6512001 0
-15.432 14.22595 9.4680996 2
-17.412901 11.09315 7.4115 1
-16.029499 2.1596501 14.7606 1
-8.4591007 4.9050002 22.429501 2
-10.44655 4.4851999 7.9151001 2
-28.679901 -16.666 2.6257501 0
-24.923225 0.64574999 41.693775 1
-21.46575 7.8965998 30.6961 1
25.84185 11.47215 43.067902 2
-4.0310001 17.20985 27.7381 2
-9.7638397 4.3013902 14.06008 2
-20.1579 -0.01915 29.948 1
-3.4822669 5.1040168 29.450369 2
-21.438499 7.7727499 31.635599 1
-18.660368 6.89815 -13.568534 2
-15.1565 3.3431499 11.1946 1
-29.3556 -14.13945 1.9571 0
27.8661 12.534651 42.91095 2
-19.341101 7.5809498 -8.4833002 1
-29.5326 -13.059299 1.5112 0
-26.5425 0.83854997 45.456299 1
-18.238716 6.6528039 -12.309982 2
-25.153776 -17.659325 2.3216751 0
-25.977165 0.88335001 44.121838 1
-22.844101 0.0047499998 36.053398 1
-14.5517 2.7571499 -14.8896 0
-23.927601 0.19544999 39.017899 1
-20.476801 11.510083 -50.349232 3
-14.5908 -1.59155 -9.4579 0
-29.6063 -11.81205 0.96340001 0
-6.2202001 16.85285 25.310101 2
-20.01985 11.0755 -3.7249501 2
-21.15975 -15.3479 0.83955002 0
-23.508909 7.5101252 -16.494913 0
23.230549 10.560551 42.873302 2
-22.1789 5.2796502 39.457699 1
-18.334049 6.7108002 -3.50405 1
9.1489124 6.6772051 38.859364 2
-14.9597 4.6284499 -2.7691 2
-20.62075 10.18515 -14.07745 1
-10.3031 4.40095 8.9140997 2
-28.758362 -3.5365 -4.9335499 0
-12.664867 15.097283 17.125168 2
-15.3094 4.4389501 -18.6786 0
15.281067 18.248518 39.635532 2
16.847775 18.0767 40.108849 2
-15.3217 5.4242501 -20.169701 0
-20.385799 -14.24715 0.43090001 0
-19.915899 11.19065 -2.9826 2
-15.515634 3.068217 11.840533 1
-14.936501 -3.32145 -7.9554329 0
-17.541967 11.30035 -23.214434 3
-8.8235998 4.2884498 21.1555 2
-23.674 0.09595 38.032852 1
-15.6171 -5.9712501 -5.9432998 0
-16.64595 5.3591499 -6.7096 2
-16.2159 -7.79215 -4.7242999 0
-23.872866 6.5347328 -14.060584 0
-21.023899 -0.55274999 31.0338 1
-18.0284 11.04425 9.2358999 1
-5.3766999 4.5489502 26.909599 2
21.9121 17.28405 41.576725 2
-18.7551 -0.27625 23.6856 1
-10.8941 4.64745 5.6584001 2
-23.733232 3.6474831 43.508434 1
5.8922281 18.479849 34.695671 2
-21.5285 -0.61124998 32.411201 1
-14.7396 -2.4837501 -8.7137003 0
-16.097898 5.30474 -5.3315802 2
-19.297352 11.077399 -50.283447 3
-26.3965 -18.33885 2.6968 0
-21.203199 11.70045 -23.679399 0
-19.1038 -0.24135 25.7528 1
-22.739401 4.7309999 41.150051 1
-27.3743 0.97745001 47.673698 1
6.2962861 6.286921 37.180714 2
-29.2244 -15.42955 2.2335 0
-15.1646 -4.7059498 -6.6458998 0
-22.531401 -0.47347501 34.743576 1
-15.4043 3.5327499 -17.780701 0
-19.870899 -0.52950001 27.872551 1
-23.12735 -16.916199 1.9374 0
-18.607401 13.69135 -39.051899 3
-17.0156 5.56005 -8.1267996 2
-17.0812 11.02085 5.2758999 1
-0.85680002 5.1159501 32.1558 2
-19.32 0.076350003 26.6712 1
7.5738339 6.2435842 38.030533 2
-25.59005 3.6745999 -10.74715 0
-14.1706 14.41325 13.8542 2
-15.1189 -4.22925 -7.2922001 0
-14.7195 3.26685 -16.0651 0
-23.498444 7.0789361 -15.303914 0
-12.72255 4.6852341 0.88051701 2
-7.4368 16.62285 23.814699 2
0.75849998 18.085051 31.709299 2
-24.7199 3.55885 45.373798 1
-19.629999 9.4819498 -20.2069 3
-25.3773 0.087849997 41.914398 1
-28.1092 -0.67131698 -7.2602668 0
-10.8228 15.65625 19.3936 2
-19.0443 -12.59495 -0.62669998 0
-20.5776 -0.51875001 30.024099 1
-15.1699 2.9965501 -16.591 0
-19.0016 10.02895 17.5453 1
3.1352 18.18845 32.9884 2
-1.753 5.3163509 31.153467 2
-24.747749 -0.0288 40.444901 1
-19.695826 -13.506233 -0.30419201 0
-25.060751 4.4960418 -11.488525 0
-17.1315 11.09705 6.3211999 1
-19.391449 8.1875496 -13.496401 1
-28.251049 1.23035 50.129402 1
-16.868601 6.8632498 -2.6064999 1
25.885965 16.044783 42.674534 2
-16.0917 13.96905 8.1619997 2
2.243 11.48075 30.6117 2
4.8882999 18.15975 34.2066 2
-21.799299 9.9812498 -19.997801 0
27.151451 12.14105 42.7729 2
-8.2716999 16.543949 22.7612 2
-8.4249001 4.3550501 22.0732 2
-20.4293 10.16405 -10.0607 2
-2.885843 17.289364 28.838343 2
-11.2753 4.7304502 4.0071998 2
-18.51725 0.30544999 23.67535 1
-14.7385 -2.6712501 -8.1034002 0
-16.879499 -9.5144997 -3.7516 0
9.2754831 18.301567 36.318569 2
-28.157301 -1.58675 -6.3526001 0
-20.5009 9.9155502 -12.5563 1
-17.5096 -10.62055 -2.12165 0
-19.445051 7.9257002 -11.0877 1
-24.455025 5.1192002 -12.238501 0
-22.857 8.9087172 -19.026667 0
14.719119 7.4589701 41.354 2
-15.6539 7.4863501 -22.020599 0
-21.902578 5.886251 37.142601 1
-9.2991991 16.154917 21.551767 2
-22.5166 4.5639501 40.5345 1
19.086075 8.5011501 42.292351 2
-29.866699 -10.70385 0.27869999 0
-6.4380999 4.4962502 25.434299 2
18.129999 18.083151 40.413399 2
-14.688801 14.2767 11.4984 2
-5.7746 4.50665 26.4496 2
-17.1915 -10.13095 -2.5773001 0
-21.717949 6.1583748 35.8722 1
-19.0453 9.2536497 20.8419 1
-13.08685 14.9493 16.535549 2
-16.6117 -8.9235497 -4.2392998 0
-27.4832 2.44575 48.8382 1
-14.0194 14.51715 14.738 2
-11.8061 4.7947502 2.5915 2
-9.5693998 4.0973501 16.8927 2
21.196899 9.64505 42.802399 2
-21.107735 -0.10225 31.954765 1
-21.8076 7.2494502 33.5994 1
-21.515301 7.4416499 32.3937 1
5.3141332 18.49795 34.479168 2
22.333 10.2637 42.8951 2
-24.287733 3.6896169 44.642536 1
-15.1506 4.9142499 -3.2932 2
-14.20435 4.9347 -1.5569 2
27.6168 15.85025 42.764198 2
-17.796301 12.09315 -50.421036 3
-21.7932 5.1849499 38.094601 1
-19.718901 8.3230486 24.886999 1
-6.0945001 5.05725 26.407499 2
-21.342201 8.1030502 29.325624 1
-17.3262 5.6208501 -9.2027998 2
-20.306023 10.51795 -8.8754997 2
-16.9093 11.01915 4.6489 1
-20.160999 -0.50555003 28.6709 1
-23.192101 4.2649498 42.480202 1
-20.277975 10.819849 -5.8795748 2
-7.0602002 4.9568501 25.1236 2
-17.955275 12.646976 2.366925 2
-15.5215 2.5541501 12.86055 1
-11.6714 15.43185 18.6392 2
-19.084949 10.683025 13.363924 1
-15.712225 6.8864751 -21.071701 0
-15.8261 6.7026501 0.90210003 1
-5.3604999 17.00515 26.023701 2
-21.9695 -0.62984997 33.425301 1
-15.18 4.74685 7.7431998 1
-15.5924 3.94245 -18.717899 0
-29.267 -12.64695 1.8041 0
-20.3547 0.038150001 30.4788 1
-13.280223 14.546049 15.445112 2
-12.471849 15.1485 17.65715 2
-19.353968 7.1236172 -4.4952998 1
-20.2071 10.99335 -4.7508001 2
-14.2937 1.9490499 -13.0438 0
-9.9366493 4.1540999 11.304001 2
0.79699999 5.8406501 33.889301 2
-19.4011 -0.41065001 26.198 1
-19.427999 7.5415502 -7.7026 1
-19.0933 -0.37494999 25.091101 1
-15.5072 4.91645 -19.1071 0
-21.3276 8.40345 28.419701 1
-9.6922503 4.0364499 15.65785 2
15.906651 7.6699748 41.739475 2
8.0773001 6.4939499 38.129501 2
24.892099 16.309732 42.518353 2
-29.093534 -14.108951 2.4471331 0
-20.7229 8.4054499 27.3794 1
27.289524 16.818199 42.637051 2
-14.6095 14.28875 12.5901 2
1.3317 18.099949 31.920101 2
-14.197 1.6860501 -12.4711 0
-27.299967 -18.080284 2.3462 0
-15.4644 5.8130498 4.8884001 1
-18.741199 -12.75175 -1.0559 0
-2.4597001 4.9969501 30.5347 2
-18.2873 6.4689498 -12.9302 2
-15.243401 5.1367002 8.2101994 1
14.54025 18.26465 39.267651 2
-15.691401 4.9160991 -4.2876 2
-23.3685 0.090149999 37.405399 1
-0.3396 5.3593502 32.409901 2
-16.598499 1.13045 16.1409 1
-14.9014 4.4902501 9.1084003 1
-20.2285 10.56785 -6.8825002 2
22.987101 16.719183 41.8983 2
-19.661699 11.42425 -1.7646 2
-19.123501 8.8819504 23.4114 1
-26.096601 3.2931659 47.1124 1
-27.960199 1.7061501 50.460899 1
1.5638 5.5743499 34.204102 2
-17.7341 -11.10155 -2.25895 0
-18.112148 -11.552349 -1.26635 0
-0.6081 17.869551 30.705099 2
-24.1929 -17.352551 2.2248001 0
-21.518986 -15.719893 0.97570002 0
-14.4805 2.55935 -14.2725 0
-19.282967 9.6933832 18.688734 1
-19.2717 8.74195 22.3965 1
-15.4183 5.2597499 7.0713 1
-29.684601 -12.299018 1.1581 0
-16.766899 10.57275 -25.097 0
-0.10565 17.88715 30.956051 2
-14.289249 0.31055 -10.6501 0
1.226 6.0285501 34.1339 2
-29.660339 -9.6920271 -0.32458299 0
-22.711935 -16.475183 1.6786669 0
-9.8003998 4.0072498 13.6266 2
-22.347799 -16.05665 1.6109999 0
-15.7129 9.22855 -23.672501 0
20.1546 9.1198997 42.617401 2
-18.885719 11.92465 0.09702 2
-18.218102 0.26304999 21.31735 1
-21.895802 -0.116575 33.828751 1
-19.11492 0.051770002 24.703381 1
-18.943199 8.8330498 21.785999 1
-23.445999 -0.49834999 36.820301 1
-29.179701 -5.3452501 -3.2244999 0
-17.8612 13.07465 3.4439001 2
-9.2195997 4.1950498 19.6367 2
18.554199 8.3491497 42.212151 2
-14.87225 -1.1209 -9.3749504 0
20.688499 17.643002 41.082649 2
-12.0358 4.7514501 2.1336999 2
-16.8466 0.88405001 18.0952 1
24.009001 16.744049 42.189098 2
-2.0947001 17.48045 29.55945 2
-23.295898 8.231617 -18.258368 0
-25.862467 0.303617 42.935268 1
-17.911699 6.01825 -11.2487 2
-16.865499 0.93774998 16.936501 1
19.7155 17.80665 40.805302 2
-19.155066 10.05055 16.210199 1
-15.1778 4.17805 -18.1647 0
8.5691004 6.7803502 38.7052 2
-20.72085 -0.551 30.528299 1
-10.11925 4.2651 10.1143 2
-21.6038 11.24275 -22.6283 0
-7.2904201 4.7398701 24.2659 2
-17.2705 0.58649999 19.102249 1
-5.0552001 4.5805502 27.427401 2
-16.267599 -7.37255 -4.9983001 0
29.4375 14.01275 42.894299 2
2.0841 5.6918502 34.387001 2
-28.670366 -2.3196499 -5.8572669 0
-9.0008001 4.6601501 20.869801 2
-16.511499 1.33705 15.6056 1
-18.591499 11.00575 10.4553 1
-10.0752 15.973916 20.761967 2
-19.930851 8.7271004 25.090401 1
-17.121099 -10.05065 -3.2407999 0
-2.9391999 5.1392002 29.6236 2
20.9883 10.09485 42.842201 2
-18.88715 13.473249 -50.160099 3
-8.7851 16.239651 21.704599 2
11.887401 6.7185168 40.225266 2
-14.5932 1.76215 -13.5142 0
-18.4133 12.93155 -38.948101 3
-1.6372 5.5598502 31.7563 2
-18.8318 7.26085 -14.5132 2
16.496065 17.785917 39.910934 2
-19.1504 0.13045 26.11165 1
-19.0007 10.60665 12.3734 1
-15.703951 6.1234999 2.9340501 1
-17.061701 13.62465 5.04 2
10.18595 6.4949002 39.425148 2
-26.531452 2.8871 -10.066775 0
10.9535 6.9504499 39.8615 2
-4.8495998 17.00235 26.797001 2
-20.457582 12.8761 -50.2771 3
-22.282972 9.1061926 -19.299929 0
-27.048666 1.15325 46.493084 1
-21.6854 -0.087399997 33.064751 1
-18.142101 6.5381498 -3.0931499 1
-23.665899 7.3930502 -16.9387 0
-19.5228 8.8033504 24.021601 1
-18.97525 10.2198 15.042749 1
-17.6961 10.77195 8.0233498 1
2.7123001 6.1935501 35.186699 2
-19.412901 7.3852501 -6.6739001 1
-15.487567 5.4791832 5.269166 1
-14.5165 1.52065 -13.1043 0
-15.6179 3.4054501 11.512 1
-25.3731 3.5044 46.275051 1
-20.618851 10.380751 -11.125999 2
-18.686298 11.215549 -50.365448 3
-21.73455 5.5507998 37.519302 1
-22.164148 9.6695499 -19.931801 0
29.552 13.43725 43.234699 2
26.6306 16.22455 42.692299 2
-19.473125 8.3600006 24.280849 1
12.7387 6.9540501 40.629902 2
-21.763124 9.88305 -20.488888 0
-15.66715 -6.868475 -5.3163748 0
-27.662399 0.31677499 -8.0897264 0
-14.7281 2.9583499 -15.4259 0
-18.581299 13.285049 -39.297199 3
8.1380997 6.80125 38.506699 2
-21.724199 -0.50220001 32.83675 1
-18.50845 12.116433 0.87720001 2
-14.182 0.60294998 -11.0084 0
-22.203701 5.5068002 38.306 1
-17.92115 0.52880001 20.33555 1
-20.807699 8.3229504 26.844101 1
-26.14852 0.72969002 43.707558 1
-15.1218 3.90785 -17.7202 0
-6.494 16.857349 24.924 2
-21.145901 8.2016497 28.806 1
-4.4519 17.03385 27.617001 2
-14.9799 3.4237499 -16.653601 0
-29.517099 -8.9887514 -0.66909999 0
-24.54225 -0.06955 40.0229 1
-21.714399 6.8848791 34.099316 1
22.81925 10.383801 42.727501 2
27.6821 15.0232 42.7034 2
-14.2424 0.69744998 -11.8325 0
-27.776899 1.31665 49.235001 1
-20.387501 -14.61605 0.1398 0
-26.825933 3.08795 48.114765 1
-26.04895 3.622575 -10.665725 0
-9.7115602 4.51229 14.47554 2
-20.507801 10.131351 -15.104568 1
-14.4964 -0.64655 -10.095449 0
13.376075 18.159525 38.629826 2
-20.9541 -14.91495 0.81639999 0
-23.8944 6.92555 -15.1087 0
3.6789 5.7898998 35.670853 2
-16.7143 1.41585 17.084999 1
-26.670771 2.4760101 -9.6854477 0
2.3018751 17.867802 32.563362 2
-20.495399 10.02235 -11.5204 2
-17.8316 5.9695501 -10.4566 2
-15.478654 13.918926 9.1216698 2
-29.666132 -6.7210832 -2.2799671 0
-29.683001 -7.5124502 -1.7611001 0
-20.451675 10.67075 -7.74085 2
-22.6929 4.33495 41.3867 1
-16.127174 2.0777249 14.286 1
15.687975 17.933775 39.700302 2
-15.3763 5.5318499 6.2217999 1
-29.681435 -5.8870168 -3.0576 0
-23.613199 7.9816499 -17.668501 0
-14.3935 -0.25584999 -10.7067 0
0.35479999 5.8297501 33.207199 2
-17.948349 0.56040001 21.5445 1
-4.8891001 16.78735 25.9988 2
-19.699749 11.100475 -50.515602 3
-18.6248 7.1434498 -15.2012 2
-10.496173 15.520803 19.688068 2
-10.688375 4.9058251 6.7010498 2
-19.43985 11.66325 -0.92135 2
-18.6429 6.7088499 -13.0933 2
-18.6362 -0.21224999 23.1618 1
-19.093065 10.27665 14.269817 1
-15.69335 8.8881493 -23.31905 0
-16.073366 9.2770834 -24.123301 0
-18.160851 0.47189999 22.274549 1
-15.5727 5.9706502 3.8756001 1
-20.463699 10.08115 -17.101551 1
-18.974649 9.2719002 -25.056499 0
-15.0453 2.9087501 -16.161501 0
-28.2215 -17.30015 2.7351999 0
-28.0697 -17.495399 2.329016 0
-28.53125 -16.29855 2.8459499 0
-24.336201 6.0815001 -12.9285 0
-4.8184671 4.8566828 27.900232 2
-19.0755 10.59565 -50.3568 3
-24.27375 -0.090000004 38.973053 1
-3.2667999 5.2195501 29.940001 2
-19.43845 8.0956001 -12.284575 1
3.0453999 5.92665 34.885601 2
-15.4233 7.79705 -21.7913 0
8.8486996 18.19735 36.205101 2
7.0729799 18.47963 35.338699 2
-19.385099 7.2486501 -5.6529002 1
-15.8033 6.4540501 1.8135999 1
-15.078341 14.10309 10.5184 2
-21.757099 -16.08955 0.88450003 0
-3.139082 17.086613 28.528776 2
-6.5683999 4.7892499 25.0044 2
-15.136 14.0232 9.9134998 2
-14.6162 -2.10045 -9.0605001 0
-29.47245 -10.544701 0.41725001 0
-28.654699 -17.133051 2.7262001 0
-26.899643 1.650028 -9.129199 0
-23.771 6.9665499 -14.1132 0
28.861099 14.25415 42.504902 2
5.34828 6.12573 36.656803 2
-17.522202 5.7495499 -9.6408005 2
-26.8508 -18.23155 2.4237001 0
-15.8847 2.39465 14.0898 1
27.5158 12.2782 42.5583 2
-29.295311 -5.06394 -3.6556561 0
-23.576099 4.0624499 43.2938 1
-25.312 -17.88505 2.668 0
23.190201 10.87195 43.1852 2
-22.1035 5.0611501 38.9958 1
-19.7696 0.0093499999 28.3414 1
-12.911166 14.83845 16.147034 2
-19.442963 7.895988 -8.8867254 1
-20.5779 11.62925 -24.578899 0
-14.737257 4.9086499 -2.513778 2
-20.7248 -0.091899998 30.87455 1
4.5285001 5.8958502 36.237701 2
-10.2613 15.79655 20.3953 2
-17.418301 0.57735002 19.514601 1
-8.3168764 16.464975 22.297825 2
-15.705 6.2325001 -20.592751 0
-21.709179 10.097651 -20.869764 0
-15.702813 13.875136 8.3393574 2
-13.3724 4.75875 -0.24455 2
-24.8559 5.1839499 -12.0769 0
-25.2616 3.6064501 45.5116 1
-21.77425 7.11795 32.5313 1
-18.443899 6.7755499 -13.941 2
-21.893749 6.6546998 34.817398 1
-11.3753 5.0587502 3.7244 2
-19.419388 8.0875931 -10.502156 1
-23.9123 -0.25209999 37.922852 1
23.51466 10.889441 42.853157 2
21.491009 17.104404 41.372433 2
-20.6469 10.171949 -14.522301 1
-12.49994 5.1029902 1.27292 2
-4.0940671 4.9387169 28.494436 2
-23.346701 4.27705 42.902599 1
-5.8776999 16.855701 25.60825 2
-16.336201 -8.282383 -4.6567001 0
-29.319725 -4.2884002 -4.3027749 0
-23.930799 -17.60675 1.9065 0
-14.656667 2.12675 -14.094833 0
-16.230143 5.4902902 -5.7562799 2
-20.6019 10.56775 -9.1847 2
-16.546249 13.7558 6.83705 2
-21.904015 5.7130809 36.69281 1
-26.106564 2.8836501 -10.130092 0
-27.429399 0.97455001 -8.6577997 0
-16.306702 1.8614 14.896425 1
-19.408501 -13.58135 -0.6135 0
-14.0308 14.63335 14.3255 2
-27.891674 -0.91415 -6.9650998 0
-13.684533 4.7581172 -0.73813301 2
14.286699 7.2853999 41.300999 2
-17.9695 11.14825 8.7208996 1
19.098326 17.6877 40.620476 2
-22.532234 4.9071612 39.705357 1
-22.062401 -16.335251 1.0555 0
24.4006 10.76125 43.119999 2
-17.488928 13.287308 4.2790279 2
-20.491848 12.49375 -50.068604 3
-20.462799 9.9552498 -12.08 1
-16.745152 10.11885 -24.974751 0
-15.433 3.72135 -18.161301 0
-21.519018 -0.31057 32.110062 1
-15.269 -4.3761172 -6.9196658 0
-20.190901 8.6765499 26.2889 1
-17.957001 -11.43455 -1.9392 0
-29.335566 -11.491917 1.0318 0
-21.5371 7.6739502 31.1091 1
-7.7202001 4.5450501 23.3395 2
-15.9669 6.7431502 0.244 1
-17.745399 11.09285 7.7502999 1
13.700215 7.1402168 41.0229 2
-12.0587 15.20155 17.577999 2
-20.27837 10.45664 -10.32654 2
-20.618149 -14.5604 0.59420002 0
-27.147699 2.6036501 48.634899 1
-29.438532 -12.657216 1.3503 0
-18.3468 -0.042950001 22.0867 1
26.419399 11.73985 42.849899 2
-16.896149 13.6364 5.9107499 2
-29.228601 -14.472516 2.1827331 0
-9.9032001 4.3463502 11.68985 2
-15.2011 -4.8731499 -7.0299001 0
-22.726601 -16.087725 1.883375 0
-14.5863 -1.49005 -9.0500002 0
-20.881102 11.535916 -23.897066 0
17.704899 7.9847999 42.028297 2
-15.326568 3.5508831 10.872001 1
-9.8902493 4.0942001 12.54295 2
-18.584299 10.88485 11.4314 1
-16.862867 5.686367 -7.75775 2
-23.889135 6.7339501 -14.562966 0
-19.2369 10.42535 15.4269 1
28.02335 14.707399 42.658501 2
-15.3896 5.73245 -20.4433 0
-17.77335 0.68155003 20.711 1
-18.3596 12.65345 1.6178 2
4.115633 18.272884 33.709084 2
10.8618 6.5362501 39.795502 2
14.9476 18.20005 39.328602 2
-11.6813 15.301216 18.2435 2
-20 -0.34725001 28.320801 1
-9.4554005 4.1540499 18.166199 2
-12.933149 4.6443501 0.52469999 2
-7.119 16.7187 24.095699 2
-2.5948 5.0619502 30.1474 2
-15.9419 7.0329499 -0.52499998 1
-15.76645 2.2830501 13.4565 1
-21.587952 7.7009501 30.1507 1
-21.924099 6.1335101 35.497181 1
7.928833 18.455282 35.707569 2
-29.136101 -15.40585 2.6373999 0
-19.292599 -12.8586 -0.83770001 0
-24.529699 3.3620501 44.822735 1
28.1688 12.708 43.131401 2
-26.489801 0.71595001 44.88467 1
-19.478901 8.6851168 23.481733 1
-27.4214 2.07935 49.721699 1
10.8113 18.600849 37.236401 2
-19.7397 10.93595 -3.4574001 2
24.009399 10.85005 43.2117 2
-16.9991 -9.33885 -3.3994 0
-10.3898 4.7253499 8.2437496 2
-17.909525 11.692843 -50.314537 3
-15.888901 -6.2691998 -5.841433 0
-17.29635 10.889167 5.9289999 1
15.5154 7.5521498 41.709499 2
-19.427521 7.917491 -9.6679211 1
-15.2869 3.3810501 -17.310101 0
-14.6351 2.3793499 -15.0189 0
-23.576035 -0.15361699 37.057232 1
-29.8703 -8.3533497 -1.32515 0
-20.0861 10.59955 -6.1631999 2
-19.716066 13.343017 -49.921467 3
-14.3508 4.58355 -1.7003 2
27.812799 16.95575 42.566002 2
-15.0438 14.17235 11.3201 2
-9.5741253 4.3196249 16.5543 2
-29.351 -10.95055 0.55610001 0
-19.0285 9.8603497 18.291401 1
-23.7171 7.1752501 -16.2302 0
25.4006 11.32435 43.199799 2
-18.115999 13.077001 -50.0924 3
-18.903299 9.8080502 19.457899 1
25.249001 16.26215 42.335999 2
-9.1164656 4.3078842 20.078268 2
-21.8328 7.5057502 31.988501 1
-14.757 -3.02915 -8.2876997 0
-15.3869 2.9344499 12.198 1
-14.852 14.19555 11.8574 2
-27.5165 1.08435 48.034801 1
-22.010099 6.0757499 36.188801 1
-15.5859 5.1092501 -19.933901 0
14.1273 18.257526 39.050323 2
-2.0806661 5.1555839 30.895334 2
-3.5492671 4.9645162 29.059168 2
-22.621099 8.6749496 -18.756701 0
-18.1413 6.2945499 -12.1582 2
8.4821396 18.303019 35.918831 2
-9.4436493 4.1729999 18.592501 2
-17.3519 11.04455 6.8976002 1
-17.300016 6.6973581 -2.455466 1
16.88839 7.8840942 41.910645 2
-11.23215 5.07655 4.2529502 2
-14.9723 4.0274501 9.8704004 1
-11.0196 4.9092498 5.0093999 2
-18.330318 11.081129 9.4944401 1
-20.635151 10.22135 -13.6251 1
-18.431524 -12.085924 -1.2731251 0
-15.7778 -5.6936498 -6.2693 0
11.528681 18.46969 37.676682 2
-16.292299 14.00395 7.0489001 2
-29.907633 -8.9500837 -0.91106701 0
-16.42544 5.4881301 -6.3267398 2
10.104549 18.4401 36.764648 2
-15.1647 3.18485 -16.940001 0
-2.0652001 5.54845 31.230101 2
-17.0345 10.71365 6.3035002 1
-23.863503 6.3294339 -13.693892 0
-1.6081001 17.623949 30.0389 2
5.9299998 6.5253501 37.234901 2
-18.14785 6.7105498 -3.9084001 1
6.5873499 6.1462498 37.4072 2
-18.7661 10.6626 12.06115 1
-15.921933 -7.1374168 -5.4519 0
-20.517241 -0.29705 29.703939 1
-19.218599 9.2024498 21.2637 1
22.1672 9.7473507 42.847198 2
-22.7644 -0.36295 35.040501 1
15.0833 7.5162001 41.490574 2
-19.860149 10.876101 -4.0885 2
-24.992701 3.65575 45.052898 1
-15.7438 8.7106504 -23.664801 0
-22.36175 -0.46610001 34.365051 1
-18.621401 7.0028501 -4.2238998 1
-21.506399 -15.34635 1.0898 0
-19.791851 -0.45715001 27.497349 1
-16.3069 1.8784 15.551325 1
-20.1873 10.14115 -12.2838 2
-15.09726 -3.8838699 -7.4916201 0
-3.8313999 17.21825 28.0725 2
-12.299267 15.109139 17.285942 2
-22.6411 0.041450001 35.569698 1
-5.8414998 16.81625 25.2227 2
-25.2519 4.1553502 -11.252026 0
-20.34305 -14.244801 -0.020199999 0
25.5207 16.162649 42.605499 2
-16.735399 10.94295 4.3105998 1
-16.890533 10.691617 5.349134 1
-17.579599 0.77904999 20.2132 1
-16.4375 1.44055 15.0485 1
-16.333075 9.8373756 -24.461849 0
28.902266 13.08479 43.111328 2
-29.684767 -11.468516 0.69876701 0
-20.267151 -0.5535 29.039848 1
-17.115133 1.3262 17.3179 1
-29.348751 -6.5286498 -2.4121001 0
-0.70105702 5.5149999 32.261616 2
