# .PCD v0.7 - Point Cloud Data file format
VERSION 0.7
FIELDS x y z label
SIZE 4 4 4 4
TYPE F F F U
COUNT 1 1 1 1
WIDTH 997
HEIGHT 1
VIEWPOINT 0 0 0 1 0 0 0
POINTS 997
DATA ascii
-41.92482 -20.206142 62.028099 4
42.126427 10.286825 39.540798 3
-23.19055 16.692974 -62.034676 1
2.35039 7.7934899 31.921431 3
-36.156151 -15.61375 -11.49585 2
-30.500175 -1.199025 35.838161 4
-16.3692 2.9802499 17.730049 0
21.464149 19.342075 36.158035 3
-21.870518 -3.730114 -18.8552 2
-30.681252 -15.4656 47.784351 4
-7.00945 17.514351 20.46015 3
-23.208549 13.31235 -17.676849 1
28.1828 8.288949 42.763226 3
-35.794952 -1.8494 -15.94405 2
13.783421 8.2955399 39.710449 3
-20.548704 -5.8196578 27.4174 4
8.2822056 19.838888 32.286316 3
-27.088762 4.0182691 24.05459 4
-24.99235 -11.22515 38.285351 4
-2.9527221 6.8281469 21.594048 3
33.404549 16.441349 38.276527 3
-19.560818 4.0945501 -25.391201 2
-36.200294 -13.469553 56.480476 4
-26.811579 -11.416867 -13.879105 2
-32.835499 -5.5768499 45.540699 4
-17.362997 8.6252928 -12.040709 3
-23.97463 7.5435171 15.207685 4
-13.3748 6.91675 1.8865499 3
-5.812983 7.196878 13.832661 3
-17.030184 14.10925 4.3951159 3
-17.137251 6.0875502 10.71995 0
-10.982709 16.470533 14.180974 3
-36.890289 -8.2753248 -12.393899 2
-27.796318 10.664524 -26.811958 2
-20.92625 14.41195 -9.6546497 3
-34.144867 -9.3434296 51.268764 4
-16.296551 0.84775001 23.21925 0
-34.465031 -16.942411 52.03059 4
-38.665401 -18.689651 57.471001 4
-14.80015 8.3229008 -6.8873 3
-20.159203 6.85815 -30.252501 2
-19.762667 9.0389833 -17.311966 1
-22.349251 9.1428499 10.05325 4
-24.96995 15.42675 -34.525349 1
-14.82285 14.75475 9.4605503 3
-3.367162 18.254385 24.205248 3
13.330999 20.119751 34.031364 3
4.0392938 19.40905 29.179905 3
-11.00335 6.6695499 6.5694499 3
22.883423 8.2588959 42.421654 3
-18.29785 12.97315 -14.52685 3
-19.59235 12.05045 -35.05505 2
18.392044 8.5691338 41.154446 3
-21.18858 20.076181 -50.239849 1
-18.896851 -3.2235501 23.53635 4
-19.92115 0.94690001 -21.7917 2
-29.860949 0.226372 31.657892 4
-28.910072 1.9390399 27.590635 4
-31.789249 -15.43305 -11.98985 2
-18.215683 14.346149 0.104017 3
9.8615503 7.9921498 37.886551 3
-30.403049 -2.3933499 39.942249 4
5.385592 7.8918362 34.835201 3
-25.92705 13.64835 -30.972151 2
-19.7705 14.531758 -5.7998409 3
-32.68515 4.0087242 -20.237476 2
-21.268351 9.6992502 6.4039502 0
-18.133066 -1.280445 20.495098 4
-23.677032 -9.8497496 35.157017 4
24.902349 18.775503 37.201492 3
29.968895 17.564758 37.886105 3
-40.16663 -17.08835 60.33297 4
-21.890453 -7.5284848 30.269476 4
-19.54105 9.6665497 -32.398651 2
-36.464302 -5.0987501 -14.18145 2
-21.76215 14.0869 -13.11255 3
-33.552166 -7.4882579 48.396904 4
-34.436367 0.815988 -18.024363 2
-24.615049 6.7438502 18.80945 4
-28.94665 -13.71415 -12.54915 2
-37.651199 -15.69695 58.569603 4
-0.086612999 7.4951539 29.180834 3
-28.937187 -14.065738 45.415161 4
-25.647251 5.3491001 21.526199 4
1.30615 19.2843 27.38895 3
-1.85435 6.9591498 25.29155 3
-16.85535 1.4066 20.409 0
-26.483049 -12.62905 41.379848 4
-23.537495 18.839321 -51.578098 1
-17.021049 -0.70415002 16.835649 4
-1.073983 18.665117 25.93815 3
-19.010084 14.497684 -3.0603499 3
35.806427 15.480125 39.101902 3
-24.846399 -9.8616505 -14.90455 2
7.5763569 8.1487188 36.456757 3
-22.925049 19.56945 -61.624599 1
40.195816 12.147117 39.422585 3
-22.695049 -6.0283999 -17.62085 2
27.456339 18.311371 37.95966 3
6.1129332 19.384266 30.713135 3
-29.915951 7.9465499 -22.85845 2
-22.47365 -8.67875 32.56715 4
-19.79525 5.1940999 -27.5522 2
-16.305651 3.7797501 15.44325 0
-4.7397499 6.8555999 15.938351 3
-40.569599 -19.446301 60.267448 4
-16.95912 5.004045 12.773656 0
-13.98895 8.2733498 -4.5741501 3
-6.8517962 7.2536769 11.728165 3
-12.353318 15.931319 12.421417 3
-16.2173 14.016325 6.8341751 3
-17.9575 7.4066501 7.7266998 0
-28.138214 2.9722049 25.783442 4
-31.40023 5.6863298 -21.33429 2
-30.183655 -0.47326699 33.783176 4
-13.493783 7.33605 -0.68481702 3
-0.96507198 7.5771279 27.217115 3
-3.7283001 6.6737499 18.70425 3
10.257775 20.054073 33.107826 3
-8.2845497 17.213751 18.72435 3
-27.593 -13.3708 43.942551 4
-28.43165 9.9362497 -24.94125 2
-34.149696 -10.5882 52.959026 4
15.476851 20.048302 34.75745 3
-33.921402 -15.82145 -11.1518 2
-20.55625 -0.91565001 -20.294849 2
-35.453781 -12.030133 55.017448 4
-20.868488 10.108772 4.4053779 0
-9.7386503 16.84115 15.91915 3
-21.188751 17.00815 -61.9729 1
-36.826149 -13.417999 -11.177068 2
20.908035 8.2233658 42.010818 3
-25.248535 14.307433 -32.750702 2
-13.65535 15.461201 10.90925 3
33.052849 8.8923502 42.37225 3
-22.563341 12.377757 -30.996147 1
-20.34865 14.54635 -7.6533499 3
-17.449551 14.37295 2.4381499 3
-27.424393 11.402907 -28.577877 2
37.302551 9.2360001 41.43235 3
30.289343 8.3219128 42.545868 3
31.650763 16.950739 38.411999 3
40.461399 9.9791832 40.212231 3
-22.98595 20.00815 -49.954449 1
-35.097847 -0.58205003 -17.034939 2
-20.673531 9.3381996 -18.842491 1
-36.084652 -3.6338151 -15.166863 2
-36.908722 -10.605576 -11.428926 2
-18.708851 -2.04285 22.221951 4
-19.93335 8.2120342 -31.464584 2
-33.341404 -6.7476649 46.769291 4
-18.378849 8.5726509 -13.47645 1
19.071173 19.711327 35.579884 3
-21.506899 13.869686 -11.402784 3
-26.710756 12.380773 -29.855715 2
-22.644249 13.66345 -15.87465 1
-34.021549 -8.2459002 49.870049 4
-16.363909 8.4817839 -10.661058 3
-30.664219 -3.404475 41.383492 4
-15.39075 8.3321505 -8.6387501 3
-19.25865 8.6691504 4.6291499 0
-16.365728 2.614078 19.368023 0
-29.62875 1.0632499 29.829651 4
-18.839451 8.5917501 -15.29595 1
-21.153673 -2.261878 -19.546621 2
-30.323572 -14.50386 -12.097715 2
15.603041 8.2314281 40.342438 3
-37.36375 -18.212749 55.71365 4
-32.101353 -4.8599749 44.286251 4
-28.829124 8.8891754 -23.6964 2
-23.98805 -8.8270502 -15.75815 2
-41.343449 -17.97805 60.930149 4
-17.777349 -0.41014999 19.08745 4
11.7401 20.03385 33.657501 3
-23.474951 -9.46385 33.581749 4
-5.8213992 17.578974 21.911444 3
-4.7196298 17.874828 23.102589 3
-24.285801 7.164 17.352001 4
-20.778749 -6.62955 28.79685 4
-30.924049 7.0757499 -22.07235 2
2.6236169 19.369612 28.194426 3
-36.697784 -14.549334 57.463184 4
-16.18438 1.529117 21.863579 0
-31.45565 -15.75645 49.05275 4
12.382488 8.311573 39.126949 3
-26.129549 4.9159832 22.89115 4
-24.406549 -10.64995 37.00835 4
-23.13715 8.91185 11.30205 4
-15.555421 14.227313 8.283287 3
-13.017192 7.1404958 3.3324921 3
-3.7451501 6.8569498 20.169451 3
-33.486195 -16.513687 50.933964 4
-19.24765 3.09095 -24.07185 2
-19.772982 13.399734 -35.536968 2
3.4033329 7.6319671 33.145817 3
-4.3559899 6.875525 17.324745 3
-21.866644 9.5619898 7.9740701 4
-36.878719 -6.9429679 -13.140964 2
-7.48985 6.9587498 10.43245 3
16.952936 8.2948322 40.807182 3
-22.202343 13.731191 -14.525964 1
-9.1663666 17.040766 17.283649 3
11.092112 8.2373428 38.543869 3
-23.298298 -7.1921682 -16.932856 2
-23.66625 15.5001 -35.589649 1
39.42815 13.30555 39.526398 3
-34.881248 -11.17065 53.982349 4
-8.5957499 6.9988499 9.2750502 3
26.760817 8.5036497 42.776882 3
-23.550749 18.001938 -61.737476 1
24.397345 8.2842951 42.615177 3
40.999802 11.009951 39.392952 3
-36.887417 -12.08497 -11.003366 2
-16.811649 13.71885 5.6716499 3
-19.18655 -3.9295499 24.63835 4
-41.253853 -19.11235 61.663048 4
-23.315771 8.0718393 14.14864 4
28.714651 17.898149 38.149418 3
-21.976549 -4.9119501 -18.279249 2
-2.13375 18.608749 25.17845 3
7.20083 19.765278 31.609751 3
-20.954201 18.99255 -51.002853 1
-32.888248 -15.07785 -11.17115 2
-23.37405 13.02085 -19.007351 1
31.60673 8.6777201 42.483444 3
-38.722252 -15.86795 59.224449 4
-20.23115 -4.8881502 26.63065 4
-13.916277 7.887979 -3.3053989 3
4.3854041 7.7968149 34.07917 3
-33.293816 3.07955 -19.649515 2
22.70685 19.25275 36.419449 3
-17.656332 14.179176 1.224974 3
20.308849 19.639351 35.817951 3
-20.532093 18.021383 -61.753033 1
-29.1075 1.54845 28.8356 4
1.256954 7.5618062 30.901302 3
-14.501913 8.225174 -5.7319698 3
-36.542618 -14.56195 -11.045525 2
-13.351787 7.2643261 0.56615603 3
-10.292334 6.8377461 7.4918418 3
-19.573584 2.29705 -22.928751 2
-13.686867 7.613481 -1.9432451 3
25.724983 7.9566841 42.764599 3
-22.538151 9.4780502 8.9246502 4
-18.630838 7.9252 6.4464159 0
-12.00835 6.8615499 5.5198998 3
-34.006199 1.7013 -18.603975 2
-23.728149 7.3026748 16.3657 4
-30.551914 -1.60333 36.984261 4
-20.44265 0.15035 -20.95295 2
-24.909451 6.2174501 20.042549 4
-21.214117 19.373304 -61.642303 1
34.076321 8.7429838 41.952084 3
-39.606548 -16.449751 59.573349 4
23.949671 18.756367 36.623962 3
-17.261951 1.50405 19.3764 0
-10.55795 16.654751 15.20415 3
-21.45055 9.5236492 -19.763149 1
-30.070749 -0.54904997 34.87495 4
-28.506575 2.4874539 26.68556 4
-36.274704 -6.1195121 -13.858424 2
-34.852825 -17.3606 53.0159 4
-23.837484 19.022001 -61.452251 1
-39.15715 -18.81975 58.47995 4
-2.2190919 7.1557751 24.268358 3
25.95405 18.663549 37.611877 3
-32.053017 4.7255068 -20.745941 2
-0.044849999 19.00745 26.46925 3
-7.4910049 17.027582 19.405817 3
-37.994499 -18.365908 56.552963 4
-17.15645 5.6253829 11.677585 0
29.222105 8.270154 42.560757 3
-11.69992 16.180948 13.458743 3
-2.631108 6.8706379 22.615179 3
-19.413511 8.9703608 -16.326384 1
-17.705782 -1.0567501 17.54225 4
21.905203 8.5209093 42.10434 3
-21.1929 9.9683199 5.4035568 0
18.005142 19.783241 35.313797 3
-19.980751 6.2463002 -29.43125 2
16.560127 19.770802 34.96574 3
-36.573097 -17.874149 55.026924 4
-27.182249 -12.30405 -13.48675 2
-18.106049 14.5408 -0.90319997 3
9.3508501 20.06505 32.62825 3
-31.599123 -4.4414492 43.498867 4
-26.13595 -12.31995 40.468151 4
-23.239651 8.4204502 13.15585 4
-25.3939 14.187622 -31.656982 2
0.62270302 7.853632 29.891283 3
-18.636284 14.521416 -1.9145499 3
-15.971849 8.6479502 -9.7502003 3
-16.352568 2.2524331 20.472383 0
-36.053249 -2.6565499 -15.44155 2
-30.961149 -3.8240499 42.43425 4
14.82208 8.631609 39.845715 3
-6.2146788 7.2163291 12.872511 3
-19.542 4.7634501 -26.34285 2
30.80555 17.428749 38.506649 3
-20.58415 14.514549 -8.5981493 3
-23.739265 -7.9136748 -16.403965 2
-18.534451 8.81145 -14.40375 1
14.535767 20.077257 34.477016 3
-35.516251 -13.08805 55.875648 4
-19.893875 14.47415 -6.7511249 3
-21.041149 14.36435 -10.73255 3
-30.594917 -2.3284659 39.010368 4
-22.999149 13.18465 -16.75725 1
-30.123751 -15.14585 47.093849 4
-19.005051 8.3845501 5.4881501 0
-18.17815 -1.81045 21.42815 4
-25.49365 -11.55675 39.31345 4
-29.541349 0.61008501 30.640444 4
-28.198124 -13.724051 44.613876 4
-19.428688 14.474592 -4.6924672 3
-25.012415 5.6915841 20.799105 4
-16.3346 3.3793499 16.70615 0
-17.65745 -0.09065 17.0779 4
-30.821051 -2.93135 40.553452 4
-19.534149 10.48305 -33.112652 2
-35.17659 -15.867183 -11.338859 2
-33.448448 -6.8668499 47.739052 4
-31.139851 -14.81875 -11.815599 2
32.517509 16.68771 38.501209 3
-23.253824 19.449348 -50.620949 1
-19.5347 11.35005 -34.116852 2
-35.40435 -17.61985 53.82695 4
-20.124041 7.532608 -30.900427 2
-19.857349 5.54705 -28.37685 2
41.360249 9.9800501 39.865452 3
-29.292318 -14.475017 46.328033 4
-17.678738 7.0364218 8.4779072 0
-38.732449 -16.67535 59.58065 4
-34.22245 -9.7711496 52.227951 4
-23.000675 8.6411247 12.12635 4
-28.51885 -12.94965 -12.85675 2
36.06855 9.3899498 41.91555 3
-21.685249 9.8057499 7.1624498 0
-12.694817 6.8107171 4.8039498 3
-23.029074 12.287909 -31.717196 1
-41.136566 -19.743868 61.097946 4
-26.69525 4.47505 23.351549 4
-22.115448 20.023483 -50.462418 1
5.4277749 19.681339 30.306126 3
-12.83675 15.89035 11.72925 3
-18.709053 -2.7581871 22.857203 4
-36.583996 -11.404008 -11.396347 2
38.015293 9.6333218 40.839417 3
-25.46265 5.0338502 22.280649 4
-30.205229 7.2379498 -22.49865 2
-21.82185 13.89365 -12.17585 3
-26.089285 12.811147 -30.328623 2
13.164227 8.5974951 39.146782 3
19.092363 8.284379 41.503178 3
-24.999563 -10.749632 37.582218 4
-16.801849 1.38755 22.401649 0
-36.311859 -4.4116321 -14.623401 2
-40.175262 -19.067768 59.608528 4
-20.148521 8.9783669 -31.69787 2
-2.548003 18.052521 24.724712 3
-16.728617 4.6644402 13.491316 0
-19.26335 14.4339 -3.88675 3
-40.663635 -17.73197 60.437534 4
-5.4797001 6.9836502 14.569 3
-29.42135 8.4501495 -23.26755 2
-34.846714 -11.828362 54.461349 4
-29.647839 -14.115888 -12.450631 2
-22.203619 16.87323 -61.829575 1
11.029374 19.853151 33.313 3
-19.885033 1.6136121 -22.245537 2
-30.939114 6.176084 -21.780392 2
2.8182499 7.5811501 32.542648 3
-17.953808 0.106903 18.405102 4
35.107399 15.828051 38.595047 3
8.2975969 8.1590061 36.94289 3
-24.389122 6.6833911 18.046015 4
-16.37525 2.74405 18.49115 0
-18.00835 7.7909498 7.0320001 0
-27.739395 3.3664341 25.071499 4
3.32915 19.627451 28.910151 3
-24.266911 15.504631 -35.078911 1
-20.919437 -1.618175 -19.935726 2
-22.1479 19.693899 -61.620903 1
-16.987074 8.5742025 -11.355144 3
-19.4566 3.9088249 -24.622049 2
-17.780201 -0.93650001 19.775299 4
-13.39595 7.1530499 2.62975 3
6.9246502 7.9624829 36.07373 3
-19.51745 -4.57865 25.786051 4
-36.1287 -17.361601 54.653999 4
-33.61853 2.5582919 -19.181358 2
34.832661 8.8297338 42.047161 3
29.482901 17.87385 38.391602 3
-26.031307 -10.971954 -14.107786 2
-25.719551 -11.840176 39.98185 4
20.027967 8.2157583 41.772007 3
-28.084301 10.4355 -26.11245 2
-15.991738 1.300661 22.557795 0
-21.91375 14.01255 -13.84595 3
12.808001 19.831501 33.583324 3
1.8872499 7.5777001 31.377151 3
38.722351 13.812714 39.4837 3
-33.752251 -7.6087499 49.103748 4
-31.05525 -15.51675 48.422203 4
-27.549637 -13.136428 43.222561 4
-8.9587498 6.9341502 8.6340504 3
1.945683 19.327742 27.757559 3
-16.430149 4.20225 14.60795 0
-25.10424 15.083692 -33.426113 1
27.452765 8.2156477 42.809071 3
9.5516129 8.3636494 37.31839 3
-15.936717 14.035851 7.6879172 3
-36.937275 -8.9439325 -12.090847 2
-2.450875 6.9104748 23.465324 3
4.6454501 19.62805 29.61825 3
-32.445141 -15.226889 -11.755745 2
-34.81205 0.017550001 -17.42535 2
37.571407 14.551021 39.325108 3
-20.715971 18.84901 -61.676796 1
39.343983 9.7309332 40.411243 3
-15.06205 8.3626499 -7.5557499 3
-21.295008 -7.0748229 29.583843 4
-33.055149 -5.91185 46.132351 4
-23.328926 -9.5162754 34.425827 4
-18.740549 13.04985 -16.157249 3
-28.556196 9.4843264 -24.405365 2
-9.5660496 16.894516 16.6049 3
-37.01495 -15.124149 57.970001 4
-22.620953 8.83111 10.62794 4
6.1093001 7.9876499 35.324448 3
-21.34705 -3.2811501 -19.08115 2
-19.40444 8.9168882 3.9827099 0
34.185047 16.092724 38.413326 3
6.6407599 19.78056 31.182911 3
16.265083 8.3044329 40.570965 3
-22.6649 13.7914 -15.18465 1
-13.5395 7.7670999 -1.236683 3
-20.36865 8.9539499 -17.91785 1
32.43565 8.6322498 42.12075 3
-13.32222 7.5590611 1.616719 3
39.859249 12.758474 39.478374 3
-22.61035 -8.3111048 31.990747 4
-36.973167 -12.73528 -11.236691 2
-16.678036 1.284036 21.183718 0
-13.832984 7.8449869 -2.61831 3
17.603931 8.3044128 41.045624 3
-9.7353497 6.8045502 7.8989 3
22.17355 19.205074 35.983223 3
-7.0432501 6.9806499 10.97785 3
-16.864191 13.573957 4.9991241 3
26.96855 18.72505 37.70665 3
-12.881119 6.9316192 3.973438 3
-39.722416 -19.028717 58.983749 4
-28.429449 -13.61685 43.960548 4
25.06815 7.9526501 42.576149 3
-28.855774 1.561793 28.157503 4
-26.843176 -12.714046 42.157352 4
-20.824083 -0.42983299 -20.688251 2
-17.67425 14.51945 1.8124501 3
14.36505 19.69725 33.941151 3
-19.94235 -5.4158502 26.94215 4
30.957941 8.2262659 42.510174 3
-25.439932 -10.110097 -14.603675 2
-19.792355 12.691546 -35.103821 2
-27.243114 3.6645031 24.605801 4
36.634525 9.3022003 41.416195 3
-4.025022 6.8285718 18.123184 3
23.28409 18.787443 36.551075 3
-19.530918 2.9347999 -23.283218 2
-28.076534 10.246317 -25.415718 2
-23.357151 17.304585 -61.789047 1
-24.131176 -10.312438 36.184452 4
-20.58395 -6.3295498 28.09025 4
-19.862652 4.5541 -25.805475 2
0.51895201 19.007349 26.838394 3
-24.21315 7.4614501 15.9491 4
35.501999 9.0569496 42.013298 3
-34.444851 -10.982079 53.391663 4
-35.5909 -12.459017 55.492832 4
-22.10301 -7.69665 30.863972 4
8.1903496 8.3623753 36.335426 3
-16.85375 1.61875 21.711849 0
41.501652 10.53115 39.55225 3
-20.174519 14.154008 -8.139781 3
-6.7250552 7.332016 12.358575 3
28.16095 18.21435 38.037251 3
-27.939251 -13.0832 -13.10825 2
-19.817755 5.105361 -26.816114 2
-31.3491 -4.1457381 42.834663 4
-19.00765 -3.58445 24.05765 4
-23.255316 13.034634 -18.375912 1
-17.56225 6.6687498 9.6123505 0
-41.485352 -20.067217 61.583782 4
-31.722601 5.2768502 -20.9629 2
-33.386051 -15.487574 -11.261775 2
-14.45465 14.97105 9.93435 3
24.580984 18.670273 36.640934 3
-29.485716 1.228017 29.230967 4
-15.091009 14.324829 8.8274097 3
-13.98845 7.7368498 -4.2409501 3
-0.80947202 7.5156569 27.827978 3
8.9816504 8.1442499 37.451649 3
-30.3284 -1.69855 37.55965 4
-41.717533 -19.526001 61.789852 4
-34.56189 -15.93871 -11.267989 2
5.0342488 8.1441202 34.387085 3
-21.982513 -4.3787298 -18.600161 2
-29.711916 -14.711383 46.730316 4
-17.35605 1.36025 18.56325 0
-33.932449 -10.2654 52.455299 4
-23.957451 -10.29975 35.468849 4
-36.507149 -15.12775 -11.35875 2
-24.34005 -9.1449499 -15.36895 2
-20.143457 2.184741 -22.665756 2
-5.6264501 17.730049 22.471951 3
-29.736349 -0.18765 33.478249 4
10.384694 8.13375 38.228485 3
-17.3493 14.138618 2.9941599 3
-31.84705 -16.033751 49.452751 4
-35.705448 -17.886049 54.285851 4
-13.110807 15.290825 11.319459 3
-17.79785 8.5546503 -13.30445 3
-19.544449 -4.247026 25.00975 4
28.69455 7.9854498 42.635651 3
29.160456 17.776581 37.761311 3
17.408512 19.773529 35.228119 3
-1.283993 7.2614059 26.701475 3
-36.099556 -13.204832 55.80426 4
-28.087584 -13.224854 44.304489 4
-15.79055 8.3595505 -9.2139502 3
-29.519815 0.515683 31.227716 4
-22.951349 -6.8143659 -17.230017 2
-5.1492 6.9800501 15.236151 3
-14.545116 8.5860996 -6.3443332 3
1.113623 7.833467 30.219677 3
39.890549 9.8988504 40.60125 3
-38.411499 -15.63755 58.7827 4
20.782574 19.388924 35.578274 3
-37.54245 -14.96035 58.167648 4
-23.592312 7.7886128 14.836983 4
-18.38405 -1.39745 21.06715 4
-12.41206 7.2149329 5.1181908 3
-20.08535 0.48484999 -21.27035 2
-1.6209 18.636932 25.454834 3
-18.54715 14.48165 -2.48915 3
-20.882601 9.35215 -19.385067 1
14.324537 8.2480946 39.918159 3
-32.353027 -16.354 49.8568 4
29.609867 8.5857592 42.195045 3
-14.19355 7.8919501 -4.9540501 3
8.7418499 19.98205 32.60165 3
-23.478983 8.4628334 12.392082 4
-6.3229499 17.61655 21.631849 3
3.035722 19.132668 28.518679 3
0.42039999 7.7434502 29.3647 3
-41.08905 -18.704449 61.293449 4
16.154551 19.90505 34.567551 3
-0.322505 7.602993 28.622639 3
-29.856499 -0.031500001 32.169197 4
-30.77635 -14.32175 -11.79955 2
-30.496683 -0.90448302 35.193485 4
-36.874043 -10.001249 -11.760443 2
-32.79607 3.3374619 -19.85405 2
-21.256083 19.518816 -50.338917 1
-30.19385 -2.53585 39.427849 4
13.839693 19.813656 34.126385 3
-4.0319748 18.001451 23.65196 3
-12.05015 16.20665 12.81465 3
-20.280701 13.652975 -35.658398 2
-30.21965 -0.71625 34.29295 4
-25.409103 -11.371423 38.639042 4
-16.556908 3.6340671 15.928046 0
-27.540051 -12.71995 -13.27535 2
34.391251 16.154449 39.010948 3
-40.820549 -18.172951 61.012951 4
-31.660801 -4.8944502 43.938499 4
-1.6560481 7.2665291 25.717764 3
-8.11695 6.8613501 9.53335 3
-13.435573 7.2330298 -0.13720299 3
-16.272549 1.881925 21.138624 0
-37.060997 -9.4396 -11.76565 2
-16.510651 8.5468502 -9.8637514 3
-24.87245 15.48455 -33.977551 1
-8.3526497 17.229851 18.14875 3
-19.65295 14.34965 -5.1879501 3
-20.3335 9.2357998 -18.412075 1
-22.420349 13.74335 -14.01305 1
-19.931 5.941 -28.96785 2
-30.3857 -1.9888 38.536949 4
-17.334949 0.85219997 18.33675 0
-26.129551 4.4381499 23.260349 4
-24.268246 7.1706381 16.664402 4
32.2799 16.825199 38.020149 3
-3.49105 6.7300501 19.42095 3
-21.697418 19.657583 -61.302448 1
-22.913349 -9.1229496 33.464352 4
-0.28470999 18.400696 26.097202 3
-36.574284 -5.6964302 -14.046757 2
11.672056 8.3443375 38.811787 3
-34.056351 -8.9616499 50.880951 4
-37.695309 -18.113779 56.165291 4
-36.801849 -14.06295 -11.18595 2
-13.19655 7.4031501 1.10385 3
-6.1773911 7.3999829 13.473851 3
-25.12615 5.4425001 21.38765 4
-34.333828 -9.7063093 51.696289 4
-22.879351 9.2058496 10.16875 4
-27.40785 11.50115 -29.11475 2
-4.4082499 6.7925501 16.75915 3
-21.5243 9.7844496 5.7942252 0
-27.611216 11.260651 -27.85465 2
-17.658693 6.7943759 8.964798 0
-33.221352 -6.22715 46.67485 4
7.675283 19.527817 31.851351 3
-38.896103 -18.702324 57.961525 4
-26.560501 4.0666828 23.943851 4
-22.898026 13.489105 -16.320581 1
-32.683491 -5.486917 45.011791 4
29.973717 17.624151 38.423885 3
-30.311251 -1.20785 36.707951 4
-30.18795 -0.14225 33.026802 4
38.740963 9.6617823 40.768726 3
-17.88995 14.54745 0.91145003 3
-19.662483 9.0902834 3.46875 0
-30.65416 -3.3541069 40.834545 4
31.012127 17.357811 38.019218 3
-20.445499 18.395018 -61.381508 1
-35.174507 -17.053083 53.36731 4
-34.001949 -16.797649 51.198551 4
-20.452278 -5.39113 27.093086 4
-24.128937 -8.3029499 -16.094563 2
-3.12078 6.7765951 20.874294 3
19.758755 19.42062 35.636074 3
-16.591867 1.155233 22.830532 0
-19.56455 11.695966 -34.518635 2
-36.612358 -6.449707 -13.578255 2
-25.99045 5.0130501 22.321825 4
-10.680378 16.255726 14.558909 3
-21.064289 -6.4811511 28.319092 4
6.5027251 7.8964829 35.760948 3
-25.534451 13.96485 -31.13265 2
-6.3137498 6.9966502 12.40145 3
-26.886398 -11.92585 -13.707849 2
-19.552549 10.09639 -32.70591 2
-18.183399 -0.80110002 20.087898 4
-2.2068501 7.1826501 24.79505 3
-20.124517 14.282161 -7.2558041 3
33.082451 16.538 38.682098 3
-22.966429 12.81966 -19.373423 1
24.13275 19.069851 37.004951 3
-15.286917 8.5858917 -8.1900959 3
-31.660799 -14.87494 -11.776456 2
-20.590651 10.08925 3.72715 0
-12.46642 15.564585 12.062788 3
-23.714384 7.5566502 15.818982 4
-17.12055 4.5206928 13.103135 0
-22.251534 9.195941 9.2569237 4
-25.395283 14.417816 -32.124634 2
-33.80365 -9.7042503 51.928249 4
-40.901066 -19.5012 60.663067 4
-17.068249 1.29695 19.94965 0
-24.004494 -7.5349178 -16.637466 2
-22.363998 9.3877001 -15.5674 1
-18.36661 14.229152 -1.221669 3
-16.369516 2.4087169 19.841316 0
-19.53475 8.9333496 -16.82645 1
-19.54705 12.93625 -35.536549 2
-16.52035 0.99624997 22.218651 0
18.382063 19.395523 35.42255 3
-33.062241 -16.59185 50.548916 4
-18.448851 -2.50665 22.491949 4
-22.2913 -8.4956493 31.63275 4
-4.2969308 17.679344 23.3437 3
-19.455482 3.5604839 -24.085417 2
-6.6044502 17.19705 20.60495 3
25.401855 18.696457 37.289948 3
-32.392189 4.3666129 -20.492085 2
-31.443249 -15.3297 48.69735 4
-35.43317 -1.203739 -16.647957 2
-28.562025 -13.45805 -12.834625 2
-8.86691 17.036852 17.75359 3
-22.66345 -8.89995 33.07975 4
-28.334351 2.2555499 27.105499 4
-33.688801 -7.2916498 47.95015 4
-13.89695 8.1981497 -4.0525498 3
-26.23465 -12.20945 40.966351 4
-23.27335 19.993151 -50.369949 1
-33.003304 -16.426399 50.020149 4
-7.7212501 6.84585 9.9985504 3
-35.824551 -2.5235169 -15.87045 2
-40.537701 -19.042662 59.967426 4
35.460552 15.836917 39.02095 3
40.933098 10.10975 40.328899 3
-34.120384 1.277607 -18.358633 2
23.607622 8.2425051 42.528107 3
-34.088135 -16.925776 51.684509 4
36.597797 15.090575 38.836777 3
-24.83395 -10.37045 37.186749 4
-20.28825 6.7157631 -29.661713 2
-29.269079 0.83872902 30.207348 4
-19.80945 9.2975187 -32.051159 2
-24.147751 6.5962501 18.474051 4
-30.507925 -15.070575 47.533653 4
-34.371151 -17.25255 52.409351 4
-6.4608998 17.606251 21.146351 3
-16.959749 5.2930498 12.27365 0
-38.980019 -16.287292 59.298737 4
-34.662655 -0.45910001 -17.240583 2
-21.912149 -8.0166502 31.19175 4
-33.85075 2.06705 -18.900549 2
12.428759 20.073984 33.79134 3
-7.739325 17.3508 19.12355 3
-20.02515 9.18995 -16.91975 1
-29.175449 -14.42155 45.849751 4
-23.950033 -9.5698442 34.80479 4
-30.958124 -3.6928329 41.774845 4
5.7433548 8.2336531 34.852901 3
-37.888149 -15.22885 58.398251 4
5.0363002 19.334801 30.2064 3
-34.01815 -8.39505 50.341049 4
-22.42075 5.9640498 -0.14285 1
-25.024017 5.7415109 20.103966 4
-17.29735 13.92115 4.0254502 3
-37.016159 -18.023415 55.419373 4
-16.664692 4.3575249 14.187747 0
-16.52285 13.760275 6.4320998 3
-38.046474 -15.954451 58.874802 4
-5.1758752 17.867237 22.612137 3
-21.547449 -7.4225249 29.934458 4
-24.803949 6.4216499 19.609051 4
-2.7207561 7.177937 22.219158 3
-3.9519999 6.8482499 19.122101 3
-30.81225 -2.5457499 39.719349 4
-39.931774 -17.1283 59.726799 4
-22.598999 16.694149 -62.055149 1
-18.262995 14.243165 -0.54895502 3
26.4056 8.3851995 42.4636 3
-21.083883 18.464201 -51.624317 1
37.581535 9.6248503 41.124428 3
-18.1507 8.6634502 -13.89665 3
-36.859318 -7.3658829 -12.901616 2
-13.38335 6.8341498 3.2404499 3
-38.420708 -18.424719 57.14497 4
-17.699963 8.6012316 -12.789537 3
-28.471462 9.0252628 -24.273586 2
20.693451 19.327751 36.05085 3
-27.781937 3.0202451 25.407415 4
-10.64855 6.6024499 6.8920498 3
-23.997549 6.9138498 17.648451 4
22.602404 8.5433578 42.150295 3
-24.592659 15.253806 -34.825165 2
-21.160851 14.36915 -10.26455 3
-16.457481 3.325366 17.406397 0
-22.665951 8.8327007 11.2507 4
-18.779043 8.1108866 6.0297961 0
33.826393 16.202822 38.724884 3
-25.20785 14.87355 -33.009151 2
13.110717 19.704016 33.946316 3
-27.74135 10.94925 -27.19195 2
-2.367275 7.2210999 23.050175 3
-22.573265 20.158743 -50.140839 1
-19.495409 11.019175 -33.775696 2
-27.057949 11.990499 -29.514 2
-28.554951 -14.05045 44.982651 4
-15.956623 13.803654 7.171627 3
-20.79495 -5.8512502 28.098249 4
-34.492451 -11.59185 54.251049 4
-18.63385 8.6747503 -13.96015 1
-35.900558 -4.064641 -14.921108 2
-17.722013 8.9213018 -12.440084 3
-28.793449 2.19765 27.21055 4
-19.843266 8.5893106 -31.737114 2
-23.5105 8.2177076 12.824457 4
-23.530727 19.318249 -61.657188 1
-26.827761 -12.420915 41.778053 4
-24.750282 -9.4721498 -15.154683 2
-32.747543 -15.433078 -11.44944 2
-25.512449 -10.48955 -14.33135 2
-22.151051 14.01765 -13.43835 3
-20.377283 7.2752972 -30.239477 2
26.536751 18.770149 37.886551 3
-3.336149 6.8326969 20.397791 3
-9.979723 16.586843 15.607621 3
7.4957671 8.2237997 36.001415 3
4.0546269 7.8218942 33.74918 3
0.93427998 7.5386801 30.5357 3
-21.227303 -6.733078 28.876719 4
-18.537849 8.7128496 -14.85935 1
-23.497232 17.602905 -61.441715 1
-34.663002 -10.755287 53.048347 4
-18.072483 -0.54075003 19.720016 4
-14.246895 8.2351112 -5.32515 3
-39.716724 -18.669954 58.690601 4
-16.630035 3.363148 16.296003 0
-36.600471 -8.6352911 -12.414633 2
-35.518414 -1.591295 -16.332628 2
-17.97245 0.54874998 18.168949 4
16.990767 19.41309 35.109573 3
-16.45295 2.81375 18.941151 0
-16.567253 1.273271 21.839359 0
-22.969122 13.118734 -18.024813 1
16.114574 19.869099 35.029327 3
23.621651 18.95582 36.288979 3
-31.023571 -15.202912 48.088409 4
24.006544 8.4564943 42.446762 3
38.022049 14.26705 39.618351 3
-36.264008 -13.862123 56.790787 4
-23.317583 8.2420998 13.569366 4
15.173154 8.3007088 40.204048 3
6.5501499 19.267151 30.764351 3
-3.6545219 18.01092 23.949472 3
-11.706764 15.983871 13.049094 3
-19.005251 -2.7946501 23.19985 4
-18.894051 8.4962101 5.0625901 0
-19.6763 10.751249 -33.4576 2
-17.258862 14.131688 3.625762 3
21.580215 8.2137852 42.178375 3
-26.41264 -11.250711 -14.015024 2
-20.85195 14.146355 -10.013968 3
-30.431526 -2.747575 40.415199 4
-33.29636 -7.1493001 47.063171 4
-13.51615 7.322216 -1.16515 3
-17.938053 14.205147 0.585136 3
41.783134 10.031078 39.682884 3
-14.055233 15.196167 10.2933 3
18.032459 8.2761497 41.180927 3
2.3943501 19.00555 28.04035 3
-16.584332 3.957211 15.139142 0
-7.2249851 17.309055 19.818537 3
-31.29295 -4.1990499 43.278851 4
-21.584335 19.820576 -50.298683 1
-36.857231 -11.047478 -11.384945 2
-21.624985 12.834484 -33.005886 2
-36.591244 -10.346054 -11.756862 2
-30.284573 -1.218412 36.227959 4
-36.837387 -11.648388 -11.122825 2
-21.60306 9.6218243 7.559813 0
-9.3134003 6.9492998 8.36555 3
39.001873 13.48053 39.580914 3
-26.38545 -12.14105 40.142151 4
-2.871012 18.338507 24.618277 3
-35.846828 -12.803451 55.792316 4
-17.14945 5.8270502 11.14995 0
-13.41392 7.5485549 0.232528 3
-21.09675 10.22265 4.7670498 0
-2.884433 7.219255 21.789049 3
23.2575 8.4956551 42.407207 3
38.413235 14.148823 39.451221 3
-16.42565 13.92855 5.6396499 3
-16.656359 8.5605574 -10.980281 3
-30.656479 6.4585938 -21.987236 2
-27.151884 -12.898816 42.849262 4
32.018826 8.8190498 42.425076 3
-19.526249 -3.78775 24.878052 4
-21.587738 17.057907 -61.747253 1
-20.807474 17.659115 -61.785038 1
-5.0981498 6.9376001 15.69965 3
12.782217 8.3454399 39.302898 3
-19.042999 8.9785986 -15.314301 1
15.170911 19.797396 34.571407 3
-30.256399 -0.86011201 35.555912 4
-20.022362 9.2130718 -17.646828 1
-17.741318 -0.18105 18.65465 4
-32.318367 -5.072216 44.59848 4
-34.484787 0.19171301 -17.653511 2
32.665817 8.71735 42.480217 3
-37.271374 -14.792872 57.852295 4
27.769966 8.5100584 42.851582 3
-25.64295 5.2651501 21.95265 4
-1.36515 7.0501499 25.95735 3
0.88595402 19.022617 27.070505 3
-17.3267 6.3248501 10.178049 0
-19.13903 8.8766499 -15.92523 1
-19.9972 7.8578248 -31.223125 2
-18.379673 14.490749 -1.566721 3
-3.069011 7.1543779 21.165079 3
-11.399236 16.26972 13.757178 3
-26.023811 -11.69421 39.711086 4
-23.258877 -9.5578957 33.944466 4
26.08909 8.1968946 42.758717 3
33.414997 9.0183201 42.17334 3
-30.11935 0.026350001 32.63525 4
24.682383 8.3056831 42.291698 3
32.70525 16.702917 38.113083 3
-20.839201 19.287201 -61.447876 1
-21.482782 9.6353273 6.8229861 0
-27.525749 -13.12115 42.633049 4
-24.404844 -10.374755 36.510532 4
-22.05345 13.87135 -12.88135 3
1.579258 7.8258762 31.004883 3
-12.758944 7.1873341 4.353756 3
-21.50375 14.059 -12.41 3
-34.493317 -11.269283 53.705505 4
-18.325617 7.4422832 7.5113831 0
-22.956051 8.8095503 11.67535 4
27.149864 8.528141 42.585331 3
-33.064148 -5.9208999 45.6493 4
17.393637 8.5682907 40.772995 3
-35.970551 -3.039434 -15.271875 2
40.441963 11.083425 39.459663 3
-25.156124 -10.754749 37.978825 4
36.176453 15.153334 38.845497 3
-22.14735 9.6392498 8.6296501 4
-36.86673 -7.7791328 -12.800333 2
-25.712616 4.8099332 22.571783 4
-35.544109 -2.2188621 -15.966153 2
-30.554798 7.1083999 -22.295225 2
37.250717 14.818649 39.25095 3
-29.91115 -0.30385 34.06065 4
-29.139973 8.6084728 -23.542164 2
40.369499 11.722 39.3741 3
-19.398535 -3.7189989 24.339045 4
-21.345249 -2.9082749 -19.279551 2
30.380449 17.55015 38.507851 3
-16.720816 13.778797 4.4286032 3
-29.909311 7.5727592 -22.663923 2
-35.134201 -0.88956702 -16.749414 2
12.070497 19.773195 33.651104 3
-35.475914 -17.300484 53.525482 4
-17.330317 -0.89034998 17.633482 4
-18.892651 14.45425 -3.50845 3
-21.329599 14.1474 -11.66375 3
-27.455933 3.6630001 24.980558 4
3.677536 19.393789 28.918528 3
6.8483829 19.44924 31.334686 3
-13.765363 7.8381958 -1.599121 3
-33.870251 -7.94805 49.50565 4
-29.011002 1.8150001 28.451933 4
-14.901688 8.5906706 -7.1920319 3
-23.288969 19.729149 -61.44289 1
-15.05635 14.6378 9.1342001 3
-32.960251 3.69315 -19.99955 2
-19.74263 14.259143 -6.114871 3
-25.54965 -11.18005 39.144249 4
-3.4252689 6.8290281 19.904058 3
18.791378 19.3911 35.499439 3
-23.502199 19.246399 -50.886452 1
34.41124 8.9831047 41.893425 3
-28.118259 2.659683 26.057491 4
-7.3171501 7.1850748 10.740625 3
-31.27236 6.0812039 -21.550621 2
-28.47085 -13.56545 44.884449 4
35.51125 15.5322 38.74295 3
-17.157351 1.40535 20.693951 0
-38.579247 -18.9512 57.86245 4
22.13265 19.30085 36.383549 3
-20.823275 14.464149 -9.2574749 3
-33.771931 -7.8915801 48.802681 4
-15.997758 1.1659679 22.948631 0
31.354616 17.23675 38.393284 3
-5.4520502 6.9808502 14.15815 3
-18.428675 -2.1321249 21.933899 4
-21.428659 14.16476 -11.024961 3
-22.197336 -4.0326881 -18.658823 2
-34.793663 -15.600193 -11.290187 2
-11.883249 6.7855501 5.9037499 3
-30.361349 -1.7270499 38.14875 4
-11.50255 6.6881499 6.0583501 3
-36.361549 -14.225201 57.148499 4
-3.0329931 18.036026 24.29513 3
-22.271549 9.0294323 9.6299839 4
-22.590118 19.633032 -61.400154 1
-16.308174 8.5955601 -10.273108 3
-35.468868 -15.592351 -11.416733 2
-2.45715 7.1226001 23.9391 3
-20.165901 1.83505 -22.439526 2
-0.75322503 18.418274 25.978275 3
-16.22575 13.59845 6.7072501 3
-31.880089 -4.7438011 43.631329 4
-24.676849 6.5852499 19.258051 4
22.239124 8.3088245 42.195969 3
-22.337151 -5.6752501 -17.938551 2
-29.599182 0.135683 32.581814 4
-20.500309 -0.243582 -20.87389 2
-22.782351 9.1210499 10.86155 4
-16.935463 4.3377638 13.799034 0
8.6435966 8.1817608 37.153294 3
-20.959301 18.735401 -51.31625 1
-9.2837238 16.741926 16.852001 3
-24.017731 7.1057138 16.974058 4
-0.59245002 7.3066502 28.32205 3
-10.648524 16.569782 14.80985 3
-19.854851 -4.9716501 26.287251 4
18.752501 8.6181507 40.943199 3
-1.531675 7.2587419 26.378353 3
-35.841885 -13.489233 56.297485 4
-35.231472 -12.002318 54.451847 4
29.927683 8.5115995 42.433582 3
38.295952 9.7911501 40.59795 3
3.687475 7.805119 33.372139 3
-35.228428 -12.345118 55.126335 4
-8.7360802 16.907322 17.395905 3
-34.416752 -10.28765 52.951851 4
-16.3125 0.91044998 22.551949 0
-19.859798 -4.6616001 25.49629 4
20.412388 8.2726746 41.871849 3
-18.99445 -3.17715 23.080851 4
