# .PCD v0.7 - Point Cloud Data file format
VERSION 0.7
FIELDS x y z label
SIZE 4 4 4 4
TYPE F F F U
COUNT 1 1 1 1
WIDTH 993
HEIGHT 1
VIEWPOINT 0 0 0 1 0 0 0
POINTS 993
DATA ascii
-45.825401 -36.150501 77.085854 0
45.7332 31.978399 30.17355 3
-18.046833 13.40649 31.374941 2
-21.04225 17.218925 -77.101273 4
-24.170601 -20.502399 49.00135 0
10.908615 32.618912 26.107563 3
-0.667633 14.624634 13.67135 3
-17.122599 -7.6401672 33.760181 0
-35.32069 -21.945086 66.353828 0
27.350367 25.870747 35.599922 3
-22.1724 -3.7732999 -33.645351 1
-28.212866 -6.382834 44.394165 0
-13.854317 16.882116 45.538197 2
5.8241 18.3913 26.62715 3
-26.347099 1.8877 26.72065 0
-12.8752 19.375801 6.9876499 3
-30.854801 6.7909002 -37.543049 1
-2.2632999 27.0242 19.492149 3
33.1017 36.072998 29.37785 3
-32.030998 -14.4085 56.86565 0
-15.9635 7.7665 20.61445 2
-28.848125 -25.889845 57.88726 0
-20.551901 3.9981 -41.867748 1
-38.592949 -32.385551 69.299545 0
-20.102234 -14.076801 41.618828 0
-9.9502754 10.943624 1.93125 3
-26.642368 -11.097719 -28.610891 1
36.904427 28.539024 34.595375 3
-35.26284 0.073200002 -32.482372 1
-24.8389 6.0555 18.66395 0
-22.279499 18.263149 -68.279907 4
-33.436001 -16.0798 -25.83765 1
-33.171535 -29.594 63.679249 0
-16.250999 17.2243 0.10875 3
-14.71575 13.36155 38.602699 2
-28.06205 10.4328 -43.612053 1
-20.060699 14.9588 -11.40055 3
-14.858582 9.6438255 -12.680542 3
-20.621799 11.0433 24.876301 2
-20.18355 8.4768 -47.170052 1
-41.594749 -31.601948 75.093513 0
-37.12817 -26.336533 70.613487 0
10.326667 20.414917 30.273884 3
-15.5845 9.2989998 27.784849 2
27.177727 35.885551 28.711349 3
-38.0718 -12.8141 -25.26305 1
-11.24505 10.71025 -3.5329001 3
-15.952932 4.628159 14.147625 0
-20.4238 0.99105 -37.057449 1
-25.618601 13.8724 -49.105251 1
-18.3885 -10.4695 38.058449 0
-22.217899 -17.0984 45.382648 0
-27.497801 -0.49059999 31.08955 0
-26.700249 -3.6738501 40.181099 0
-37.056499 -3.6647 -29.695801 1
-24.340532 -7.5819979 -31.298487 1
-18.590799 16.2237 -6.8505502 3
1.9268 28.8908 21.40605 3
6.6866999 31.0382 23.95805 3
17.175501 34.565498 27.37105 3
1.161833 15.451366 17.92255 3
-31.262833 -12.3199 52.852161 0
41.699001 30.377501 32.779148 3
-18.694799 8.2494001 -20.658951 0
-30.127634 -9.2997494 47.614639 0
3.2701499 17.108013 23.068638 3
-5.6767998 24.9809 16.229549 3
-21.4018 14.2895 -15.60655 3
-15.17247 11.846685 34.392197 2
-25.930099 -22.680099 52.379402 0
-16.726 8.9712 -16.773149 3
19.6273 23.781 34.287151 3
-15.62665 0.66294998 21.662676 0
-12.849725 10.637 -8.8026752 3
-15.6077 16.111599 41.6931 2
-7.1752 11.8231 5.1609502 3
-35.978802 -31.2024 66.308548 0
-2.807013 13.923987 9.8258133 3
-22.34477 8.1195869 16.281391 2
23.598862 24.915682 34.708603 3
-28.813334 9.1758928 -39.923943 1
-16.830717 15.081792 35.840214 2
-34.2672 -19.2994 63.60495 0
-32.243801 -16.4741 60.305851 0
-41.43774 -33.362923 71.708405 0
-43.755299 -34.496399 74.477951 0
-9.4625664 22.328835 11.147051 3
-30.430214 -14.364025 -26.707006 1
36.612965 35.624844 29.389105 3
42.76598 33.889801 29.957132 3
-20.2346 10.7725 -49.853149 4
-22.672934 13.258133 -18.726717 4
-15.482796 10.616262 31.106327 2
-26.152861 12.51046 -45.906342 1
-34.076851 2.5481501 -34.490349 1
-36.840225 -15.871056 -25.595245 1
-15.701049 3.2506001 17.056749 0
-38.072601 -9.7166004 -26.199249 1
-35.9025 -24.114267 68.642509 0
-30.1814 -27.424299 60.319752 0
24.0595 35.560101 28.1717 3
-30.56926 -11.035759 50.150955 0
-11.3257 21.006901 9.0169497 3
-32.37886 4.6298661 -35.855061 1
2.1760001 16.16095 20.551651 3
20.104549 35.062325 27.781925 3
-16.1063 15.7799 38.910149 2
-37.61264 -6.1539121 -28.402163 1
-20.1626 2.8605001 -39.166748 1
-15.9574 -3.402612 27.065674 0
-26.9303 -2.5725 37.68605 0
-27.094299 -1.1028 33.71685 0
-23.8582 17.340851 -77.112854 4
-28.415562 -12.86188 -27.679541 1
-5.1638498 12.739175 6.8710251 3
-15.732044 1.8807451 19.316107 0
-21.131689 10.048709 22.440516 2
13.396831 21.658752 32.071011 3
29.87405 26.466249 35.74435 3
29.801901 36.136002 29.122749 3
-16.679073 -6.1694369 31.442963 0
-7.134367 23.862167 14.17085 3
-24.154701 7.4127998 14.673901 0
-26.850222 0.44762 28.86565 0
-25.475 3.2732501 24.815224 0
-18.87467 15.613866 -9.3545752 3
-20.933498 -15.794651 43.319225 0
-32.568298 -18.2756 61.868252 0
-21.383049 -1.797675 -34.864124 1
-28.961359 -8.1043606 45.84729 0
39.599201 29.676399 33.63805 3
-24.9977 5.1918998 20.93115 0
34.265602 27.3249 34.776398 3
-14.316299 15.737975 43.586372 2
-21.98275 18.365799 -65.454849 4
-43.92775 -33.047199 76.230148 0
-15.9891 7.7381001 22.828051 2
-14.0891 18.2022 5.5356498 3
40.8377 34.905853 29.8783 3
-15.529567 17.331932 2.1567831 3
-23.8377 12.3663 -20.71475 4
-17.884068 16.5336 -4.856216 3
-16.958851 17.025249 -1.8973 3
-16.109026 7.1093502 18.574373 2
-22.1255 8.3907003 18.53355 2
-15.9861 8.3822002 25.54775 2
38.849449 35.334198 29.6019 3
-37.844738 -7.8756251 -27.356224 1
22.098768 35.103535 28.059851 3
-28.1933 9.8008003 -41.701649 1
-20.88295 12.51635 -50.70285 4
-19.840616 11.636399 26.638611 2
-29.386705 7.8868322 -38.590069 1
-35.059547 -15.402175 -25.190825 1
-18.67485 13.057125 29.650799 2
25.4967 25.3465 35.441849 3
15.4359 34.073425 27.044575 3
-21.1978 15.3393 -76.800453 4
-27.2925 11.5641 -44.801449 1
-9.0944996 11.1613 3.5924499 3
-27.291649 -1.9919 35.634499 0
-37.9361 -27.6527 72.033951 0
-10.743517 10.651517 -1.60405 3
12.9233 33.474201 26.56325 3
-39.7286 -33.068001 70.601349 0
-27.8592 -25.065201 56.42495 0
44.139355 32.623566 29.916801 3
-23.05715 14.7272 -76.515198 4
-15.5947 9.8849001 29.535151 2
-37.907589 -14.533487 -25.214336 1
-20.580648 7.1448021 -46.146591 1
-10.399482 10.839545 0.12614299 3
-3.6592 26.1737 18.520849 3
0.22570001 28.5186 20.95245 3
-22.7106 -18.4193 46.340851 0
-11.9965 10.7461 -7.1907501 3
-22.039301 13.8451 -17.26585 3
-17.877676 -9.5843754 36.621498 0
-23.4237 -19.720301 47.700352 0
-26.71245 -4.427567 41.685982 0
-17.386499 -8.5705166 35.117149 0
-35.935001 -25.463499 69.61235 0
-15.632291 -1.128925 23.903524 0
-34.423897 -30.300701 64.709702 0
-27.2854 -5.3203502 43.1824 0
-26.845449 -23.557035 53.881226 0
-20.6737 14.8321 -13.87105 3
-35.841553 -23.10375 67.373451 0
-23.301001 8.5082998 11.14645 0
-19.842699 9.5318003 -48.345348 1
-11.666901 10.54805 -5.26475 3
34.734699 35.905102 29.20635 3
-4.605689 25.375534 17.348051 3
9.0539503 19.72155 29.10125 3
-14.398724 15.097834 42.149506 2
21.148449 24.13825 34.542923 3
-15.1816 11.157 32.784248 2
-42.632469 -32.702503 75.406624 0
7.3759999 18.9925 27.736851 3
7.9166999 31.5802 24.712502 3
-19.515026 -13.099325 40.385674 0
-20.318058 3.8435831 -40.370319 1
-39.608799 -30.204399 73.79155 0
32.629265 27.191435 35.551617 3
-18.923 -11.8175 39.163803 0
-16.4118 6.415 15.80835 2
3.1602681 29.375954 22.134605 3
-15.0115 16.631201 44.614349 2
-11.88125 20.061176 7.8805251 3
9.430934 32.104534 25.551285 3
-1.118875 27.678358 20.213036 3
38.1264 29.240601 34.153549 3
31.250401 26.761351 35.333 3
-17.365183 16.697266 -3.4830251 3
-18.093399 14.2862 33.155548 2
-22.50635 17.679852 -76.722305 4
2.8220999 16.698101 21.757 3
-31.06315 -11.64665 51.595528 0
-25.722099 -10.2731 -29.347349 1
-15.6378 -2.6298001 25.899399 0
-21.637726 9.3945255 21.156502 2
-15.82373 8.5931177 24.156534 2
-19.490499 7.9558001 -21.784849 0
-25.5833 3.9298 23.574249 0
-34.838768 -20.234632 65.008484 0
-42.170139 -34.147251 73.130424 0
-16.9963 -6.6368499 32.77845 0
-16.178101 9.0115995 -15.35705 3
-15.3612 16.5014 43.050652 2
3.887733 17.484766 24.26655 3
-15.6771 -0.1118 22.95945 0
-38.035099 -11.3736 -25.595249 1
25.72805 35.781448 28.42355 3
-10.31695 21.7603 10.1073 3
0.65962499 15.15495 16.680025 3
-0.102187 14.863729 14.897454 3
-16.010401 15.984 40.389252 2
-24.879875 -8.6207504 -30.533623 1
31.155251 36.156898 29.383148 3
-27.326668 -1.110737 32.377716 0
5.0388498 30.386551 22.932049 3
-21.679758 -16.359509 44.380665 0
-17.353699 14.608074 34.686722 2
-31.312069 -12.85242 54.092628 0
-31.834101 -13.7025 55.67255 0
-20.67565 5.0618 -44.035351 1
4.8834639 18.132483 25.573135 3
-15.7209 9.0981998 -13.91345 3
-36.640102 -2.7053671 -30.511148 1
28.2913 35.6017 29.369699 3
-20.606724 10.440901 23.699162 2
-15.5077 2.4972 18.17285 0
-29.41205 -13.690775 -27.193876 1
-31.826309 -15.072859 58.123505 0
-33.429001 -18.754601 62.768951 0
-24.911999 14.3374 -50.256699 4
14.588547 22.088266 32.370792 3
-8.341938 11.854343 4.584713 3
-6.381968 12.350323 6.0454192 3
-16.13905 6.7212501 17.141199 2
-23.926332 15.877099 -76.603554 4
-33.449001 3.5172999 -35.192551 1
-16.838573 -5.4208999 30.404751 0
-23.639151 -6.624661 -31.891367 1
-1.37233 14.442615 12.410853 3
44.55035 31.698299 30.8538 3
-20.2255 1.9081 -38.170952 1
-20.363701 -15.0038 42.526649 0
16.746552 22.915649 33.418297 3
-15.0568 17.533199 3.8517499 3
-22.070478 -2.6158209 -34.114658 1
-25.311701 4.6048002 21.992149 0
-26.05925 2.604687 25.680099 0
-40.7402 -30.904301 74.544746 0
40.592098 30.4023 33.318851 3
-16.8109 15.3874 37.029652 2
-36.099373 -1.152825 -31.6546 1
-19.233433 15.449417 -10.603716 3
-24.965599 5.3354998 19.634949 0
-13.19 10.6792 -9.9616499 3
-18.067894 8.6247206 -19.619101 3
-29.498249 -8.5811501 46.895649 0
-2.280225 14.127575 10.877525 3
11.891325 32.8759 26.724649 3
-4.3576498 13.26535 7.6537499 3
-32.436272 -29.078438 62.904312 0
-19.090616 12.5051 28.674265 2
-14.9166 13.8946 39.74715 2
-20.489117 4.6015091 -42.861565 1
-18.906601 15.9659 -8.1529503 3
-32.126026 -15.664351 59.067699 0
18.340849 23.4562 33.890049 3
-34.938332 -21.305088 65.407326 0
-25.3787 -22.085251 51.324547 0
-16.011101 -4.4502001 28.68685 0
-14.9829 12.2119 35.458649 2
-22.260824 8.3315611 17.400682 2
-14.3747 10.3853 -11.91075 3
-35.7757 -16.267401 -25.34325 1
-31.371099 -15.048367 -26.369316 1
14.009 33.687 27.156549 3
-24.698668 6.2452002 17.525515 0
-19.430916 12.150133 27.616165 2
-20.121782 15.028466 -12.625033 3
-24.792427 -21.06035 49.728775 0
-37.423248 -4.9797001 -28.961849 1
-44.882801 -35.959599 76.472847 0
-21.884226 14.600266 -76.370087 4
-21.848021 8.8419476 19.609055 2
-24.4881 7.1110001 15.66705 0
-3.4352 13.6196 8.9890499 3
-32.508801 -17.177999 61.184151 0
-38.570778 -28.610126 72.670624 0
12.4679 21.344999 31.61875 3
-32.486301 -15.5075 -26.00745 1
23.154701 35.13625 28.563499 3
-37.851318 -32.093067 68.380478 0
-20.403572 10.395917 -48.863129 1
-31.140076 -28.070175 61.403065 0
35.213902 27.796801 34.91275 3
41.745399 34.356998 29.98135 3
-6.4899998 24.30475 15.04805 3
-14.874 17.1621 45.523849 2
-7.8541002 23.585699 13.25755 3
-19.90955 11.261351 25.654551 2
-39.147667 -29.353933 73.381981 0
-16.258499 16.886618 -0.93505001 3
-42.861526 -34.382751 73.948853 0
8.1056356 19.377005 28.384695 3
-27.132149 0.045975 29.8986 0
-14.124583 17.648142 4.6130829 3
24.60239 25.101162 34.90406 3
-25.852726 13.5253 -48.155525 1
-16.365175 -3.61185 28.049601 0
-29.9387 7.1138 -37.895775 1
4.075675 29.894501 22.436974 3
-27.278973 -1.736061 34.602142 0
-22.729959 -4.8998799 -32.890411 1
-8.8310661 22.826265 11.914284 3
-16.18355 15.400033 37.921112 2
-30.3379 -10.1978 49.28685 0
5.83531 30.560949 23.582642 3
26.412701 25.675474 35.127823 3
-23.324112 -18.938738 47.056576 0
-15.90605 17.264149 1.0622 3
11.404566 20.726267 30.667685 3
-16.672501 5.9839001 14.88375 2
-20.0972 11.913549 -50.519951 4
-15.7989 -1.674 24.91835 0
-18.2631 16.343349 -5.8913002 3
-16.081989 7.3043251 19.597715 2
-20.103701 9.9432507 -16.86665 3
-11.9624 11.0835 -6.1946502 3
-28.671949 9.4766235 -40.8895 1
-20.714298 0.386397 -36.305161 1
-40.544224 -33.314079 71.108215 0
20.9587 35.0476 28.27775 3
-44.087883 -35.090027 75.396324 0
-11.138766 10.924649 -2.578548 3
-17.292 8.7186003 -18.061951 3
-13.5982 18.947399 6.4815502 3
-20.442749 8.8793507 -22.137449 0
-19.370033 -12.155705 40.168945 0
3.9489 18.113701 25.087851 3
-29.12735 8.6728497 -39.081299 1
-24.9177 7.9039998 -45.122051 1
18.2183 34.801899 27.48045 3
43.9338 31.1651 31.62965 3
-17.500433 -7.743866 34.651882 0
-25.7453 13.0389 -46.589249 1
-26.6768 -3.1101999 39.104149 0
-13.9392 10.046 -11.13565 3
-12.61095 10.8588 -7.9088502 3
-25.233864 -9.3957014 -29.976387 1
0.17445 15.0952 15.8661 3
-26.831051 1.02665 28.11875 0
-37.841702 -6.9615002 -27.906651 1
-27.666401 -24.6663 55.59425 0
38.820251 29.10605 33.533401 3
32.0462 35.860451 29.418701 3
-30.310623 -9.8585339 48.414082 0
28.7778 26.157499 35.691349 3
-27.094 -24.050026 54.631275 0
-0.082500003 27.863501 20.36685 3
-35.058102 0.88010001 -33.20105 1
-36.314453 -1.8749 -30.925751 1
-31.603415 -13.358716 54.842823 0
-16.040051 7.6961999 21.751801 2
-37.679874 -13.649354 -25.372881 1
-15.8043 4.1971002 14.95405 0
-20.758801 6.4716501 -45.543251 1
-18.126499 13.992 32.286251 2
43.585361 33.35358 29.870323 3
36.188599 27.94445 34.332901 3
-18.733463 -11.10095 38.620483 0
-21.596344 13.90079 -16.40946 3
-26.4965 11.9041 -45.0905 1
-14.195049 16.331535 44.350616 2
-27.166126 -5.0773249 42.128876 0
16.3057 34.345402 27.26495 3
-36.385101 -26.094 70.126846 0
10.058925 32.280224 26.16345 3
-15.368999 0.85409999 20.833851 0
-32.103683 5.2923999 -36.377468 1
-22.890049 12.71265 -19.397251 4
-2.7714 26.2777 18.539551 3
-27.014 -4.1231999 40.871651 0
-36.869926 -31.41465 67.140396 0
-27.664984 10.924867 -44.329918 1
-22.0867 18.259199 -67.42485 4
-22.388746 -17.911642 45.643291 0
-38.003399 -8.9036999 -26.561649 1
-39.164455 -32.644348 69.900734 0
-15.92715 3.8822999 16.35515 0
24.693232 35.499001 28.762781 3
-20.377899 16.7784 -76.76825 4
-15.7141 8.9770002 26.995649 2
-31.125032 6.252399 -36.928452 1
-21.090401 -0.96509999 -35.597649 1
42.10915 30.5513 32.044952 3
-15.6707 8.9186001 26.137451 2
35.634335 35.831234 29.367018 3
-40.079029 -30.909912 73.911545 0
-18.206573 -9.9295006 37.332577 0
44.949123 32.384766 30.039825 3
-29.673351 -27.069801 59.692451 0
-27.051666 -3.1279669 38.317654 0
-35.483097 -0.56043297 -31.961847 1
-17.6147 14.380025 33.848602 2
33.394501 27.438 35.284649 3
-37.424301 -26.913601 71.357651 0
-15.39245 10.187 30.299099 2
1.89645 15.9529 19.699499 3
-32.855125 4.081625 -35.399025 1
-41.691601 -33.889297 72.4608 0
-15.396772 9.6216402 -13.335878 3
-20.695675 8.1217003 -46.601238 1
-45.101299 -35.200802 76.769653 0
-37.97105 -10.624617 -25.977932 1
-22.39752 7.921031 15.415123 2
-27.4963 -12.033501 -28.102699 1
-23.290489 12.6841 -20.166325 4
-9.632288 11.08485 2.8811131 3
-25.414 4.0113001 22.760151 0
-14.899899 16.334826 43.726124 2
-23.819235 15.0864 -76.359322 4
1.0700999 28.5119 20.98645 3
-14.37905 14.690675 41.318996 2
-34.418598 1.8666 -33.953548 1
17.555933 23.0877 33.370285 3
-21.648487 18.089512 -66.185966 4
1.5439 15.542 18.74435 3
-20.303183 9.1559496 -47.630676 1
-24.146423 -19.919634 48.422184 0
-28.30595 -25.423199 57.088951 0
-16.101801 -4.9176002 29.345751 0
-20.1835 3.8032999 -41.16975 1
-3.9056499 13.429032 8.3593493 3
-36.098801 -23.4879 68.034851 0
-29.089701 -7.3969002 45.482349 0
-37.352402 -27.763599 71.491348 0
42.773499 30.7362 31.57975 3
-34.712349 -16.080849 -25.442699 1
-31.8346 -28.804701 62.450951 0
2.70525 17.09865 22.44095 3
-18.247799 16.03495 -7.5490999 3
-40.950634 -31.822998 74.539009 0
-21.586777 9.28895 20.355312 2
-25.906275 -9.50455 -29.446125 1
-16.094526 9.3898487 -14.64569 3
-15.4863 1.3343 20.164452 0
-16.1828 6.7827001 15.03715 2
-37.970001 -28.6576 72.153954 0
40.903339 30.40715 32.588776 3
-35.955601 -24.878799 69.076347 0
-1.1436 14.86735 13.085401 3
-36.946362 -4.5724831 -29.447166 1
-17.707899 8.5641003 -18.92065 3
-22.105858 13.387008 -17.900379 3
-16.700325 -6.6701751 32.047199 0
-26.94265 -2.3796501 36.925484 0
21.9181 24.1724 34.395248 3
-28.711599 -6.9334998 44.973549 0
-1.825 14.386 11.77475 3
-27.6464 -5.9994001 44.01955 0
-37.487503 -15.4582 -25.45915 1
28.131065 25.916534 35.313183 3
-31.817112 -16.061642 59.661469 0
-14.9543 12.7139 36.91695 2
26.178036 35.67189 29.046263 3
-44.832298 -35.385502 75.956947 0
12.0371 20.940001 31.05755 3
-31.9699 -17.231701 60.53495 0
37.383575 35.627373 29.50815 3
-16.49015 9.4547997 -16.223551 3
-26.629684 1.398483 27.478733 0
-22.623425 -4.165051 -33.105347 1
-42.144024 -32.127384 75.277969 0
28.851974 36.100372 29.036425 3
-21.8442 -17.04175 44.678299 0
-20.81485 16.159451 -76.855255 4
-22.73625 18.09025 -65.519455 4
-24.671801 6.8098001 16.66605 0
-5.09935 13.275817 7.4007339 3
-44.297802 -33.901234 76.327484 0
-16.099501 6.8868999 16.40485 2
-24.437401 -8.2907 -31.048349 1
-23.967066 16.633598 -76.647858 4
-11.6854 20.5515 8.5357504 3
-13.3206 10.5331 -10.68925 3
-17.104824 16.8573 -2.6156249 3
-18.278112 13.308606 30.587038 2
-31.64064 -14.06697 56.321918 0
-23.0811 -6.0695 -32.35125 1
-21.7609 17.4202 -77.072151 4
-21.420366 9.6455336 21.883001 2
-14.298875 16.488449 45.071373 2
-20.696199 5.5675001 -44.704552 1
-21.075701 10.268517 23.144552 2
-30.878565 -27.621025 60.876934 0
-38.500164 -31.839134 68.668358 0
-33.877232 -29.884272 64.20295 0
-29.130825 -26.292976 58.604202 0
2.5523 29.248051 21.737751 3
39.855202 35.072899 29.83725 3
-19.259399 8.2054996 -21.12855 0
-23.283501 17.469666 -76.67585 4
-14.61405 13.63725 37.814301 2
-31.884315 -14.91788 57.37104 0
19.05805 23.490683 33.75592 3
-31.34 -28.508301 62.002548 0
-31.144133 -14.308162 -26.572573 1
-7.0679498 23.709999 13.4626 3
-14.635088 14.171403 39.137604 2
-19.942101 15.4959 -10.74585 3
-25.860775 13.288501 -47.369598 1
-19.407 15.5684 -9.9116497 3
6.3806691 18.726864 27.066578 3
-21.334801 -15.7986 43.918949 0
-15.6064 16.2593 42.399399 2
-17.644001 16.62985 -4.1433001 3
-15.188475 12.382013 36.125015 2
-30.036865 7.727633 -38.331184 1
22.8465 35.429901 27.98595 3
-39.085999 -30.059866 73.274513 0
-15.3675 10.7227 31.878851 2
-20.106001 10.0249 -18.41745 3
-26.9491 -2.0676999 36.257851 0
-26.166 11.8121 -45.73045 1
-15.928 2.9749 17.847349 0
45.227348 31.724224 30.6264 3
-19.42605 15.37151 -11.28745 3
-16.086458 -2.2612 25.321033 0
7.2455001 31.2698 24.33375 3
-15.4408 9.5816002 28.505951 2
-30.973534 -11.880099 52.376316 0
-13.37395 11.01905 -9.0947504 3
-9.8624001 22.061132 10.627117 3
27.953766 35.939083 28.846535 3
-25.288624 14.26815 -49.589901 4
-19.4133 -13.544 40.926151 0
-2.2502 26.6078 18.92145 3
-24.993799 -21.6341 50.477051 0
44.128704 31.855715 31.396433 3
-5.6925998 12.6413 6.29145 3
-13.2297 18.642599 5.86305 3
-14.330134 15.372767 42.878887 2
-22.069717 18.37125 -66.66568 4
2.3762 16.417601 21.30125 3
-15.729463 3.9343381 15.641538 0
-28.4382 10.0105 -42.318451 1
-25.590553 3.4560339 24.154108 0
22.901745 24.637905 34.904003 3
-32.996799 -18.3228 62.44585 0
-27.431499 -1.27275 33.138649 0
-34.933399 -30.658199 65.28875 0
-15.718033 0.335567 22.262548 0
-30.8582 -11.1966 50.844051 0
-10.5759 10.706833 -0.93905002 3
-15.315666 17.413134 2.910017 3
-25.623922 2.674166 25.152399 0
-36.930302 -27.0315 70.89415 0
-20.39558 1.582212 -37.404182 1
19.04715 34.880447 27.637238 3
15.222 22.1796 32.608749 3
-20.806801 10.7702 24.25915 2
-36.560722 -25.320824 69.836273 0
-15.8463 8.1829748 23.61545 2
-20.286249 2.4858999 -38.521599 1
-23.270067 8.5369997 9.7234831 0
-5.1178999 25.317299 16.91 3
-37.116699 -5.4933 -28.647449 1
-33.707222 -19.138681 63.267448 0
8.7804003 31.936899 25.56715 3
-12.379811 19.586033 7.386354 3
-38.722473 -29.368557 72.866486 0
0.88901699 15.6152 17.106768 3
29.347799 26.1975 35.345951 3
-16.837126 9.3413 -17.314976 3
-14.533067 14.135934 40.302418 2
-34.915924 -21.524948 66.03688 0
-34.743069 -20.878901 64.886177 0
-17.706596 13.590899 31.912735 2
-16.3841 -5.2417998 29.957951 0
-15.741899 8.58745 24.87645 2
-20.136209 11.342056 -50.189983 4
-23.6688 11.8105 -21.455151 4
-33.045101 -29.0182 63.150452 0
-24.697399 5.8164001 19.27285 0
9.3142004 19.945299 29.66135 3
-4.0921001 25.9814 18.06715 3
-15.9447 -3.84355 27.60335 0
-37.897625 -8.3695002 -26.926086 1
-8.5233154 11.420382 4.1285882 3
-20.388884 14.822311 -13.269478 3
-19.9813 14.4771 -12.11705 3
-14.1538 16.370949 43.580849 2
-38.081551 -12.1609 -25.277351 1
-26.838951 -4.9321499 42.6744 0
-38.360443 -28.137634 72.12516 0
-22.586742 9.0806503 6.8721042 0
-16.2038 6.7467999 17.78805 2
-26.3958 -23.1434 53.232449 0
-10.182733 10.751534 0.98554999 3
-7.0940928 12.312556 5.5873132 3
-22.2981 -3.0887001 -33.577251 1
16.133751 22.715149 33.24015 3
-16.192699 15.0632 37.294949 2
-18.738075 12.337999 -19.397926 3
-19.692848 15.16019 -11.89245 3
-36.501015 -31.098288 66.714378 0
-29.384947 -8.1758566 46.329971 0
-20.273451 3.10605 -39.85545 1
-15.6818 16.036949 41.057449 2
-28.83395 -13.285851 -27.435799 1
-15.7053 -0.46419999 23.4965 0
-27.40695 -0.73944998 31.8596 0
-21.625 -2.3441 -34.629951 1
29.5287 35.843349 29.622025 3
-20.7929 -15.2478 43.01815 0
30.569201 26.8141 35.551048 3
-34.328602 -20.247299 64.625549 0
-14.9554 12.9999 37.773048 2
-17.036858 14.361067 34.112942 2
-9.9061012 11.39908 2.372386 3
-16.8941 14.7328 35.31385 2
-16.686001 -5.6923599 30.969669 0
-30.042101 -8.7723999 47.151249 0
-28.709805 8.5966616 -39.69841 1
-31.9991 -15.1104 -25.982349 1
-2.377913 14.63117 11.401482 3
38.001301 35.542599 29.57925 3
37.629635 28.942902 34.395115 3
-0.37869999 14.5754 14.22545 3
-29.9116 -14.111 -26.950899 1
31.832951 27.0989 35.5466 3
-17.451799 -9.0209999 35.730751 0
-17.508699 -8.0404501 34.101002 0
-18.6714 15.851601 -8.8146 3
-15.869 1.0029 21.17565 0
-36.666569 -3.695225 -30.180206 1
-27.399834 -24.264683 55.12925 0
-32.755901 -17.682501 61.863049 0
-22.352001 14.0569 -76.513649 4
-11.137725 11.12921 -1.9491251 3
5.3797498 18.15995 25.9461 3
-14.360862 17.370653 4.1103582 3
-2.8789501 26.5921 19.06345 3
-18.700401 12.59606 29.147141 2
4.6713419 29.888102 22.913776 3
-25.927067 2.3475161 26.227867 0
-25.12965 5.126298 20.330666 0
10.87355 20.687851 30.182301 3
-20.7202 5.7080998 -44.10405 1
-30.59453 -10.66479 49.659168 0
14.7287 33.867599 26.920549 3
-27.0436 -1.659 35.179749 0
-41.601631 -32.171772 74.860329 0
8.5833864 19.619869 28.718449 3
-20.030001 9.8762999 -48.81765 1
-20.662701 5.8964 -45.221249 1
5.41745 30.1406 23.425049 3
24.091999 24.925884 35.193283 3
-20.852301 14.6269 -14.577801 3
-43.710823 -34.885597 74.946793 0
-16.1157 -1.6556 24.31835 0
11.5138 32.908199 26.248249 3
-15.8484 7.2112999 18.034849 2
25.137074 35.671349 28.33485 3
1.4520251 28.500074 21.458475 3
-21.8547 15.1545 -76.616348 4
-20.954355 15.699165 -76.37822 4
40.21801 34.593979 29.963936 3
21.296499 35.284302 27.83605 3
-37.319302 -31.839001 67.723251 0
-15.974415 8.3388004 22.874722 2
-19.096935 12.164 28.177483 2
-31.306032 -12.820033 53.39262 0
-28.129524 -6.8158002 44.8736 0
-23.484451 14.313601 -76.421501 4
-27.316208 -5.8847699 43.387482 0
-37.546021 -7.5371408 -27.75271 1
-20.1502 -14.5395 41.998951 0
-35.580299 -31.025 65.857651 0
-24.287949 15.1738 -76.724045 4
-28.49995 -7.28615 45.4921 0
-44.500702 -34.499748 76.522903 0
-21.313801 -0.99309999 -34.945351 1
-37.805698 -27.345699 71.521248 0
-24.3468 14.4113 -50.438148 4
-16.399599 -4.2767 29.10705 0
-36.5117 -24.9226 69.287849 0
-7.8362331 11.644484 4.82025 3
21.624851 34.902649 28.36025 3
-24.100401 7.1693001 15.21825 0
0.36356199 15.595175 16.1292 3
-20.384399 7.4747 -46.602051 1
-45.26442 -35.90786 76.926491 0
-43.36895 -34.155876 74.157272 0
-15.0949 13.9996 38.80405 2
6.8614249 18.9251 27.35215 3
-37.679398 -13.065533 -25.629385 1
-36.2691 -24.3769 69.064148 0
43.62225 30.891174 31.208324 3
-19.6667 11.730749 27.273201 2
-23.702652 -19.086674 47.601021 0
-16.047298 15.87515 39.696499 2
-6.2200999 24.463499 15.54775 3
-17.975111 16.063225 -6.6005092 3
-26.9891 -0.16429999 30.88505 0
43.360001 31.3221 31.514549 3
35.549999 27.7204 34.43605 3
-36.0835 -24.087294 68.083534 0
-24.603901 7.1202002 14.91575 0
-43.048 -32.71035 75.821899 0
-16.14225 -4.1461501 28.1436 0
-18.357346 12.945104 30.130716 2
13.8957 21.886024 32.277374 3
-16.188927 7.77705 19.925476 2
-24.981501 -20.8986 50.257149 0
-35.54245 -22.15485 66.851303 0
-34.9198 0.51660001 -32.643452 1
-25.165451 4.8394499 21.478649 0
-36.2924 -16.048901 -25.507351 1
-15.174643 12.080472 34.925262 2
-12.365171 10.934172 -6.5869122 3
-16.076401 -2.3872001 26.299049 0
-33.687424 2.91575 -34.769226 1
-8.5017996 23.033501 12.34425 3
-22.100876 17.868225 -67.89888 4
-26.993999 -1.4105 34.220249 0
22.492901 35.270451 28.44445 3
-28.377853 -24.90336 56.614216 0
-15.690022 1.820225 19.934547 0
-31.571016 5.8919501 -36.892567 1
31.381962 35.63092 29.428192 3
-23.6294 -6.0892 -32.180977 1
-27.054199 -0.4456 31.514351 0
-41.14365 -31.3055 74.381805 0
-20.914232 -0.317633 -35.93325 1
-16.705124 17.088593 -1.387633 3
-14.632774 16.03215 44.132202 2
-27.157064 -11.59718 -28.301825 1
-27.938385 -12.379885 -27.908905 1
-0.74019998 28.025101 20.459949 3
-40.946449 -33.646 71.745697 0
20.357899 23.9067 34.403999 3
-19.100267 -11.088834 39.053783 0
2.9177001 17.4447 23.390051 3
2.2565999 17.1633 22.067051 3
-39.792801 -32.569099 70.340279 0
-20.1276 9.7496996 -47.907051 1
-30.092062 -10.273988 48.729774 0
-15.87935 8.1507502 22.150351 2
-34.607769 1.419722 -33.664455 1
-25.739075 -22.3104 51.918823 0
-29.414749 -13.13055 -27.128 1
-31.7782 -15.4061 58.706551 0
-19.854099 -13.8329 41.126549 0
-36.601089 -3.1276829 -30.140116 1
-33.900497 2.17855 -34.103302 1
-23.177401 8.6898003 10.62755 0
-39.206299 -32.265148 69.477005 0
-11.85528 10.92896 -4.8831701 3
-21.9529 8.3195 17.87015 2
-17.2491 8.9778004 -17.43025 3
-22.316 7.9239998 16.80505 2
-16.6397 14.988874 36.357925 2
-15.879951 17.130016 0.51994997 3
-20.235399 3.2953 -40.438351 1
-28.49501 9.1168804 -40.460663 1
-37.837624 -28.169891 71.84803 0
39.362801 29.17205 33.421349 3
-36.693699 -25.9147 70.555649 0
-33.938248 -15.8044 -25.588766 1
-25.735498 12.812667 -47.098148 1
25.143559 25.135391 35.029442 3
-29.453949 -26.677401 59.09045 0
22.488998 24.306 34.562851 3
-15.8787 1.43125 20.544651 0
-30.525999 7.1364002 -37.82645 1
-32.974152 -15.87175 -26.062401 1
-1.6121 27.5091 20.026649 3
-17.600183 -8.0487328 35.102383 0
-25.367201 13.9611 -48.620949 1
-14.35065 17.9013 5.1541171 3
-23.938242 -7.3384399 -31.585485 1
4.110836 17.879219 24.579256 3
-15.230104 11.63131 33.859474 2
-25.408501 -21.762501 50.879749 0
-27.266951 -2.5092499 36.337898 0
9.9229498 20.161949 29.840801 3
42.266079 34.095261 30.052372 3
-28.295401 10.2525 -43.14925 1
-18.141251 -9.3753996 37.054947 0
36.136528 35.401466 29.543068 3
-27.151251 11.084883 -44.434265 1
-35.6082 -23.655949 67.8601 0
-8.1463757 23.342674 12.8646 3
-43.224377 -34.618244 74.431618 0
-15.9311 -1.9729 25.75865 0
-15.5036 2.1905 18.74115 0
-15.2874 11.3384 33.28775 2
-20.1866 11.6238 26.217051 2
-20.2903 10.969883 25.30265 2
-21.679762 13.617575 -16.923761 3
-10.562031 10.87529 -0.392607 3
-22.084576 8.6468506 19.159126 2
-2.6615939 14.109062 10.316494 3
-34.161598 -19.8155 64.08345 0
3.6161101 29.607496 22.386927 3
26.68045 35.6675 28.741301 3
34.913799 27.450399 34.62125 3
26.751101 25.814501 35.52895 3
-23.103571 -18.652519 46.633747 0
18.32555 34.592781 27.975849 3
-27.280142 -0.17423999 30.371504 0
13.120214 21.420292 31.5445 3
-19.919001 8.3667002 -21.960751 0
-20.18685 10.661949 -49.325447 4
-16.274401 15.6191 38.407551 2
-28.079741 -24.599367 56.144463 0
-27.04845 0.26587501 29.333824 0
30.357874 36.121597 29.347475 3
-38.014301 -9.4344997 -26.657749 1
-17.568951 8.9243002 -18.540249 3
-12.4045 20.0396 7.7520499 3
-16.011999 8.2488003 24.555349 2
7.4953671 19.704367 28.260284 3
-17.766251 -8.90415 35.301399 0
13.444275 33.543976 26.677898 3
-23.394011 12.135592 -21.126467 4
-15.90835 7.8797998 21.26395 2
-28.596649 9.8196001 -41.346848 1
-14.34 17.218901 45.546051 2
-16.358791 17.119024 -0.461308 3
-36.180099 -2.3903 -30.986851 1
43.529701 32.838501 30.007851 3
-16.290167 4.2572331 15.268817 0
-15.915971 -3.1288209 26.608459 0
-27.2768 -3.0648 37.838051 0
-16.1362 9.3140001 -15.85035 3
-19.331842 -12.090684 39.630173 0
12.582483 33.080635 26.8909 3
-27.074902 -0.92245001 32.966148 0
-12.88785 11.01035 -8.3377743 3
-24.7404 5.4438 20.16655 0
-40.350677 -32.916176 70.581329 0
-14.8626 16.93405 45.04805 2
-6.8874502 24.159849 14.618799 3
-14.5837 14.412725 40.823402 2
-15.5498 9.7740002 -13.82325 3
-37.425137 -6.6161342 -28.171267 1
-29.949825 -9.6354752 48.104 0
-20.330502 4.3824 -42.4114 1
-16.8395 -5.9668999 31.899851 0
-21.29825 13.906425 -15.9501 3
-24.351999 6.8982 16.126949 0
-11.886738 10.653462 -5.9039998 3
28.92465 35.925247 29.525299 3
-35.586475 -15.57205 -25.1635 1
-21.4006 -16.318222 43.916824 0
45.403999 32.443501 30.292252 3
-37.544701 -5.7224998 -28.842899 1
-31.709839 5.6346002 -36.414124 1
-36.79377 -4.1126881 -29.892117 1
8.2096996 31.6294 25.331249 3
4.9366999 18.4883 25.95125 3
-3.9284999 13.833301 8.7316504 3
-42.474426 -34.267498 73.536148 0
19.5966 35.042 27.667351 3
-18.4708 12.1663 -18.95505 3
3.4995501 17.305967 23.709131 3
-16.366798 -4.0205998 28.656349 0
-35.4846 -1.079667 -31.949652 1
36.4375 28.1147 34.755051 3
-10.9167 21.27655 9.4565001 3
-24.602699 6.1571999 18.213551 0
-23.746552 -19.892151 48.067699 0
-23.065201 11.1213 -46.666851 1
-22.379051 17.643578 -65.332748 4
-42.130451 -33.809998 72.722504 0
20.646988 24.344971 34.297501 3
-26.6416 0.89829999 28.721951 0
-23.02355 -4.5058999 -33.050724 1
-25.197701 5.6592999 19.306749 0
18.644705 23.863762 33.801788 3
-36.707474 -26.622025 70.527756 0
-28.665968 -25.655432 57.466381 0
15.165267 33.866467 27.42885 3
-18.4814 8.4490995 -19.86735 3
-15.6645 9.8207254 28.110687 2
-27.077101 -4.3362002 41.334351 0
37.834599 28.914499 33.886551 3
-15.7202 9.7420502 29.059151 2
15.8342 22.37355 32.818497 3
-22.875099 13.0425 -19.788651 4
-24.844524 6.3812938 16.886444 0
0.130817 14.942108 15.350433 3
18.166412 23.115913 33.550262 3
33.938801 27.560499 35.091251 3
-5.8507838 24.649666 15.881634 3
-26.0662 12.6646 -46.456848 1
-26.180099 -23.0226 52.663349 0
6.3976002 30.644838 23.81085 3
-26.453699 1.3552999 28.02635 0
-22.1824 7.7905998 15.92885 2
-20.3874 12.4428 -50.61525 4
27.474499 35.89645 29.2826 3
-26.2647 1.8218 27.21805 0
-29.723619 -9.1162596 47.347717 0
-15.4039 10.9745 32.365452 2
41.304832 34.600254 29.92812 3
20.7318 35.12455 27.832001 3
-16.096375 7.1516752 19.115524 2
33.9897 36.099098 29.227249 3
-14.5077 10.0476 -12.26295 3
-17.697216 -9.3642502 36.203568 0
-22.878551 17.49935 -77.012299 4
-17.043652 16.63958 -3.0985401 3
-23.835455 17.115301 -76.583481 4
-11.418841 10.627879 -4.1762228 3
17.1098 23.316782 33.33865 3
-14.0907 15.5804 42.48925 2
-17.1845 -7.0823002 33.731449 0
-37.591003 -14.879978 -25.391775 1
-31.4715 -13.5174 55.38065 0
37.051594 28.605249 34.121334 3
-35.494621 -22.731861 67.285912 0
-18.032467 16.392584 -5.3800831 3
4.3581471 17.827026 25.07165 3
-22.226601 13.5174 -18.36705 3
-29.1509 8.3042002 -38.729752 1
-24.9272 -9.1413002 -30.277149 1
-15.941125 2.8626871 17.361687 0
-20.559 4.6301999 -43.354351 1
-16.925949 -7.1002498 32.947098 0
-16.146755 4.615787 14.609509 0
-16.129499 9.4988003 -15.26935 3
-25.1353 4.5100002 22.44735 0
7.48665 31.2554 24.76795 3
-9.0516167 22.398399 11.4611 3
-30.133881 -27.061493 59.905426 0
-26.71455 -3.4999499 39.699898 0
-11.2703 10.6735 -2.98575 3
-24.482399 -20.662901 49.3522 0
-19.1959 15.8011 -9.0262499 3
2.0623751 16.369877 19.909248 3
-14.933 11.7211 33.348751 2
8.6036997 31.852825 25.0954 3
-44.368641 -33.414211 76.367928 0
39.925201 34.906853 30.2966 3
-13.6582 18.317299 5.7465501 3
-22.808001 -5.362175 -32.737221 1
-16.92215 -7.3737001 33.396999 0
-37.848465 -10.141548 -26.309736 1
-20.9242 14.5619 -15.08065 3
35.914352 28.163799 34.677849 3
43.901184 31.379068 31.187601 3
-38.361282 -31.910383 69.135117 0
-36.084259 -1.5972511 -31.384943 1
-10.182619 11.136659 1.371233 3
-27.287449 -2.687125 37.094498 0
-15.618576 -0.125861 22.398836 0
-39.71125 -29.908649 73.255203 0
18.89255 34.680599 28.05825 3
-17.918386 13.174381 30.891937 2
-26.223101 -10.6234 -29.01965 1
-14.361201 10.526325 -11.350632 3
-40.020699 -30.316299 74.030746 0
-19.62175 -12.572926 40.132824 0
40.0826 30.114275 33.371696 3
-10.6109 21.527599 9.7952499 3
