# .PCD v0.7 - Point Cloud Data file format
VERSION 0.7
FIELDS x y z label
SIZE 4 4 4 4
TYPE F F F U
COUNT 1 1 1 1
WIDTH 1142
HEIGHT 1
VIEWPOINT 0 0 0 1 0 0 0
POINTS 1142
DATA ascii
-1.86745 36.987701 -85.592697 4
48.023449 68.981796 35.022999 3
-34.362225 31.394199 84.368126 1
-6.3758998 -11.628983 51.816402 2
9.30865 51.353298 23.7421 3
-44.00095 -74.315399 84.980202 2
29.228251 53.554298 37.772701 3
-20.70915 -25.369568 65.444237 2
8.587038 33.322304 8.0888634 3
-1.83745 21.887699 35.476501 1
-14.8832 2.8501999 36.078899 2
-32.839798 -58.581951 83.582451 2
-24.60635 23.5467 70.471954 1
-1.99315 5.6410999 25.9751 2
32.710049 67.638901 33.138401 3
-11.820783 15.639317 45.103134 1
0.33660001 20.097149 20.688351 1
-13.25515 -38.0634 66.099602 2
-8.3460999 -24.154549 58.363998 2
19.364149 60.273998 29.985701 3
19.065954 45.426311 32.129234 3
-18.116699 -7.5974002 45.0658 2
13.407675 38.325874 20.186275 3
-2.5738499 34.007401 -0.1552 3
-4.0692501 -5.0935998 39.537201 2
-18.95105 -15.15255 56.5429 2
-11.4217 16.4725 28.501999 1
2.3933499 42.687401 14.9169 3
-24.01375 -35.995399 72.770103 2
39.608349 60.470901 38.502201 3
-28.356701 -48.925301 80.384796 2
-25.46265 -58.302502 75.169403 2
-16.89435 19.0408 -41.4729 0
-18.138824 18.888451 63.310051 1
-36.391949 -68.125198 80.718498 2
-4.5872102 13.109579 -41.676498 0
-5.4365501 23.514 45.199299 1
-20.57585 3.3708999 -34.7607 0
4.1747999 29.71875 -5.5384998 3
-27.715448 28.479416 78.111969 1
-1.95595 24.3447 -53.415352 0
-0.32416299 37.176426 8.180954 3
-14.4224 16.70365 53.669849 1
-2.6675501 37.650902 -76.749397 4
-9.2111502 28.923201 -51.231499 0
-17.225349 25.332001 68.051201 1
40.23325 69.8358 33.949299 3
-30.844851 -63.551601 77.690498 2
-4.0048499 32.358898 -7.1455002 3
-20.23435 10.5494 -36.2981 0
-1.96785 18.9265 -45.159599 0
-13.371372 2.9002669 -35.812466 0
-13.82565 10.0717 21.391001 2
-1.088917 9.9141674 18.047266 2
0.42825001 26.533199 -19.091999 3
-10.191668 16.302666 21.831367 1
-8.9165831 21.274035 2.7648671 2
-13.48565 23.894501 -44.725197 0
-7.3383498 8.1886997 -38.6539 0
43.47345 65.288666 37.299534 3
-39.57415 -70.1166 85.604301 2
-35.19215 -64.163147 85.055298 2
-17.135851 -3.3413999 41.137901 2
22.81205 48.478298 35.139 3
-23.39535 27.0816 74.713699 1
-21.13851 21.3255 67.037682 1
2.63815 28.4711 -10.5325 3
-0.58841699 21.649881 30.395182 1
-0.97474998 30.5369 -58.367901 4
-17.74575 -46.1063 68.604698 2
23.734884 63.076065 31.085167 3
-4.8241501 -6.9456 44.318298 2
-3.6359999 -2.8327751 34.848473 2
-2.65165 2.0030999 29.608299 2
28.223049 65.487801 32.094948 3
-19.17005 -18.4687 60.3181 2
-32.04895 29.129051 80.454697 1
12.313334 54.355 26.300865 3
-6.7465172 -15.861366 54.503536 2
0.29435 20.933001 25.578501 1
15.78065 57.299351 28.720699 3
-21.20705 -28.827299 68.767502 2
-15.54395 -42.1693 67.045998 2
-11.32955 -33.730801 64.683052 2
16.516449 42.746048 29.24745 3
-11.27225 15.8867 33.126801 1
14.272692 40.076775 24.403883 3
-22.37775 -53.625702 72.4468 2
-20.30405 25.8776 71.457199 1
-7.3414502 -20.0847 56.420998 2
-10.822844 15.619307 40.61087 1
-6.1360002 -8.4971504 48.485802 2
-6.1262498 32.707001 -57.7523 4
1.13211 40.123821 11.406533 3
-21.46875 -32.581402 71.2798 2
-5.1489501 30.6068 -15.745 3
6.68715 48.074402 21.597752 3
-8.9492493 16.2719 17.13085 1
4.3870502 45.089775 18.372326 3
-27.59775 25.948 74.0821 1
12.29355 36.988499 16.150299 3
-18.685949 -9.9728003 48.756401 2
-6.2828002 28.851398 -19.946301 3
-19.03825 -12.6963 52.6544 2
-14.45215 6.0651999 30.502501 2
10.535299 35.396347 11.309225 3
-9.4784756 -28.382374 61.131374 2
-9.1179581 24.117609 53.633503 1
0.96885002 26.9706 -14.6717 3
-4.3734999 31.676399 -11.46395 3
-29.826599 -52.471397 81.890106 2
-10.80385 17.880301 9.7630997 2
6.3347502 31.315567 5.4423671 3
-6.9586 31.14785 -53.925049 4
-1.22385 27.488199 -55.767399 0
32.368999 55.943901 38.540352 3
-7.2947502 24.051399 49.034199 1
-1.37335 18.462299 10.3537 1
36.149399 58.521149 39.004101 3
-28.35605 -60.723598 76.722298 2
4.5889668 30.074001 -1.622975 3
-17.0823 1.96085 -34.849648 0
-20.38155 7.0429001 -34.951351 0
-0.2895 19.081177 17.174999 1
-3.40095 16.1467 -43.273701 0
-1.692225 25.203625 -21.678776 4
-14.067625 8.3986816 24.691036 2
-3.30285 -0.493 32.022099 2
-11.68115 16.274799 13.1433 2
-3.2639501 33.107498 -3.6206 3
-31.340891 -55.573151 82.573616 2
-39.131599 -70.148003 82.146805 2
-41.614151 -72.131798 83.746597 2
-10.852051 16.759066 25.125666 1
-19.61405 13.3525 -37.972599 0
-27.515617 -44.732899 77.769165 2
-14.156876 4.5099249 33.358025 2
-7.3853841 24.185234 -4.8701329 1
-14.645488 17.112574 56.857124 1
-18.556749 16.369499 -39.665798 0
-0.70235002 11.8209 15.2504 2
-16.411118 17.878401 60.820568 1
-10.08705 19.4259 6.6276002 2
-10.43895 -31.1485 63.126301 2
-13.21265 11.9597 18.4694 2
-15.6506 24.887699 65.382103 1
-11.29835 15.587 37.331501 1
46.19495 66.720497 35.587399 3
-19.425051 -48.610401 69.439903 2
-1.44385 20.9111 -47.336102 0
-26.041775 -40.386726 74.934502 2
-1.51485 22.734449 -50.828003 0
-33.016949 -65.430603 78.6157 2
-3.00405 38.2509 -73.8489 4
-21.146049 -51.290298 70.856499 2
-32.156349 30.7104 82.733597 1
-4.2684498 23.100201 42.478199 1
-0.65324998 15.2395 10.6717 2
3.5357499 29.3407 -8.1390991 3
-29.383217 29.324568 80.026894 1
-1.49435 22.0756 32.8685 1
-1.1784 8.5593491 20.333351 2
-14.43505 7.0696502 27.846199 2
-13.03075 16.005699 47.3936 1
-8.8575106 24.088381 51.086315 1
-28.613468 27.36525 76.026947 1
-1.7512 7.06355 23.900452 2
-12.699387 -35.65625 65.563988 2
-23.16835 22.1549 68.716698 1
-25.201401 -38.1693 73.6931 2
-14.0527 16.49305 50.858551 1
-11.866986 25.354628 -45.894894 0
-30.096016 28.366385 77.875702 1
-34.610149 -66.682198 79.885498 2
-8.7265501 6.5078001 -37.681 0
-8.5829496 15.9108 14.8307 1
-9.9414501 28.03595 -48.680901 0
-4.2048502 36.823101 -85.586197 4
-16.577909 -1.605155 39.649048 2
-2.67805 33.43985 -85.645554 4
-11.482201 4.1010499 -36.523399 0
-42.87545 -71.973297 85.684097 2
-1.1242501 16.6185 8.7656002 2
-1.074683 18.373766 12.6525 1
0.070749998 38.7785 9.7684002 3
-5.73875 29.941299 -17.851801 3
-21.087976 -26.916225 67.080849 2
42.56255 70.245399 34.209702 3
-15.517565 1.0955271 37.397774 2
-21.94515 26.4821 73.094101 1
-11.0377 15.40645 42.873051 1
-12.35165 24.4807 61.0294 1
42.010948 63.555599 37.7547 3
45.950451 69.523399 34.383434 3
-1.01445 35.714802 6.4830999 3
24.171333 50.065514 35.841064 3
-15.205975 17.603775 58.909172 1
5.3780551 30.493429 3.5372651 3
-20.6777 -23.688751 63.854248 2
9.3929329 34.603058 9.6501036 3
-9.7123833 24.104734 55.693832 1
-35.968048 -66.321602 85.264702 2
-5.1724501 -7.7315998 46.515202 2
4.8963499 30.2031 0.37584999 3
-0.70289999 28.920349 -57.177101 0
0.03475 21.2113 27.5672 1
-2.1003499 34.2379 2.4147999 3
-6.8804498 31.815599 -55.8321 4
-1.1773371 35.101189 -85.408234 4
-15.19495 2.0908 -35.533798 0
37.780449 69.546898 33.549198 3
-0.41935 18.87595 15.1522 1
-38.1763 -68.711349 85.417206 2
-4.08005 32.299301 -9.4966002 3
-32.92815 -60.452534 84.250198 2
-30.660749 30.1343 81.443954 1
-20.04595 -20.667 61.356499 2
-11.3575 23.774101 59.334846 1
27.33445 52.1586 36.976299 3
-8.0957756 29.925499 -52.893002 0
30.613649 54.888462 38.095512 3
40.616611 62.083138 38.201729 3
-2.1733 4.197125 27.483799 2
-19.139774 2.14695 -35.081001 0
-34.264297 -62.333847 84.699051 2
-0.68374997 13.0991 13.5165 2
-18.942717 -16.835333 58.678852 2
-1.69625 21.874701 -49.0131 0
-22.74415 -33.921799 72.316299 2
4.0589499 29.952488 -3.61905 3
-29.42635 -62.305401 77.123703 2
-18.44875 -8.7938995 46.417999 2
-6.9678502 -18.4391 55.691502 2
-11.404825 16.367125 30.332325 1
-2.481617 17.479834 -44.117832 0
-3.55635 22.870201 40.691048 1
14.38415 56.337002 27.910601 3
-19.083992 -13.617667 54.289719 2
-20.035 5.0851498 -34.965828 0
-16.084316 20.347483 -42.408131 0
-3.1597061 0.65388501 30.654583 2
11.07285 53.101601 24.990801 3
17.966249 44.188248 31.066299 3
-0.30535001 25.697399 -20.7204 3
-16.419649 -44.145302 67.877098 2
31.071301 67.055847 32.886299 3
-13.3363 10.9107 19.860401 2
-20.449249 8.9680996 -35.588902 0
-4.1035962 14.626042 -42.378231 0
0.33665001 20.5837 23.574301 1
-1.18045 10.71185 16.49465 2
-14.47315 22.4489 -44.083599 0
25.24555 63.858501 31.350901 3
-14.41005 24.961901 64.191597 1
-24.592999 -56.716774 74.055626 2
-5.0978498 11.5239 -41.007198 0
-21.42495 -30.6805 70.372803 2
-26.8915 -43.32975 76.736526 2
-0.17565 19.348499 19.251801 1
-30.83045 -53.939201 82.374901 2
-12.6721 13.142225 17.278725 2
-10.46311 16.505022 23.48666 1
-30.841949 29.260099 79.0709 1
-42.799751 -73.284401 84.468597 2
-14.14375 9.3250999 23.0804 2
20.124115 46.159992 33.153885 3
-26.533249 -41.6576 75.847801 2
-27.07745 -59.9757 75.936203 2
-9.5668001 16.14665 18.77075 1
-13.35965 16.390106 49.114639 1
35.194099 68.659546 33.440697 3
-17.892349 17.682199 -40.4524 0
13.07035 37.789501 18.432199 3
-6.0857501 -9.5297003 50.057098 2
-26.60265 25.197399 72.824699 1
-1.39705 7.5556002 22.403799 2
-23.503201 -54.519798 73.247803 2
-7.90625 -22.792999 57.622002 2
26.914925 64.595055 31.711451 3
-0.21695 19.9825 22.193399 1
-25.456917 24.45553 71.536301 1
-19.856449 11.8545 -37.149799 0
-4.86865 30.999901 -12.9621 3
-33.815651 30.274401 83.368401 1
-37.95385 -69.267502 81.356003 2
-32.864506 29.633806 81.808235 1
-11.26035 16.482599 26.929899 1
-3.72925 -3.6087999 36.390099 2
-16.208801 -0.15725 38.579552 2
29.77125 66.303497 32.4189 3
-11.119699 -32.379223 63.844048 2
22.427549 62.2794 30.797199 3
21.51055 47.265099 34.226002 3
-9.8222504 5.3852 -37.150002 0
-9.837616 16.194515 20.33395 1
-6.8677812 9.5935221 -39.696598 0
-8.1974249 22.9009 -1.4823999 2
-4.5058498 -6.2714 42.986599 2
-1.84115 18.2106 8.7403002 1
-6.0590501 23.848 46.582298 1
-24.369049 27.661049 75.710403 1
15.743115 42.088634 28.107201 3
-4.2031498 -5.6423998 41.187 2
-11.089951 15.423525 39.062576 1
-3.91155 -4.4467001 38.188202 2
-3.9614251 34.268127 -85.636627 4
5.2630501 30.334299 1.9404 3
13.42725 55.063099 27.2416 3
-2.50335 2.8373001 28.3811 2
44.017651 70.074448 34.456249 3
-7.9418249 -21.373224 56.841949 2
7.4838829 49.074066 22.323935 3
-6.4479499 -12.9691 52.723701 2
4.9651499 45.9319 19.445999 3
-17.436251 -4.6273999 41.769699 2
5.9474158 47.087456 20.813574 3
-0.93365002 14.300967 11.879367 2
-6.6566501 -14.6206 53.77755 2
-1.73875 20.068001 -46.178398 0
-20.61655 20.448601 66.055847 1
-12.294701 14.857901 14.8835 2
-6.8857999 -17.13175 55.146652 2
20.50955 61.023998 30.3402 3
3.7978251 44.295975 17.16185 3
-36.89835 -67.611748 85.400253 2
-11.1366 26.332951 -46.610199 0
-5.9275498 27.8652 -20.934999 3
-10.47815 18.575748 8.4591999 2
-17.938049 -9.5453997 47.644699 2
-13.11455 24.5979 62.184898 1
-3.080775 36.892876 -73.64975 4
-13.91671 16.622488 52.39452 1
-9.9011736 -29.599001 61.936573 2
-6.3578501 -10.5439 50.980301 2
3.0976501 43.391602 15.8501 3
-7.085175 24.06815 47.576996 1
10.30735 52.092918 24.49 3
-28.19655 28.956499 79.2901 1
-4.9021502 30.829899 -14.427299 3
-1.5632499 9.1647997 19.1768 2
-9.3208504 28.060226 -49.919701 0
-14.3438 5.1258502 32.105801 2
-18.857498 -14.47165 55.31015 2
-18.820148 -10.90065 49.884251 2
7.7444501 32.402401 7.0117002 3
-1.40265 21.919701 34.200401 1
17.125177 43.851284 30.068422 3
-9.3494501 20.027 5.6803999 2
14.064501 39.437901 23.06875 3
-16.383949 25.104401 67.035896 1
-19.40617 25.48988 70.535049 1
-1.126725 21.699734 31.61076 1
-18.87785 -11.697149 51.519951 2
-2.1942501 22.240101 36.860298 1
-13.90115 -39.4133 66.4384 2
-3.020083 37.941334 -75.505363 4
-14.43545 6.6480498 29.076149 2
8.1422501 49.9669 23.0016 3
1.4310499 27.313801 -13.5068 3
-9.1882172 24.408365 52.371067 1
-29.197426 -51.379997 81.46788 2
-3.569787 31.906738 -8.3744373 3
-1.3548 34.841698 5.1708498 3
16.889784 58.049435 29.259666 3
-0.69485003 36.615547 -85.199799 4
13.64487 38.919804 21.318703 3
-10.92655 17.3295 11.4132 2
-0.84740001 18.45825 13.9135 1
-10.35045 27.454599 -47.612999 0
-11.358761 15.943855 34.404156 1
-2.1492 6.3858829 24.91239 2
18.479218 59.295502 29.773432 3
-19.368999 -19.72275 60.824924 2
39.054256 69.387436 33.754059 3
35.072552 57.843433 38.910049 3
-11.372951 15.7472 35.713234 1
1.6042891 40.911385 12.28829 3
-24.641251 -37.137249 73.220596 2
-17.10705 18.131201 61.886799 1
-24.008249 -55.6726 73.415901 2
12.518085 37.517635 17.271166 3
-31.626949 -64.3489 78.272202 2
-8.5925503 -25.3892 58.953602 2
11.77665 36.462002 14.3036 3
-25.9454 28.081224 77.169373 1
-14.81085 -41.099998 66.9683 2
-12.4294 15.867976 46.318649 1
-27.820398 -45.823582 78.594452 2
-0.29350001 21.553799 28.7073 1
-9.3210001 20.805025 3.9156499 2
-5.328742 -7.2046838 45.401466 2
-14.62055 3.8039999 35.129902 2
-22.076651 -52.723099 71.635803 2
-14.5166 16.742901 54.8922 1
-8.4115496 15.95775 13.640699 1
38.133251 59.574902 38.837952 3
-19.18235 19.180799 64.695602 1
-4.2822962 35.387939 -85.364738 4
-26.556425 -58.930401 75.715073 2
-23.940149 22.931801 69.7034 1
-18.19525 25.389299 68.734901 1
1.0089999 27.116299 -15.95425 3
-33.717018 -61.315464 84.45443 2
-18.978849 -15.9338 57.639999 2
-35.491951 -67.435303 80.099403 2
33.763851 56.7967 38.677799 3
-1.61315 34.586174 3.5678749 3
-17.65155 -6.2448502 43.369102 2
-16.865677 -2.6273749 40.142925 2
41.462601 69.858002 34.110153 3
-20.95175 -31.6896 70.707603 2
-40.672649 -71.567001 83.201401 2
-1.29585 18.314699 11.5006 1
33.888783 67.89817 33.261536 3
-35.321953 -65.364151 85.204453 2
-19.04545 -17.5867 59.5835 2
-2.6156499 4.9572001 26.7395 2
-8.9881496 -26.8958 59.869999 2
7.021975 31.86035 6.2976499 3
-11.85989 15.36549 13.82382 2
0.089649998 26.839949 -18.042149 3
-21.01545 -26.014799 66.337601 2
-15.878099 -43.13205 67.565247 2
-12.615361 24.619806 -45.442265 0
36.728951 69.031601 33.308498 3
14.68365 40.499901 25.8337 3
47.19545 69.448196 34.411247 3
41.029949 62.953125 37.612976 3
-43.252151 -73.185501 85.493599 2
-12.849149 -36.786133 65.875893 2
-11.280475 16.470425 12.1181 2
-0.0056500002 37.942101 9.0354996 3
-15.93672 17.639168 59.84103 1
25.12285 50.676769 36.302898 3
5.9011502 30.8048 4.5591002 3
-22.7234 26.663824 73.85907 1
-28.575951 -49.962402 80.694794 2
-11.38415 15.36745 44.115128 1
2.1268499 42.015598 13.7224 3
-3.4033501 33.535599 -2.5969 3
-8.1646004 7.3319001 -38.150101 0
-4.3270001 -4.3940001 37.158752 2
11.8041 53.581875 25.708788 3
-1.36745 8.1110001 21.4594 2
-33.235451 31.163099 83.639999 1
23.355721 49.420345 35.365959 3
-9.8201504 24.355101 54.426201 1
-3.4986501 32.805599 -6.2996998 3
-5.90625 10.0923 -40.3036 0
9.9240503 34.959702 10.5101 3
-1.23825 28.33345 -56.45755 0
-25.303249 -57.298637 74.835701 2
-0.42641699 20.89794 26.366961 1
-1.32075 26.662449 -54.966049 0
-9.9388504 19.095753 7.6263771 2
-10.51805 -30.429399 62.206001 2
31.372274 55.624981 38.136543 3
-1.74945 25.1668 -54.195099 0
-20.560049 6.0307002 -34.714802 0
-6.0623498 29.189899 -18.7577 3
-3.3635499 -2.4202001 33.922798 2
-18.52985 -47.5107 69.144798 2
-17.56045 -5.1511998 42.707699 2
-20.609949 -22.8311 62.872101 2
-28.090651 26.5284 74.807297 1
-41.844101 -71.852501 85.5951 2
-1.101333 29.620697 -57.889149 0
-5.4264498 -8.1908998 47.407799 2
-33.55545 -66.035797 79.349403 2
-21.29425 -52.0298 71.5653 2
-26.376499 -42.666229 76.127335 2
-0.24195001 20.4981 24.4263 1
-1.124806 13.630872 12.655894 2
45.311352 66.745102 36.214001 3
-15.483483 21.127399 -42.939198 0
-3.1327 37.018875 -85.404274 4
-40.561951 -70.35405 85.685394 2
-14.401875 2.8927 -35.388863 0
-28.088394 -47.630348 79.683228 2
-25.15815 27.9028 76.434898 1
-21.130749 26.304899 72.476151 1
-6.62925 31.717251 -54.857349 4
-13.92795 24.437599 63.474899 1
-14.924975 24.416075 64.869553 1
-3.0978501 -1.2352999 32.668499 2
-14.505771 17.0919 55.861717 1
20.762325 46.879074 33.676949 3
-40.035351 -70.956001 82.723099 2
4.1291499 29.532801 -4.5258999 3
-34.24905 -63.848598 84.940399 2
44.982948 69.821671 34.437725 3
26.391041 51.840244 36.796417 3
3.928875 29.578449 -6.4931502 3
21.877548 48.143845 34.513336 3
47.25935 68.1632 34.832848 3
44.422852 65.72245 36.894753 3
5.4746251 46.471188 20.100262 3
11.081082 35.945866 12.6689 3
-6.6957998 -13.7752 53.239651 2
-32.696404 -59.482903 83.960503 2
21.254351 61.614101 30.608801 3
-32.05695 -56.305901 83.2472 2
-13.91785 7.5448999 27.107901 2
17.64765 58.884499 29.441299 3
-7.5685501 30.577801 -53.412498 4
46.919449 67.365898 35.4529 3
-10.1312 23.945702 56.640198 1
-15.07285 17.353201 57.972698 1
-9.6577282 6.3247809 -37.367233 0
-21.306749 -29.697201 69.536697 2
-32.99015 30.224701 82.621696 1
-10.939466 23.838249 58.399117 1
-21.165751 -27.577 67.783897 2
-17.505114 18.710463 62.550575 1
-3.502383 32.810333 -4.7463999 3
-13.97815 8.2126999 25.834101 2
-17.899651 -6.8378658 44.083664 2
-11.71795 -34.635899 64.982399 2
-14.4341 4.31075 34.255051 2
0.49794999 39.3647 10.389 3
-0.50027502 36.520149 7.4778252 3
-37.159649 -68.759804 81.213699 2
-2.5122499 34.001202 -1.1389 3
-1.7499501 21.253901 -48.2948 0
-32.58429 -57.673428 83.484192 2
8.8441839 50.59708 23.416067 3
-12.54855 3.3636 -35.8591 0
-32.606289 -64.583603 78.551865 2
-30.175028 -53.34256 81.932289 2
-20.003151 2.6775999 -35.028599 0
13.264 37.961052 19.333801 3
27.910414 64.624237 31.909039 3
5.131216 45.131897 18.940065 3
4.72825 29.9618 -2.8596001 3
-18.0539 -8.3242502 45.712151 2
40.286053 61.095135 38.344631 3
-21.9109 21.07505 67.494598 1
-16.064682 2.1194501 -35.206833 0
-5.0701251 23.355 44.360676 1
-2.4228499 34.343498 1.253 3
-26.977551 27.922701 78.037201 1
-14.07265 23.259501 -44.282902 0
-19.913033 -49.30965 69.7995 2
-9.3833256 16.615076 19.60815 1
43.135551 64.147003 37.5121 3
-0.73095 25.2512 -21.4069 4
-12.908746 11.407001 19.142902 2
-31.70175 30.16205 82.110504 1
-27.135349 -44.122849 77.192749 2
-4.8627 -6.1121001 41.814751 2
-3.5701001 15.2815 -42.741299 0
-19.137924 13.862024 -38.5723 0
-27.295868 -45.63866 77.863838 2
-18.893618 -13.131801 53.5359 2
-25.896999 25.036301 72.092255 1
-31.407749 29.13905 79.800705 1
-8.9355001 29.121349 -52.079151 0
-5.1738 -6.83215 43.484398 2
37.252052 59.371449 38.94405 3
12.11495 36.726898 15.1062 3
-1.83415 34.436501 -85.750198 4
-2.7428999 1.33325 30.214699 2
-9.3252497 15.9799 17.9114 1
-20.041384 19.860332 65.587196 1
13.845024 39.12281 22.173475 3
-2.9495001 0.086300001 31.3218 2
-4.0467501 13.7482 -42.0042 0
15.280525 56.595284 28.477783 3
-18.80225 -11.3909 50.682301 2
-18.575417 15.389299 -39.417755 0
1.97675 27.567499 -12.1689 3
-1.79125 18.601801 9.5788002 1
9.2691498 34.04105 8.9697504 3
-3.912075 -3.1956999 35.622051 2
-8.9229164 -26.099968 59.483032 2
1.76125 41.519749 12.9142 3
-2.0234499 23.73625 -52.665699 0
-11.05115 16.483 25.940701 1
-18.67045 25.5233 69.835999 1
-13.31775 10.409201 20.7036 2
-0.103617 19.884867 19.946768 1
23.389435 62.267952 31.054867 3
-23.067669 22.890837 69.187096 1
-28.720749 -61.783798 77.075348 2
-0.29765001 19.249001 18.187099 1
-9.6008501 20.257 4.7554998 2
-12.37175 13.6612 16.637749 2
-4.4902501 -5.2801671 40.283535 2
-24.7031 24.283899 70.936699 1
26.370651 63.91655 31.602301 3
4.7119498 29.9517 -0.76569998 3
-15.09725 21.5991 -43.566299 0
12.99675 54.408901 26.8531 3
3.6684251 43.732677 16.506025 3
-15.417299 1.84895 36.966202 2
-20.250599 -21.261051 61.963997 2
-4.849 23.335201 43.22665 1
-6.7425499 -12.5511 52.017502 2
-20.774849 -50.5368 70.625099 2
-29.890949 -62.883049 77.578796 2
-2.9547 22.608551 38.9002 1
-27.692551 -48.434349 79.977448 2
-25.52405 -38.894447 74.044052 2
29.90155 54.098 37.817699 3
-16.624428 -4.119235 41.615498 2
-2.2855 18.317299 -44.633301 0
-4.2685251 31.100052 -12.099775 3
-25.805149 -39.730701 74.392899 2
-30.74415 28.490999 78.691299 1
-17.228951 -45.409302 68.241203 2
-7.0737 8.9352999 -39.18224 0
-1.6041501 23.166599 -51.565399 0
-9.2943497 -27.6968 60.400398 2
3.2746999 29.1539 -8.9351501 3
-23.01475 -54.348602 72.566956 2
-0.70214999 15.7358 9.9827995 2
-28.826151 -50.679001 81.163597 2
-11.44595 15.9401 32.246101 1
28.406549 52.6973 37.502399 3
-4.5110502 30.6245 -13.6318 3
20.154217 60.101467 30.235268 3
-13.10805 12.6439 17.9834 2
-2.415206 3.620261 28.074289 2
48.372253 69.597473 34.562622 3
-10.31284 16.565289 22.637829 1
-19.515581 12.518566 -37.905132 0
-11.91415 -35.397202 65.410103 2
-5.7226501 10.913125 -40.522476 0
-8.1644754 24.27515 50.652222 1
-5.91365 -9.1827497 49.313751 2
-43.30785 -73.896202 84.7313 2
-14.3638 -40.079903 66.642105 2
34.329685 57.384422 38.859825 3
-6.1868501 32.537498 -56.838001 4
-1.06119 10.35885 17.30431 2
-14.14095 8.6601505 23.869049 2
-0.50634998 35.832298 -85.418198 4
-13.115283 16.402767 48.120708 1
-0.45124999 19.179399 16.3337 1
-4.2723498 32.034 -10.721 3
-2.8917 16.715473 -43.6008 0
3.4085419 29.588757 -7.359478 3
-25.937025 -41.171249 75.178276 2
-0.69704998 12.2816 14.5652 2
31.743851 67.5019 33.060799 3
-12.73445 24.0233 61.599701 1
-1.62155 34.534698 4.3902001 3
-13.5835 16.593899 49.878403 1
-0.87269998 35.221024 5.7821999 3
-13.72925 9.9701004 22.1998 2
-10.1401 -28.9702 61.470001 2
-14.376101 3.0639 35.3797 2
-37.409351 -68.314201 85.340698 2
-36.133507 -65.642632 84.845543 2
-0.85794997 21.6485 32.375999 1
-0.70534998 21.123951 27.894451 1
0.37175 20.5319 22.378401 1
-21.048737 -28.389313 68.102715 2
-11.85665 24.161301 60.473499 1
-18.690651 19.116501 64.055298 1
-2.3743501 22.334801 35.882599 1
-32.528648 29.25655 81.177948 1
-11.592133 -33.060234 64.225655 2
-11.424434 16.381866 31.139517 1
-6.5743899 -10.112785 50.335171 2
-1.663008 7.3976712 23.147453 2
-2.32795 19.69384 -45.758358 0
-10.539451 26.653032 -47.159565 0
-2.46895 38.2034 -74.446297 4
-0.555058 19.096542 14.392925 1
11.347151 36.190399 13.38 3
-12.434 14.5105 15.6175 2
6.6337299 47.308125 21.164713 3
40.879684 69.291496 34.102966 3
-10.20245 18.3283 9.3102999 2
-11.056984 16.8374 27.712601 1
-0.071125001 20.101625 21.368969 1
-33.408031 -59.816666 84.067307 2
43.354904 69.605408 34.439362 3
-18.515949 -9.2771997 47.1726 2
-7.0665498 -15.2771 53.946568 2
-6.42485 23.724899 47.274101 1
-13.85285 24.6021 62.704102 1
-34.367451 30.7145 83.963699 1
-1.0616 14.732 11.22945 2
13.850966 40.099377 23.637251 3
-10.609751 17.652802 10.55485 2
-24.407059 -55.889511 74.061356 2
14.235399 40.654675 25.079374 3
10.49055 35.647499 12.0914 3
-25.106073 27.390287 75.839561 1
-20.24815 9.7350006 -36.291298 0
-42.32185 -72.696243 84.157753 2
-4.8448119 12.432013 -41.326576 0
16.095865 42.618427 28.596878 3
-20.818649 -24.298201 64.630997 2
-8.1973486 -23.444401 58.067902 2
5.1717501 30.2659 1.1667 3
-42.846748 -72.56694 85.114655 2
-6.4157109 28.317392 -20.524923 3
-9.1425076 28.343491 -50.625751 0
-10.849001 -31.637226 63.577175 2
-18.630449 -12.2559 52.004902 2
-10.154775 16.094902 21.039227 1
13.145521 39.080437 20.657501 3
-7.7479501 23.281401 -2.1427 2
-22.526825 21.697001 68.170525 1
8.0616999 32.950325 7.5903869 3
10.152207 51.409016 24.175756 3
2.9045501 28.784201 -9.8851995 3
45.06665 66.139198 36.6152 3
-8.4225502 24.15715 51.713852 1
-11.0518 15.516701 39.821548 1
-20.376493 7.6918082 -35.399715 0
-2.9504499 36.148102 -73.543098 4
-11.117617 16.158903 35.123638 1
-1.47945 8.5148001 19.624599 2
15.45085 41.385101 27.4498 3
-38.880749 -69.665298 85.482399 2
-17.06855 -44.653702 67.887451 2
-5.503684 30.081964 -17.143835 3
-3.77755 32.461399 -7.8589001 3
-10.64335 4.9698 -36.842003 0
-27.6271 -60.584301 76.29155 2
-6.99225 24.09 48.344002 1
-15.75305 25.139 66.085403 1
-20.85335 25.695601 72.001503 1
-42.51965 -73.329399 85.394203 2
4.3470402 44.389648 17.667469 3
-2.4707501 37.466099 -75.310402 4
-7.3387098 -16.626371 54.82436 2
-1.37755 9.7525997 18.7216 2
-27.973581 28.388733 78.810966 1
-18.934584 -19.366568 60.327229 2
-8.02355 24.143999 49.1824 1
-6.0044498 23.806299 45.590199 1
-7.2994499 -17.8431 55.3829 2
-34.558197 -63.171547 84.866898 2
-29.612675 28.109692 77.366066 1
-23.617599 -35.135399 72.489502 2
16.17145 57.827 29.078199 3
-41.65065 -71.034798 85.801598 2
-18.06455 17.071699 -40.057899 0
-21.050583 20.707525 66.604965 1
-32.3549 30.493099 81.973351 1
-14.32362 7.6096401 26.178349 2
-32.925449 30.862999 83.035355 1
-0.51975 20.964399 27.1003 1
-28.902985 28.917601 79.512451 1
35.87075 68.931801 33.308701 3
0.019950001 25.9722 -20.078699 3
-1.45175 22.2778 -49.9244 0
15.05715 40.911301 26.6926 3
-2.47925 22.3806 37.6441 1
-13.778049 -38.56715 66.243851 2
-1.77325 20.366501 -46.959999 0
-8.2284498 16.019901 12.9276 2
-20.051926 11.143275 -36.697823 0
-1.12235 18.826401 13.2332 1
1.0781831 39.687134 10.817408 3
-14.137823 4.6173849 32.593994 2
-2.1526501 33.621151 -0.623667 3
-11.171989 15.707583 36.417652 1
-4.1823001 32.020149 -8.8262501 3
-14.20825 17.165449 54.379349 1
-29.901476 29.487175 80.517929 1
-2.7629499 37.5247 -73.460403 4
-4.6984501 34.7005 -85.334503 4
-18.800949 -15.8126 56.9436 2
-8.1057167 7.9417 -38.543167 0
-18.80365 -10.3279 49.379997 2
-13.96005 16.889334 53.140469 1
-36.68185 -66.346252 85.392395 2
-31.221849 -54.532902 82.517197 2
11.91855 37.502663 16.49728 3
-11.86325 24.2771 59.4631 1
-10.97405 15.3203 42.108898 1
-29.36607 -52.155846 81.429764 2
-28.844549 27.9729 76.342598 1
-0.950625 12.568026 13.927176 2
-12.11985 3.8089001 -36.232601 0
-1.385587 34.334824 2.930275 3
-33.667999 -65.364052 79.100479 2
-38.884651 -68.961105 85.63575 2
-36.461449 -67.0392 85.422997 2
-4.3104248 36.111851 -85.578148 4
-21.578251 -31.340401 70.735397 2
31.619499 56.289299 38.247299 3
-0.965617 16.8368 8.1019497 2
-43.871281 -73.729897 85.371269 2
-7.7196498 24.1674 49.928398 1
2.4508829 42.4804 14.234967 3
25.905251 51.195213 36.644466 3
-3.11145 33.270302 -4.2983999 3
-10.6733 15.4551 41.331551 1
-26.65122 28.049463 77.34771 1
-8.97575 15.8729 16.135599 1
13.81395 55.815102 27.7122 3
-9.430275 24.381676 53.039223 1
-33.629044 -60.615685 84.364944 2
1.69305 27.3116 -12.7675 3
-9.8077497 27.998501 -49.376598 0
-17.332951 18.505699 -41.138302 0
-18.373707 -9.8870029 48.086182 2
33.201351 68.109299 33.330502 3
-37.843048 -67.794502 85.541199 2
-15.619942 18.087643 59.398453 1
-8.5212498 29.505451 -52.501251 0
-0.61835003 36.090225 6.9277248 3
-4.4111252 23.2691 41.810448 1
-31.894449 -57.8055 83.486504 2
0.556283 38.356232 9.323184 3
-13.892551 16.611008 51.693321 1
-3.8815501 33.695648 -85.134399 4
-1.45025 21.662701 33.550301 1
-5.2492499 30.285999 -16.4244 3
-3.80935 22.942301 41.337799 1
-24.32255 -36.615501 72.847504 2
-1.57655 25.724199 -54.611099 0
24.591749 63.644798 31.2386 3
37.505798 68.908447 33.554451 3
-0.80965 27.972099 -56.045502 0
-2.36515 34.070053 0.61748302 3
-20.36735 -21.9156 62.422699 2
-19.081749 -14.8026 55.958801 2
-17.952549 1.9401 -34.648453 0
36.68375 58.961201 38.852001 3
-8.9010668 -24.853479 58.642475 2
-25.923349 -58.7714 75.486198 2
-32.268951 -56.961102 83.060402 2
21.90556 61.41478 30.72245 3
37.49305 60.008999 38.839802 3
7.5782609 48.339111 21.951429 3
-3.2348499 -1.6634001 33.220299 2
8.0377998 49.364113 22.685883 3
-15.7953 0.69035 37.9048 2
-4.9176502 -6.3516002 43.903099 2
-21.811449 26.229601 72.440399 1
-10.67445 16.491301 24.390699 1
5.2434001 30.308899 2.7599499 3
-38.57275 -69.584396 81.773598 2
-1.407915 36.894516 -85.094177 4
-10.877574 15.870224 43.362064 1
-8.0328007 16.409525 12.025787 1
-0.29875001 21.603399 29.389099 1
-28.60745 26.950899 75.4841 1
-0.074233003 19.625366 17.663267 1
2.2683499 27.9098 -11.5599 3
10.64365 52.6367 24.7367 3
-15.11759 2.2943001 36.54594 2
28.68775 65.983902 32.218102 3
42.302826 69.601456 34.284153 3
-18.958961 -16.394922 58.160831 2
30.247351 66.735802 32.638802 3
-19.57786 19.69109 65.123543 1
-13.314768 -37.404869 65.957367 2
-17.123449 24.7355 67.6026 1
-3.3476501 22.751301 40.060997 1
-18.540649 1.85725 -34.9743 0
-0.16945 19.657501 20.619499 1
-19.04055 -14.107067 54.749966 2
-33.628399 -62.146168 84.588997 2
-22.268049 -33.172501 71.839104 2
-26.903473 25.625038 73.407181 1
-16.4366 -0.83539999 38.714897 2
-18.130838 15.854945 -39.697987 0
-2.19415 4.9116998 26.222401 2
4.4495502 30.416599 -0.077 3
18.68405 44.767052 31.842899 3
-3.0894499 33.684601 -1.6122 3
-11.41635 15.7318 38.240101 1
-6.2014499 9.5860004 -39.983398 0
-20.91555 -24.936501 64.979897 2
0.29695001 20.7644 24.832701 1
0.098300003 21.164299 26.679401 1
-14.35565 8.2946997 25.2925 2
-4.0460601 31.825661 -10.11536 3
-0.69325 16.2875 9.1479998 2
-20.38245 8.3589497 -35.335548 0
-11.394712 16.519539 29.632725 1
1.302425 27.2313 -14.148251 3
-2.13205 21.882799 36.296398 1
-3.30755 32.903 -5.3962998 3
2.9012499 43.080177 15.188126 3
-0.23525 20.272499 23.4795 1
8.6547499 33.850628 8.5994101 3
17.524448 58.188 29.425701 3
-30.540001 -62.88205 77.705353 2
-33.857349 31.115299 83.858498 1
-20.440651 4.5205998 -34.7267 0
39.55695 69.805298 33.805698 3
-11.66075 14.9824 14.5022 2
-4.7003498 -5.9306998 40.871899 2
-18.192051 -46.838898 68.910004 2
17.79425 43.935799 30.487049 3
-8.9833498 21.0467 3.4101 2
-41.159351 -71.399399 85.571503 2
-4.2418499 -3.6327 35.985298 2
-9.8122168 19.646751 5.941 2
-7.73805 -22.004601 57.262199 2
11.5683 52.964798 25.487701 3
-40.121349 -69.934799 85.304802 2
-14.413895 6.3468671 29.649467 2
-1.35375 29.3225 -57.369202 0
-39.622147 -70.629654 82.345551 2
-36.913082 -68.089226 81.101448 2
47.398365 68.885834 34.887917 3
-1.68485 8.0710001 20.897499 2
-8.4229078 22.40773 -0.40645501 2
-35.94445 -65.196999 85.2724 2
-23.617699 -55.146362 73.145752 2
-13.41955 24.1409 62.579601 1
-2.00035 23.397301 -52.106499 0
-1.95145 34.255951 1.78845 3
-11.159475 16.142151 33.825726 1
-26.916 -44.709648 77.537849 2
-28.047901 -46.939903 79.3209 2
-16.91375 -2.8873341 40.743866 2
-19.91815 25.3776 71.04335 1
-2.3763499 4.3843498 26.895599 2
34.147652 68.466698 33.4011 3
-6.5186501 32.2649 -56.108601 4
-28.26865 -61.391701 76.8498 2
33.130753 56.122101 38.735451 3
-31.273352 -63.8647 78.04644 2
-33.527451 29.969101 82.886902 1
22.306835 48.590881 34.664551 3
-6.2792501 -11.0746 51.489399 2
-28.57225 -51.470001 81.382896 2
0.621023 26.915327 -17.433954 3
-27.95365 -49.827999 80.717201 2
-16.806562 18.597473 61.573601 1
-26.5546 -59.613152 75.929504 2
-2.1690421 6.7293658 24.377602 2
-17.325369 -5.7488999 43.048203 2
-19.78755 -19.9489 61.245998 2
-34.965549 -64.854897 85.073196 2
-24.048218 23.643499 70.156303 1
-6.0293498 29.218901 -19.494499 3
-2.7241499 22.3876 38.321301 1
-23.24065 -34.625702 72.454803 2
-33.198799 -59.100449 84.023102 2
18.943083 59.708118 29.901283 3
-9.4930496 24.055502 54.878666 1
-13.720225 9.4370918 22.623001 2
-18.407551 25.2113 69.304001 1
-28.26865 -48.329201 79.737701 2
1.3552001 40.486801 11.8916 3
-27.893551 -46.345901 78.939499 2
-34.356651 -66.382202 79.392899 2
-24.64665 -57.101101 74.551697 2
-7.0534501 31.279751 -54.698601 4
-2.64255 37.572399 -76.125397 4
-20.17145 -49.902901 70.013 2
-3.59145 -1.6066 32.555801 2
-5.1083002 -6.93399 44.879749 2
-6.7393498 -13.54915 52.655701 2
-3.9374499 -2.7498 34.304401 2
-31.334757 30.116968 81.603508 1
-41.181267 -71.386497 83.603615 2
-0.105425 26.414675 -19.399799 3
-30.180649 -53.95475 82.081825 2
-35.80175 -67.920502 80.752602 2
-4.4251499 -6.14885 42.378799 2
-35.214897 -66.813103 79.973557 2
12.8255 37.546852 17.9109 3
-5.8800001 29.43115 -18.183651 3
-13.10755 24.365433 -45.154884 0
-20.606989 -23.374872 63.319729 2
-19.375759 11.95071 -37.545769 0
-3.8807499 -3.9663 37.086151 2
-2.1255 25.067215 -53.631485 0
-5.7230501 -8.8311005 48.808701 2
17.040451 43.313099 29.74275 3
-3.8308499 37.293201 -85.430099 4
35.469803 58.31118 38.824966 3
-7.1003499 -18.9979 56.0233 2
40.615051 62.499599 37.6763 3
-0.16425 20.136551 22.789101 1
-19.045349 14.971 -38.775299 0
27.725349 52.544231 37.255398 3
-5.3477502 -7.55935 45.950401 2
-17.081776 18.829376 62.091125 1
-9.0194168 24.298132 51.746368 1
-9.2135496 20.690701 4.5585999 2
-31.834999 -55.893951 82.744904 2
-16.21995 24.5942 66.701401 1
0.31944999 20.225201 21.850901 1
40.143456 61.703094 38.270718 3
-4.44805 -4.6164498 37.95295 2
-9.8606768 -27.904348 60.617706 2
-13.639084 10.832032 20.404135 2
-20.049406 5.7210431 -34.927856 0
-3.31565 -0.39489999 31.251699 2
-16.587868 19.6166 -41.917976 0
-30.5592 29.68115 81.050751 1
-4.038775 -4.8064408 38.879044 2
-14.50545 6.5237002 28.4862 2
-5.2128501 23.526199 43.6726 1
-35.587551 -64.611649 85.1521 2
-18.15345 -7.1285 44.684502 2
-0.93054998 18.712215 11.8431 1
46.520748 69.322098 34.3745 3
-6.6017499 24.1014 46.660198 1
-21.34255 -32.300335 70.657532 2
-11.4243 16.054001 31.653851 1
-29.633617 -53.035931 81.800797 2
-12.665371 16.114231 46.926834 1
-8.7467155 16.128832 15.467534 1
-1.1680501 9.0143003 19.752501 2
-13.68214 8.8996134 23.388977 2
-8.8779497 24.196899 52.888 1
0.89115 26.9856 -16.8053 3
6.526875 31.847551 5.878613 3
-0.063050002 19.296101 15.85895 1
-27.4501 26.499199 74.504944 1
-14.45535 5.8070002 31.0436 2
-22.00255 -32.705299 71.5737 2
-2.429775 28.829662 -20.058701 3
-11.13225 4.6964998 -36.62785 0
0.084100001 19.3794 16.784801 1
-40.858978 -70.877541 85.594391 2
39.66045 61.149899 38.382198 3
-25.90801 27.747681 76.533379 1
-2.24385 24.319201 -52.8918 0
-6.9183559 24.874619 -7.4186502 4
0.34024999 20.882601 24.091499 1
-26.717051 -43.925449 76.814888 2
-13.263885 24.283936 61.68932 1
41.449516 63.308636 37.8433 3
-1.81045 7.7133002 21.484301 2
-18.616726 -13.623525 53.920746 2
-5.614562 23.399725 44.642799 1
-12.098804 15.694824 45.638424 1
-12.60955 14.1585 16.063101 2
-8.5618496 15.9555 14.2384 1
4.4314499 29.7791 -4.0478001 3
42.595699 63.913563 37.592987 3
19.591049 45.5928 32.528702 3
-27.591217 -47.949646 79.637848 2
-5.5794501 -8.4197998 47.931702 2
23.915634 49.542133 35.737167 3
-11.48175 26.005899 -46.258801 0
-42.350349 -72.193199 85.5252 2
-8.8807001 16.395075 16.493004 1
-13.549325 16.842449 50.609825 1
-12.68315 -36.241299 65.4907 2
-3.28385 37.723835 -73.650734 4
-10.11385 24.275101 55.2976 1
-1.8906 6.1484499 25.385201 2
1.08535 27.140699 -15.37105 3
-2.4069381 33.827873 -85.296646 4
-12.913651 24.339701 61.1287 1
3.7026169 29.679865 -5.9603 3
-19.98575 3.1884 -34.738899 0
-16.919621 2.6131799 -34.712982 0
-5.8649502 23.554699 46.112747 1
-0.88488299 11.17275 16.101366 2
-38.438251 -69.284698 85.433701 2
-26.711651 -42.188202 76.173401 2
-21.013149 -26.543449 66.589249 2
-11.52846 24.065184 58.856808 1
2.2450249 28.318951 -11.068201 3
-1.085875 34.735527 4.6628251 3
-7.4661999 -20.587749 56.690598 2
-10.060301 27.732601 -48.145798 0
-1.540295 30.393911 -58.393631 4
38.336548 69.38607 33.621082 3
-1.62975 22.0422 34.953899 1
-13.0833 3.5915129 -35.899483 0
-15.08655 24.8717 65.194 1
-10.175449 -30.605101 62.642151 2
-22.964851 26.89715 74.334045 1
-10.47655 23.732201 57.6315 1
38.213051 60.143299 38.753098 3
-7.10185 -12.1134 52.1418 2
-43.135052 -73.852997 85.282303 2
-10.1567 -29.9851 62.289551 2
-4.3877249 30.942713 -12.643765 3
-4.19415 -4.0272999 36.405102 2
-24.06785 27.3859 75.300797 1
-4.3074498 26.187099 -8.1406002 4
-2.4618499 2.4179001 29.2537 2
-13.27445 11.8528 19.117001 2
30.12254 54.613876 37.951805 3
-16.82045 -2.053 40.118599 2
43.444702 64.626099 37.426098 3
-9.1123505 21.366798 2.20015 2
7.3789501 32.115501 6.6725502 3
-11.52945 15.3833 44.671501 1
-9.72715 19.4627 7.2379999 2
0.0129 37.64925 8.5421495 3
-20.39455 -25.743601 65.817596 2
-18.94845 -17.191401 59.179199 2
-17.454849 17.8337 -40.910198 0
-0.3186 20.874474 25.693226 1
-1.20085 14.1445 12.4146 2
-0.97444999 13.0294 12.9999 2
-12.387016 25.119165 -45.603237 0
-1.575689 27.144533 -55.139145 0
-9.9407997 -28.6464 60.921951 2
-19.159451 -48.072681 69.437729 2
-34.939548 -63.650501 85.039703 2
45.84655 66.8862 36.0089 3
-37.047001 -66.943039 85.425903 2
0.54114997 26.609501 -18.5378 3
-2.6723831 37.009399 -85.067696 4
-5.0699501 30.8491 -15.0566 3
-9.1429501 -25.8843 58.993301 2
-11.8204 23.918579 59.904907 1
-8.3002501 6.8344002 -37.868698 0
-0.71174997 21.541 31.183701 1
-16.479082 -43.551563 67.70153 2
-1.289 28.7048 -57.102551 0
-26.085207 -41.650375 75.443314 2
-27.92075 -49.294201 80.345497 2
-21.78385 -52.201801 71.340599 2
-7.7498498 24.086901 -3.1963999 2
-24.930649 24.641375 71.450668 1
13.84075 39.445099 23.5867 3
-29.391851 27.803934 76.9487 1
-20.19635 9.4036999 -35.839699 0
-14.69675 22.08065 -43.698151 0
-14.407249 5.5651002 31.629 2
-10.61365 24.094551 56.8867 1
29.347576 54.155491 37.671398 3
-25.05265 -37.688499 73.444298 2
38.762348 60.377701 38.614399 3
10.113183 35.301735 10.952332 3
-15.36855 -41.650398 66.926003 2
-40.43932 -70.91333 83.108864 2
-19.04295 25.149799 70.059097 1
-27.098516 26.040701 73.727234 1
-32.375351 -58.270504 83.603737 2
24.645882 50.107269 36.133701 3
11.191401 36.447948 13.8685 3
-22.358398 26.6539 73.428452 1
4.1187501 44.838501 17.9091 3
-3.7635 32.619148 -5.8448 3
-17.787542 19.1038 62.934601 1
-21.281549 -30.306299 69.836403 2
-16.05035 0.26719999 38.256302 2
