# .PCD v0.7 - Point Cloud Data file format
VERSION 0.7
FIELDS x y z label
SIZE 4 4 4 4
TYPE F F F U
COUNT 1 1 1 1
WIDTH 1389
HEIGHT 1
VIEWPOINT 0 0 0 1 0 0 0
POINTS 1389
DATA ascii
-11.0715 65.081001 -112.39505 1
41.620499 94.694 9.198925 3
-41.104801 80.0131 112.45425 4
-13.4147 -95.376099 59.969849 2
3.22965 73.492554 -0.71525002 3
-16.381901 58.505199 89.952049 4
0.65727502 -60.275925 57.46785 2
0.87362498 0.68145001 35.623299 2
-27.233601 26.783501 -62.97385 0
24.133801 77.376129 12.55568 3
-5.3442001 59.686401 72.295547 4
3.5558 -39.62735 57.308201 2
-25.020575 71.786812 102.86419 4
-14.7013 47.206001 38.941299 4
-12.6931 9.1627998 26.94775 2
-11.6003 -9.1099997 42.997849 2
-11.1397 39.105099 12.41985 4
-1.83955 31.40815 1.80205 2
-15.0431 51.012901 63.423752 4
-7.4132748 -48.564102 63.256927 2
26.203135 91.887283 8.2909832 3
1.0412 -13.2017 49.59885 2
1.2747 46.694675 39.711151 4
12.56955 83.1446 5.4389501 3
7.9894838 61.009304 -7.3168459 3
-14.4967 33.426998 -67.549149 0
14.38575 68.0998 6.7838502 3
0.49419999 14.0191 23.756849 2
-26.10705 40.432899 -66.450455 0
-9.1948586 -35.639591 58.59721 2
-13.0536 34.403198 -4.7606502 2
-1.05155 53.218452 -30.530876 3
-8.6549997 -63.764599 65.102249 2
-10.326401 52.3936 -41.002476 1
-14.08555 53.341599 78.562805 4
3.1119001 -27.4923 54.53035 2
-11.37665 1.6250499 36.543098 2
-9.1567001 51.946999 -82.357849 0
-13.783051 42.966949 27.5776 4
-13.17995 28.391899 5.68115 2
-14.1601 60.339901 -101.53885 1
-2.6098001 65.787201 -8.6890497 3
-15.0559 50.352699 50.725349 4
-10.9954 64.387901 81.420151 4
-17.793699 68.823502 94.666946 4
34.037498 85.561401 13.25225 3
-0.43134999 40.122147 15.65155 4
-1.314 -71.2826 58.469597 2
-7.9043341 -85.884926 59.099751 2
-2.326 56.108299 62.47295 4
-2.25425 35.4795 -7.9675999 2
-34.678802 74.024139 106.63073 4
-12.897601 17.109434 20.478149 2
-9.4526014 38.819351 3.12235 4
-1.6042 27.6945 10.20595 2
-7.63305 56.320801 -25.1915 3
-10.99295 40.346699 -71.109573 0
-11.2552 50.932201 -61.038952 1
-22.934357 64.371689 99.667641 4
-0.79522198 20.19677 18.437361 2
-9.3509502 54.745697 -33.180401 3
-4.36025 -78.843201 58.721748 2
1.1977251 44.368927 32.180923 4
-3.604125 44.4748 -27.538176 4
-12.3291 39.456299 -10.85845 2
-13.1944 42.283001 -20.450951 2
5.2232499 58.468147 -14.315882 3
0.89770001 49.505402 46.73875 4
-9.1997004 46.349602 -75.88475 0
-6.1227331 48.356651 -36.284195 4
-22.630676 45.783829 -70.157585 0
-17.150801 53.311501 -76.546547 0
-11.9163 40.341801 21.09465 4
-12.9324 25.065701 12.04795 2
0.076049998 53.569923 -23.600025 3
-2.8487749 42.148903 -20.477299 2
-4.9098001 61.949902 -13.98605 3
-2.3294499 38.668251 8.5669498 4
-14.012 58.669403 -95.120697 1
-11.6279 -89.805695 62.739677 2
-11.4403 -3.0901999 40.77375 2
0.447225 41.290325 21.704025 4
-9.4561253 -82.977005 64.377701 2
-2.7944 39.230301 -13.05515 2
-27.633375 33.151871 -63.089676 0
-21.150999 27.438999 -63.978649 0
-12.0194 48.297749 -35.507797 4
-5.1487002 50.401001 -43.29985 3
-30.756392 70.619446 103.87799 4
-9.3085003 40.597698 -2.76875 4
-9.7537994 44.131802 -16.312099 4
-0.99989998 53.611801 57.555248 4
-6.1147332 57.195332 -19.832867 3
3.6173999 -34.364799 55.724548 2
0.66745001 5.6033502 33.208752 2
-36.611774 77.595551 110.48712 4
-13.0367 44.7743 -26.858351 2
-3.6649001 57.793301 67.493652 4
-12.1869 65.854103 -100.45885 1
-10.8116 -19.9722 49.536549 2
-14.2684 61.992802 -109.34025 1
-27.31015 67.161102 101.82325 4
38.466965 91.029114 11.200154 3
1.3349 -3.7709501 38.820747 2
-19.624001 50.103348 -72.798798 0
17.370001 71.362701 9.6081486 3
-12.328925 12.87775 23.384575 2
1.307775 -9.3984499 45.716347 2
6.0718999 76.985001 1.78625 3
-8.4066 -40.618 61.137249 2
-0.11025 10.77765 27.854233 2
-11.12285 -13.86275 44.973499 2
2.1356001 55.1339 -18.41535 3
-15.2182 56.037849 -80.248154 0
1.0748 42.500999 26.873699 4
-12.188021 52.879333 -65.620239 1
0.086300001 69.779701 -3.5330501 3
-11.3873 62.295723 -97.06472 1
9.1268177 79.91275 4.1731329 3
-17.425549 30.107552 -65.557648 0
16.61021 86.12252 6.383667 3
9.1644001 62.305099 -2.8583 3
-14.7282 52.138699 73.529648 4
-2.86235 52.365677 -34.832176 3
-13.6821 57.5853 -90.140648 1
-14.673599 51.21595 68.097702 4
-7.0340672 41.209534 -13.030467 4
20.39703 74.871414 11.126984 3
11.5306 65.318398 3.6301501 3
-9.3483257 55.578773 -85.529053 1
-29.935699 74.342697 106.44605 4
2.148566 -22.869173 53.844269 2
0.099250004 -65.133148 57.799202 2
27.8801 80.386551 13.5765 3
-8.3855 62.600399 78.149246 4
1.3584 -17.3494 52.241451 2
-8.4099083 -52.961666 62.930893 2
21.1817 89.163803 7.1764498 3
-13.2012 30.206301 1.56565 2
-9.3536997 -72.305801 65.639954 2
-4.441 38.762501 4.5383501 4
-12.5057 40.9417 -15.16565 2
0.33219999 51.1506 51.078949 4
-8.8996496 -57.995003 63.839348 2
-8.5488014 -87.317398 63.692848 2
-8.2077999 -67.890152 65.867752 2
30.053558 93.338882 8.3405142 3
-13.740807 54.623344 82.394775 4
30.645 83.344254 13.408 3
-16.615601 56.658001 86.086853 4
37.684101 95.376099 8.9958496 3
-14.168 61.343498 -105.40725 1
-6.2433 39.100498 0.13405 4
-2.8130829 -75.210884 58.781548 2
-10.35855 54.063599 -37.375549 3
-4.4219999 50.763699 -39.447849 3
-12.4217 46.695301 -31.54855 4
-6.508913 -81.9879 58.724651 2
-1.89135 32.52985 -1.84285 2
-9.8128996 48.0966 -79.15715 0
-11.042 -17.0506 47.187149 2
0.107817 8.5520248 30.807995 2
-11.2589 -86.407204 61.462849 2
-1.3155251 39.210922 12.2563 4
-11.5103 -91.622803 59.66325 2
-9.7395 -26.782375 55.429451 2
1.2880501 48.4786 43.287201 4
-7.7955999 39.663898 -7.2927499 4
-0.49895 52.10585 54.3755 4
-10.86371 57.477562 -92.227173 1
2.8573 -30.991899 55.209148 2
-7.0560999 49.036335 -45.988552 1
-1.126 67.610901 -5.9316502 3
-1.9864 34.099098 -4.8825498 2
-14.3771 62.382702 -112.67545 1
-20.666679 62.720371 97.818924 4
-9.3639002 -31.9534 57.446751 2
-14.8528 67.269302 91.857353 4
3.1829171 -46.563766 58.033432 2
0.27579999 17.4216 20.55625 2
-12.3654 3.9059501 33.701424 2
-33.775143 76.316483 108.73177 4
-14.508699 45.70525 35.483974 4
-14.2174 44.243999 31.20295 4
-14.608849 48.410149 41.946274 4
-8.4123001 55.5979 -28.455351 3
1.4677 45.484901 36.38205 4
-8.6426001 -83.228897 60.641251 2
-11.1562 62.912102 -100.27815 1
-24.129 26.695301 -63.153801 0
1.4220999 -7.8140001 43.047649 2
-15.0479 50.625351 54.123848 4
9.8498001 63.3969 0.056850001 3
2.5668249 -53.124275 57.416874 2
3.3674331 -42.818111 57.893917 2
-39.667599 77.864403 110.91805 4
-27.683599 29.735077 -62.635399 0
-14.8995 49.915001 46.674751 4
-11.5333 -0.12 39.005451 2
-12.70085 23.55785 14.60585 2
-8.3263493 -60.860851 64.234344 2
1.3477 -20.040785 53.407932 2
-25.0445 42.786701 -67.835854 0
-12.917025 19.676826 18.684038 2
-13.563 -91.903152 61.691551 2
-12.6219 6.7865 29.99305 2
-8.0431995 -79.540497 64.93895 2
-2.1032 26.071199 12.51455 2
-10.045912 42.69001 -72.388039 0
1.037819 -5.8204231 40.998348 2
-22.901217 70.966553 101.21531 4
4.0804 56.997101 -16.42695 3
-13.722176 64.779953 -111.18195 1
-36.431023 75.77459 108.14044 4
-13.4355 52.462151 75.949951 4
-12.0137 40.121899 18.355551 4
-24.991417 65.631561 100.98366 4
-11.900977 38.009136 -69.996513 0
-11.8157 51.812199 -43.631851 1
1.91715 71.454147 -2.1066 3
-13.3952 35.370201 -69.058952 0
-9.9031668 -87.678673 59.307018 2
0.69645 3.20645 34.388649 2
-2.314158 37.287228 -10.562383 2
-17.609913 59.952499 93.442177 4
3.6501 -37.0019 56.88295 2
-9.7211494 38.640976 5.8375001 4
-9.6346998 42.056801 -6.8330498 4
-9.1539001 -89.318199 62.074749 2
-10.14855 38.793049 10.04065 4
-10.7954 39.2435 14.98325 4
-12.9903 15.0617 22.05085 2
36.637867 88.740837 12.252749 3
-5.8207998 41.189201 -10.76495 4
-15.08405 55.342926 84.429871 4
-9.4947004 44.847401 -73.91275 0
25.615423 79.355743 12.809149 3
-3.0348001 43.2519 -24.799549 2
-12.465803 10.905005 24.823566 2
-12.402201 45.564499 -29.107899 2
-0.73449999 53.359802 -28.1259 3
0.42447501 -62.680077 57.655476 2
-11.264115 -11.570841 43.905022 2
1.9692 -56.474998 57.190651 2
8.4008007 61.894299 -5.1072841 3
-2.79865 40.866875 -14.952724 2
2.5599329 -25.184402 54.202236 2
0.43955001 53.89135 -21.2775 3
-12.6048 41.319801 -17.86915 2
-19.1754 28.4965 -64.684547 0
-1.64715 28.103951 7.88305 2
32.155399 94.310303 8.6424503 3
-3.0020001 57.028 65.136253 4
-15.067 51.265202 65.812347 4
-16.6581 54.2808 -78.594048 0
-3.828433 64.336838 -11.09095 3
-7.3095002 -46.258499 62.87085 2
-13.5752 66.307602 86.198547 4
-3.3013 42.311501 -22.696098 2
-5.2546248 47.556824 -33.662773 4
-7.6019459 -42.631535 61.718887 2
35.453701 95.155403 8.9964504 3
-18.23 51.520802 -73.825546 0
-15.787234 31.696335 -66.375984 0
-14.318067 44.936768 33.31105 4
-10.18995 -24.882601 54.01535 2
1.3767999 43.069199 28.98395 4
-0.98119998 40.338699 19.82065 4
-17.808599 59.3521 91.360649 4
-2.6986001 41.813702 -17.95525 2
-12.6391 5.2047 31.98185 2
-10.191266 58.92403 -90.761986 1
-10.06565 49.634651 -80.660522 0
-6.3428998 58.435001 -17.78685 3
-11.6985 65.009201 83.539253 4
-7.9899921 -50.823833 62.932571 2
-12.92315 -93.191299 60.08215 2
-10.365575 47.418602 -37.081699 1
22.33255 75.763153 12.01315 3
-12.1929 65.310303 -103.33725 1
-1.7183 -73.350098 58.81015 2
34.862389 87.484818 12.77704 3
-38.292198 76.919899 109.36535 4
-29.624399 69.0242 103.09455 4
-0.74585003 53.7761 -25.950899 3
-7.6135001 -83.761887 58.883667 2
-27.330999 35.1134 -64.045853 0
-11.7819 48.859299 -37.563648 1
-9.5971003 41.821899 -4.4184499 4
-1.2142 30.30975 4.3200002 2
-9.7566996 42.877899 -11.45845 4
-13.0558 36.056301 -6.2909498 2
-6.1911249 39.582848 -1.918575 4
-1.8722 52.887802 -33.117348 3
-10.4059 -22.6194 52.029949 2
-10.0319 43.742599 -14.33395 4
1.5734 -58.461201 57.25235 2
-14.91895 49.062302 43.8367 4
1.3573 -1.4999 36.988949 2
-26.6642 38.660927 -65.594078 0
-3.7399001 62.893425 -12.483875 3
-12.119301 47.440899 -33.387253 4
-9.2884331 -28.882334 56.729019 2
-9.8704004 44.099701 -18.30335 4
28.125601 92.859703 8.40205 3
-12.6476 41.2616 22.89135 4
-12.977475 32.9025 -3.203625 2
-12.09785 7.9804502 28.537048 2
-1.4579999 54.611 59.89035 4
39.5825 95.051003 8.7944498 3
0.75550002 50.292301 48.98975 4
-21.8971 47.310799 -71.085205 0
-12.7477 27.517601 7.3425498 2
-6.7686 60.281799 73.435951 4
-10.183275 -85.863571 59.855629 2
-11.0617 62.0014 -95.081047 1
-11.1519 -88.517601 61.34465 2
0.29899999 7.1155 32.108551 2
-7.5977001 61.850399 76.587952 4
-14.1415 61.861599 -107.23375 1
-12.752525 25.871849 10.361026 2
3.0945661 -44.691902 57.991501 2
-3.4460499 -77.207901 58.724197 2
-10.7244 57.035198 -90.272751 1
-13.1336 42.866501 -22.277349 2
-14.922133 67.286003 89.810448 4
-9.2107 39.088001 1.30325 4
-19.5082 61.6749 96.607651 4
-11.7939 -7.1619 42.297649 2
-11.6214 -91.509598 62.023151 2
-12.11615 52.4091 -63.652901 1
-10.6446 56.4151 -87.647247 1
-1.01485 52.26955 56.121651 4
-12.9696 30.953899 -0.15144999 2
-1.1923 23.3717 15.92335 2
-20.887501 48.65984 -71.910423 0
-11.58275 -4.8998499 41.501198 2
-11.551701 39.836849 16.618801 4
29.605598 81.879532 13.660633 3
-0.11265 40.385399 17.571949 4
-35.217651 77.220749 109.30843 4
-0.1104 9.6929331 29.439981 2
-9.7972002 54.647301 -34.91465 3
-12.9934 37.762199 -8.1779499 2
-6.1285501 49.996201 -44.724052 3
-38.202263 78.787216 110.69751 4
0.949 -15.47775 51.36665 2
-9.7159996 47.291397 -77.256104 0
15.394875 69.1418 7.7412748 3
2.8745999 -51.41785 57.495499 2
-5.4980998 60.523899 -15.51415 3
-9.1973 53.955299 -84.321251 0
1.941025 -54.726521 57.34993 2
-6.0632 40.1035 -3.80075 4
-9.9825497 38.671898 8.2404499 4
-15.1116 50.7346 58.966652 4
-13.179976 42.327576 25.540051 4
-39.717022 78.787193 112.35249 4
-0.1257 18.9293 19.362949 2
-0.316989 68.447716 -4.6872721 3
-0.85000002 40.109901 13.69255 4
-8.0002003 -81.755798 64.552254 2
-0.39230001 -13.63835 50.588451 2
-14.0852 59.9589 -99.905151 1
-10.530149 -21.44545 50.788498 2
16.348438 70.361641 8.6994553 3
19.687841 73.395416 10.798666 3
0.24304999 11.73705 26.4345 2
-2.47995 55.142075 61.137074 4
-7.3669248 40.59885 -10.782974 4
-13.295367 53.669235 81.083412 4
-10.95825 -15.802117 46.108749 2
-7.2698998 56.547298 -23.600651 3
-27.6828 31.5578 -62.677952 0
-14.1304 59.070499 -96.711349 1
-1.46425 25.156151 13.710051 2
10.374701 80.917725 4.5436749 3
-9.2018251 -78.410027 65.132996 2
-9.1975002 39.853298 -1.03535 4
11.3874 82.0896 5.0644498 3
-11.1713 62.7822 -98.658951 1
-10.8183 61.501801 -92.296051 1
0.63396198 -2.60361 37.916901 2
-1.1900001 21.6616 17.900351 2
-22.638216 26.791334 -63.751331 0
-8.8518324 -30.487167 57.033218 2
-9.6594 42.3148 -8.4176502 4
-14.214325 51.756962 69.556763 4
-6.7658501 56.827538 -21.390926 3
-28.957819 73.615036 105.19427 4
12.591 66.269203 4.7407498 3
-4.0563002 58.348 68.932648 4
-13.10235 43.728199 -24.4958 2
-13.082858 37.092758 -69.472229 0
-3.5620501 38.902149 6.9232502 4
-18.1807 69.134201 96.275749 4
-12.638262 22.581951 15.915025 2
-0.77234399 -66.424591 58.344059 2
-9.0305996 -84.814003 59.69265 2
1.3308001 -10.64905 46.657547 2
7.2452502 60.101349 -9.5044498 3
-16.834551 57.651802 88.718353 4
-18.251251 60.74025 94.732056 4
-12.8846 65.819801 84.507652 4
-25.637001 26.508717 -62.814316 0
-5.0421491 58.695053 71.132904 4
-28.287325 68.342194 102.43808 4
1.037617 -12.131652 48.387146 2
-11.7737 -90.164902 61.252251 2
-31.591066 71.209846 105.01603 4
-11.8512 0.86440003 37.78075 2
18.5991 72.373199 10.20625 3
0.1203 51.467098 52.761551 4
3.2090111 -29.24111 54.656773 2
-21.9662 63.581402 98.809753 4
15.1965 85.079849 6.1197 3
1.4022 -8.7145004 44.370152 2
13.99905 84.200638 5.836349 3
3.0643749 -48.903027 57.735226 2
-4.0036502 50.821499 -37.790852 1
-33.435577 73.387764 106.05394 4
0.61502498 41.584602 23.347824 4
-8.3053751 -69.40715 65.798599 2
-7.5604749 -43.957375 62.417202 2
-8.6378002 -81.260452 61.592453 2
-2.9574499 41.536453 -16.341351 2
-1.7725 32.8717 -3.33915 2
1.8766 45.588799 34.950851 4
-12.930901 20.814949 17.719326 2
-17.254101 52.689201 -75.195351 0
-26.639217 72.900543 103.81584 4
7.4467001 78.505203 2.93875 3
-12.5033 65.3153 -101.84675 1
1.07215 -4.7536998 39.9011 2
13.281567 67.408188 5.7988172 3
-3.1837001 51.601299 -36.05595 3
-5.1546001 -80.101601 58.648579 2
1.8476 46.4259 37.712151 4
33.612778 94.317703 8.7949753 3
-1.4818 32.197399 -0.40764999 2
-11.17345 65.321198 -107.7239 1
-4.6398001 46.327927 -30.615299 4
-3.1859 64.942001 -9.9395504 3
-3.6970999 45.250599 -28.841351 4
-10.339 -23.75535 53.1217 2
-10.29505 64.078438 80.200333 4
-13.9341 58.355801 -93.717651 1
-25.382799 41.565102 -67.156151 0
-8.5209503 -62.386299 64.726196 2
24.851101 91.0532 8.1685486 3
-16.6968 67.978348 94.294998 4
-9.101038 54.982002 -31.653151 3
-22.1014 70.875801 100.021 4
-12.0532 2.5008669 35.560085 2
-14.6824 46.218601 36.793652 4
-13.7557 57.849701 -91.528053 1
0.98729998 1.94355 35.008751 2
0.41047499 12.650249 25.377777 2
-3.7193999 43.991199 -26.08065 4
-27.427601 36.459599 -64.507553 0
-6.046 59.286201 -16.711451 3
3.8703001 74.524902 -0.01415 3
-13.2594 29.0683 4.4549499 2
-27.85885 28.027451 -62.810101 0
-13.1837 29.771299 2.9542501 2
-9.4334583 53.192322 -83.172867 0
-14.620033 51.680603 71.579117 4
-14.2591 52.607811 74.830292 4
-8.3652 -88.568298 62.937302 2
-24.152298 64.899277 100.16725 4
-13.6258 66.611 88.751953 4
-8.8931007 -36.898701 59.203701 2
-32.646999 76.061096 107.98955 4
40.588997 93.909515 9.8725901 3
-12.6475 41.065498 -16.517151 2
-9.8232002 44.371696 -19.639599 4
-15.45315 56.230801 85.395157 4
-15.655951 67.461502 93.098053 4
1.6206 44.459599 33.466549 4
-11.43325 40.125023 19.647549 4
1.402069 -18.809788 52.854034 2
-12.9035 24.352451 13.416699 2
-5.0798998 38.785198 3.0276501 4
-13.52095 -94.229004 60.687798 2
-0.12895 16.344349 21.34255 2
-9.3775997 -33.6562 57.798851 2
-16.360001 53.422699 -77.609749 0
-8.6035986 55.328274 -29.743299 3
-31.0916 75.32 106.82575 4
-9.71945 43.045448 -10.14585 4
-9.4406996 63.101524 78.769119 4
-8.3155746 -66.389023 65.588104 2
6.1480832 59.602306 -11.865048 3
1.0734 42.0886 25.560249 4
0.15835001 40.732849 19.11595 4
1.0276 54.216698 -19.999125 3
-2.5302 39.175201 9.8274498 4
10.916 64.709854 2.5069499 3
-9.4083338 -75.567085 65.412804 2
-15.510201 32.8731 -66.889999 0
-9.1186399 -27.851328 55.872684 2
-1.63857 29.309578 7.0573401 2
10.2122 64.067101 1.2618001 3
3.1977 -38.216202 56.99485 2
-8.8857002 -86.877998 59.423851 2
-15.0437 50.8368 56.13945 4
-11.3832 47.631199 -34.433849 4
2.39205 72.441696 -1.42015 3
-10.47565 60.156891 -91.023193 1
-2.0569999 39.254398 11.11885 4
0.12025 49.981339 47.816925 4
0.0147 14.5684 22.664249 2
-13.1186 26.66235 8.9349499 2
-6.5837998 60.932999 74.60955 4
-35.883099 74.894203 107.39235 4
-14.0017 57.171001 -83.567551 1
-13.39285 66.24115 87.550644 4
0.80400002 -14.4768 50.585949 2
8.4890499 78.500298 3.6768999 3
-13.035383 -93.087395 61.347668 2
-13.8649 51.3046 72.529648 4
22.917549 90.201904 7.6167498 3
5.8162999 59.014702 -13.16665 3
-13.049 18.1978 19.840651 2
-13.302 53.5755 79.801247 4
17.85355 86.809669 6.559 3
-26.123852 66.142799 101.19215 4
-2.8364379 40.154762 -13.918337 2
22.930496 76.941048 12.102279 3
0.92290002 -61.489399 57.297352 2
-23.3592 45.004101 -69.499748 0
-2.4854 38.363701 -11.86075 2
-10.916 52.2915 -42.196999 1
-9.8846169 45.848534 -74.94722 0
-8.2534256 -54.400696 63.074898 2
24.723948 78.489738 12.716397 3
-16.0662 55.265999 -79.509499 0
-5.9112248 57.593048 -18.677799 3
-12.036827 52.400051 -62.263996 1
-9.6224003 -25.826799 54.580551 2
-13.7043 34.291302 -68.284447 0
-10.7854 61.755901 -93.504349 1
-9.9729996 43.613098 -13.00925 4
-12.748371 -90.390854 61.970795 2
-1.293 26.4813 11.43735 2
-0.704 -69.439201 58.300251 2
-14.740601 50.54055 51.900948 4
-13.913809 45.475143 34.365829 4
-9.1296997 39.3395 0.073150001 4
8.9025993 61.901524 -3.9923749 3
-12.6793 44.955799 -28.01075 2
-14.289234 63.7649 -111.72952 1
-17.027649 57.290703 87.575249 4
-12.36105 9.9066496 25.70525 2
-16.750401 58.7593 91.347702 4
3.4842 -32.026199 55.13755 2
-4.9920001 47.242401 -32.526649 4
-27.025101 37.472401 -65.025352 0
-12.178801 11.974325 24.345551 2
-12.150724 40.642826 -13.749775 2
21.347 75.741989 11.32305 3
-11.2584 -12.74465 44.325348 2
1.01455 -0.35214999 36.208824 2
-1.6271 30.170626 5.5591249 2
-4.4780469 58.713181 70.005249 4
-12.7876 36.804901 -7.3453002 2
0.24312501 53.586273 -22.424524 3
-11.9387 65.048203 -104.54265 1
-11.22678 -10.323521 43.400414 2
-14.75285 47.978249 40.857201 4
-0.80245 53.245251 -29.327477 3
-20.251984 28.068386 -64.465065 0
-24.212883 43.359997 -68.56823 0
-7.5640998 61.594601 75.322647 4
-11.5266 -6.0674 41.606449 2
-2.8204501 41.961823 -19.2677 2
-5.5457001 38.874298 1.95655 4
5.5458879 75.8246 0.99492502 3
-7.1005001 -47.470699 62.983349 2
-12.9092 44.056301 -25.839649 2
19.747551 87.889297 6.8891001 3
-14.5249 46.711998 37.881001 4
2.8395 -47.676701 57.940449 2
37.630699 90.471878 11.7946 3
-9.2557001 -86.255798 63.732449 2
-18.181499 29.1796 -65.102654 0
2.391217 -24.0471 54.054852 2
-3.9861 38.792099 5.7561498 4
-13.042643 42.859612 26.613686 4
-9.6189499 38.63665 4.5988498 4
7.6356001 60.816601 -8.39785 3
-11.79705 64.71463 82.181747 4
0.94669998 47.664299 42.506649 4
-6.3741002 40.46785 -5.9031501 4
-4.4545002 50.825298 -40.847252 3
33.0994 84.818001 13.2605 3
-7.8996749 48.1922 -24.097874 4
1.111706 46.89325 38.582539 4
-4.89185 50.63715 -42.203751 3
-11.3278 -90.487946 59.650398 2
-14.203033 60.793335 -104.40038 1
-39.1203 79.060303 111.41338 4
-11.5286 39.669399 -11.88585 2
-1.7151999 66.8489 -7.1170001 3
-19.1427 69.663902 96.821747 4
-12.604351 64.949249 -111.61977 1
1.5272 43.664902 31.029449 4
-8.9293003 -59.900501 64.13945 2
1.2142 49.0966 44.84375 4
-16.437401 68.280502 93.18605 4
-9.5837994 -84.091904 64.210953 2
-16.545851 50.580997 -75.510605 0
-11.1197 -18.9765 49.09375 2
-14.1442 59.300999 -98.031151 1
-12.9112 41.646702 23.916849 4
-10.4099 38.866798 11.48475 4
35.583469 88.324097 12.420681 3
-13.8572 58.120449 -92.620049 1
-15.052299 50.51255 52.980652 4
-10.7411 56.887901 -88.837448 1
-1.4763499 27.6637 9.0981503 2
8.3867998 61.152802 -6.03865 3
-12.998699 32.314999 -2.2577 2
0.91295499 42.89505 27.986645 4
-10.997775 -14.855 45.524582 2
-5.6926999 40.421997 -4.8603001 4
-12.601 40.9561 21.712049 4
-12.93235 31.54295 -1.1984 2
-19.433498 61.399147 95.390854 4
-12.5285 41.4804 -18.958549 2
-1.1734999 22.268101 16.591249 2
-14.4102 52.6786 76.413452 4
1.6307 47.486599 40.387051 4
1.3096 -7.0219498 42.093948 2
0.73316997 -7.9780502 43.884613 2
-9.4578667 -73.394562 65.574188 2
-10.7625 -87.502899 61.482052 2
-27.368484 34.107586 -63.613602 0
-14.4809 56.574402 -80.853951 1
-27.889601 73.577797 104.90885 4
-11.4334 39.384399 13.87225 4
34.698723 94.310852 8.9293499 3
-13.0355 43.267601 -23.2887 2
2.8539 -26.438499 54.410851 2
-12.0637 3.1974001 34.474751 2
-1.844025 24.183876 15.342026 2
-26.10775 72.062149 103.1425 4
-6.9299502 56.75935 -22.526749 3
-14.694 66.592499 90.611748 4
-8.7797003 -82.228798 61.036049 2
-7.9042001 -41.658001 61.351383 2
2.7498 55.9137 -17.84095 3
-3.580322 -76.143951 58.869587 2
-10.656401 46.613251 -34.575951 4
31.134501 93.996597 8.4846497 3
-8.8629332 -34.742367 58.064251 2
31.5079 83.954498 13.60265 3
-8.5647345 -39.435135 60.462109 2
-2.6659 56.541801 63.8619 4
-16.612875 30.856499 -65.882271 0
-7.9711752 -64.940063 65.124741 2
-9.0117998 -85.260101 64.023354 2
1.365375 55.001499 -19.139549 3
-3.2272 38.9412 7.9314499 4
-1.7298 32.0877 0.62015003 2
-11.016834 -20.477573 50.448383 2
-17.443226 58.618248 90.248787 4
-9.8279247 45.199898 -22.58325 4
-9.9415503 48.8815 -79.856705 0
-14.815418 66.767807 88.746857 4
-10.565 39.121399 13.33305 4
-11.7668 64.691704 -100.29475 1
-24.175926 71.893326 101.95523 4
-20.2936 49.411301 -72.346046 0
-12.1407 -92.5289 59.848949 2
-22.112881 27.728796 -63.670013 0
-12.323151 8.3429508 27.49015 2
-12.855499 35.00145 -5.5995498 2
39.620552 92.289009 10.369062 3
-27.11215 72.730675 104.79352 4
-11.6196 65.220505 -106.7876 1
-11.8491 38.757202 -10.2533 2
0.3599 -16.130899 52.064751 2
-12.3288 40.5061 20.016951 4
-1.70535 66.070801 -8.0571003 3
-12.3427 4.6202998 32.790051 2
-7.9322701 -52.042866 62.841084 2
22.128963 89.566071 7.3877749 3
1.9008 -20.91778 53.364479 2
-15.0984 50.900047 57.519402 4
-9.780138 55.001862 -84.718018 1
-12.749313 21.871799 16.709274 2
-11.4723 -1.2348 39.98605 2
-26.229351 27.159149 -63.351875 0
-10.0078 55.1348 -76.541946 1
-11.428071 -8.2138672 42.519005 2
-11.1077 61.313873 -90.983032 1
-12.6194 38.305801 -9.1943502 2
-8.7858 -70.316597 65.849152 2
3.4184501 -41.751198 57.744801 2
-14.1855 60.496799 -102.85305 1
-4.4900999 62.511299 -13.23415 3
-10.398344 58.360229 -91.592964 1
-12.478691 42.2365 -21.468634 2
-9.3297005 63.324799 79.76265 4
-15.743475 56.496449 86.592529 4
-10.7305 -85.665497 62.758148 2
-40.642101 78.735703 111.92735 4
-14.9046 50.195999 47.99815 4
-10.448376 41.202972 -71.605179 0
0.30410001 -12.948 50.253349 2
-20.567974 62.462975 96.840454 4
40.637634 94.692932 8.9460497 3
-7.4796 -84.758301 59.01965 2
-10.6538 52.918301 -40.199551 3
-39.989212 79.624512 111.85065 4
-13.542767 65.890404 85.274246 4
-10.8189 57.4874 -91.173149 1
26.510349 79.386551 13.2797 3
-12.721257 33.724045 -4.0895252 2
-9.7696991 43.63895 -73.039505 0
0.3353 40.961899 20.578751 4
-9.7067499 52.737648 -39.343849 3
-2.0964501 34.853149 -7.1078501 2
1.357 -11.4077 47.762249 2
-14.6157 47.582001 39.870552 4
-9.6801996 50.9519 -82.040047 0
-28.578413 68.853264 103.25067 4
-17.099098 59.568253 92.129974 4
-12.1169 53.297901 -64.71035 1
-11.31295 -89.399147 61.880249 2
-14.821424 50.994099 61.4146 4
0.67640001 41.985401 24.47645 4
-1.111883 53.081268 56.714886 4
1.0743999 71.127296 -2.5344501 3
-1.334 54.305099 58.897949 4
0.76422501 -17.945 52.781101 2
-1.1797 -70.246002 58.648048 2
-11.0201 65.1987 -109.53535 1
-13.3419 57.107899 -86.077049 1
-14.1779 62.196602 -111.57905 1
-13.9795 43.650799 29.32905 4
-15.3516 67.672401 91.095253 4
-2.1204 33.479652 -4.0461998 2
38.5849 94.863419 9.02285 3
27.217899 92.459198 8.3747501 3
-12.72681 56.244041 -79.158638 1
-8.9382744 -84.455276 60.609398 2
-4.48035 -77.829697 58.587402 2
-12.3852 41.7864 25.21365 4
0.055199999 10.018 28.459351 2
-14.0837 61.098701 -107.85235 1
-18.817301 50.6731 -73.091652 0
-10.0153 43.910099 -15.30225 4
-12.3082 6.9399672 29.07445 2
-14.163844 54.379536 81.291222 4
-15.0023 51.047401 66.835953 4
-14.2285 67.038803 88.009651 4
-6.18085 60.057686 72.640732 4
-11.6222 51.508999 -44.541149 1
-1.859275 24.786427 14.55655 2
-8.1810751 55.741776 -27.227325 3
-0.405 -67.258476 57.999474 2
-14.889 50.710052 55.080399 4
-12.6242 18.769199 18.873949 2
-12.5958 26.8517 8.0340004 2
1.2806751 -57.225052 57.087997 2
-1.9208 34.433399 -6.2497501 2
-9.1548996 53.607498 -35.953449 3
-9.7505999 45.053047 -36.493553 2
0.38679999 -13.86495 49.945778 2
0.77032501 48.443169 44.239693 4
-6.8094668 49.734436 -45.356319 1
-0.1415 9.4737997 30.682051 2
-1.921975 -72.433258 58.597626 2
40.368446 92.8965 9.98915 3
-13.026751 30.834049 0.80075002 2
2.8963621 -34.96846 55.915878 2
-6.1542001 39.311401 -0.90904999 4
-37.339249 76.400345 108.4842 4
-9.9548998 50.283852 -81.410507 0
-14.822575 48.752174 42.938477 4
-20.4237 70.238503 98.442947 4
-13.012434 13.611366 23.053999 2
-27.453501 67.909302 102.59735 4
2.607337 -45.686104 58.032829 2
1.1111 47.133598 41.10265 4
-2.2318001 33.0881 -2.5343499 2
1.0208 43.804199 29.65535 4
-14.19735 62.108803 -110.35015 1
-3.760675 51.344398 -36.764198 3
-0.14835 53.38205 -24.983299 3
-1.9675 22.933601 16.32505 2
-0.2789 40.338699 16.5609 4
-2.2107999 -74.481796 58.733749 2
0.5952 7.9154 31.69825 2
-3.5100999 41.792297 -17.0655 2
1.11035 -59.488052 57.204849 2
-13.094001 27.714182 6.4846001 2
-30.886765 74.523026 106.36017 4
-2.1696501 52.625504 -33.975449 3
2.7571001 -50.491402 57.816051 2
0.65086198 49.1931 45.852051 4
-1.3351001 29.4081 6.0630498 2
-31.987425 75.252228 107.70622 4
-11.572111 61.672699 -94.365921 1
3.6133001 -43.714901 58.013851 2
0.16869999 6.445591 32.805435 2
-10.6709 46.075298 -33.015652 4
-11.5085 39.673698 15.55275 4
-0.52152503 52.531097 55.37355 4
-15.6637 56.063202 84.309753 4
-13.991438 50.838688 68.7957 4
-32.553699 71.796303 104.95695 4
-9.6576004 41.924248 -5.4871998 4
-36.0891 77.747749 109.7332 4
-13.691 53.605629 -81.376968 0
-5.3453002 59.269901 70.469452 4
-8.5777998 -77.781998 64.852951 2
-9.0559502 -71.382202 65.708847 2
-5.8905001 39.008999 0.98645002 4
-8.8822002 -58.915848 63.9375 2
-18.4748 61.332699 95.407051 4
-14.0768 59.848 -98.986748 1
-11.0768 39.063599 10.87485 4
36.818642 89.56562 11.875658 3
11.283267 81.097984 4.9376502 3
1.7832 -53.831699 57.513649 2
-8.8189754 55.169022 -30.7943 3
-7.9257832 48.395615 -25.917183 4
-1.5151 26.691999 10.44175 2
-10.3834 55.7798 -80.603951 1
-9.6851501 42.522903 -9.3147497 4
-22.005962 46.409107 -70.702835 0
30.207825 82.597969 13.721959 3
-8.6598797 -31.58622 56.982071 2
13.614908 68.18689 6.1561079 3
-11.9148 65.906799 -101.46945 1
3.2154 56.881348 -16.822399 3
-14.4148 52.898102 77.498947 4
-6.9877501 49.636749 -39.785103 1
9.3246498 62.6465 -2.0251999 3
-4.1905999 45.582802 -29.773251 4
-3.293467 57.393566 66.631233 4
-10.9607 -17.812426 48.199951 2
-5.2911749 59.595852 -16.298733 3
1.0957 -16.575399 51.764751 2
-11.41175 62.110352 -96.174103 1
0.44117501 41.835754 22.431843 4
-13.626679 57.441513 -89.244751 1
-26.233549 66.857819 101.84462 4
-1.3473001 53.176399 -31.908051 3
20.594185 88.326363 7.0868678 3
36.478981 94.985703 9.0709534 3
16.872515 71.365028 8.8488226 3
15.480825 70.027634 7.9200139 3
29.146299 93.3312 8.3347492 3
-10.9453 65.197998 -111.12215 1
-12.4171 53.592499 -66.706146 1
-3.1452999 38.858234 6.0897832 4
-9.2701492 -79.314301 65.123451 2
-2.7915001 38.505798 7.1896501 4
-2.1715 25.61665 13.3091 2
-13.9038 43.271301 28.49695 4
-7.6156249 -49.687199 63.044498 2
-12.7729 36.279076 -69.249207 0
-14.35601 52.149334 72.712952 4
-2.8855 37.006374 -9.9119501 2
13.413008 83.553902 5.6270962 3
9.5893002 63.104248 -0.84875 3
-13.096649 25.567249 11.13615 2
-14.128201 61.905548 -106.3387 1
-15.0438 51.071201 64.938148 4
-7.9844999 62.273399 77.420753 4
34.585625 86.289597 12.877899 3
-4.6556501 46.641449 -31.45145 4
-12.48675 65.468651 83.675247 4
3.358433 -33.557652 55.449387 2
-2.802875 55.923851 63.202225 4
-0.076099999 51.1842 51.868698 4
-15.04665 50.918949 62.286201 4
-23.891975 44.209778 -69.056725 0
-38.340302 78.36985 111.4685 4
-12.785 -94.651001 60.429749 2
-2.9423001 42.3116 -21.88625 2
-40.3694 79.291901 112.67545 4
-11.58455 40.124699 17.582275 4
12.044149 66.155251 4.0274501 3
-0.12927499 52.002949 53.580074 4
-12.3653 24.494385 12.731198 2
-0.70829999 39.784599 14.50105 4
16.001518 85.357132 6.3512669 3
-2.5204501 34.336498 -5.6097999 2
-12.13615 40.329201 -12.436399 2
-10.3864 50.954426 -60.892376 1
3.1545 -30.117651 54.709602 2
-9.8287249 38.577999 7.2615252 4
32.319248 84.335854 13.6884 3
-1.3193671 -68.825233 58.176819 2
6.6820502 59.938652 -10.734301 3
-14.25365 54.896099 83.313599 4
1.970075 -21.762554 53.586754 2
2.1068001 -55.583801 57.28125 2
-19.410824 69.335426 97.587952 4
-26.255226 72.156708 104.06547 4
-0.803087 19.392338 18.777199 2
-12.2503 47.069901 -32.608952 4
1.3372999 44.896324 34.165298 4
-27.96665 28.919601 -62.525551 0
-1.0626971 20.804169 17.836075 2
-2.9665 42.702801 -23.395849 2
4.3704 75.186798 0.24295001 3
-7.9748368 -40.292686 60.459801 2
-1.4478 25.522499 12.64125 2
-7.8610249 56.139576 -26.004677 3
-8.2211561 -38.913116 59.866837 2
-21.819 63.2141 98.042847 4
-10.133274 -89.661346 62.005775 2
-3.4091001 56.920433 64.31218 4
0.73647499 -10.597525 47.278374 2
1.2959 -2.2156 37.463451 2
-2.0306001 36.454453 -9.3806496 2
-9.7032003 47.638302 -78.437248 0
-1.2772 31.1273 2.38855 2
-29.286514 74.212479 105.71716 4
0.38745001 13.19065 24.7118 2
-36.903999 78.354301 110.21545 4
-1.5915999 39.833401 13.36325 4
-6.4862499 -82.844254 58.703251 2
-14.6294 51.483501 70.25415 4
-39.867699 78.652901 111.32815 4
0.090949997 15.56125 22.039551 2
14.632258 68.815331 7.2646828 3
-11.8586 65.041603 -112.02295 1
1.8684 46.142502 36.746552 4
0.65214998 -11.3961 48.563652 2
8.6478176 79.332504 3.731308 3
0.057500001 -61.935249 57.482727 2
-12.903151 29.0807 3.6501999 2
-8.6302671 -56.197701 63.605499 2
-6.4188552 48.425827 -37.111851 1
-12.3316 46.207901 -30.518101 4
-12.6614 28.578651 4.8130498 2
23.822399 90.676399 7.7739749 3
2.75295 71.788498 -1.81435 3
27.195332 79.921738 13.417063 3
0.70963299 4.3820672 33.8069 2
-13.311 53.3018 79.005051 4
2.862483 -40.303551 57.769897 2
-38.812901 77.593903 109.97105 4
-0.156625 -65.931526 57.845749 2
-3.9417 63.604752 -12.049601 3
-1.6852 30.912849 3.9624 2
-5.5268998 48.029701 -34.594749 4
-13.8903 59.147148 -94.443848 1
-12.12365 10.712367 25.563143 2
-14.81885 50.771477 59.748199 4
-8.8587332 -38.244484 59.9417 2
-19.854599 61.926201 95.8909 4
-0.52420002 16.9799 20.581249 2
18.748835 87.402916 6.7117252 3
-34.390202 76.807198 109.00795 4
-12.6385 45.733002 -29.88965 2
-26.225447 39.674797 -66.125076 0
-18.067699 59.848297 92.6315 4
0.5557 -63.495251 57.5499 2
-33.15395 72.685974 105.5598 4
-0.18247201 12.310277 25.851912 2
-23.3827 26.478701 -63.552052 0
-16.086349 57.480301 88.398605 4
-2.0181251 55.009499 60.35775 4
21.145752 74.919281 11.483833 3
-13.5244 57.2388 -88.249649 1
-7.1947751 -43.395138 61.698589 2
-11.569 38.885574 -70.41713 0
-0.37865001 -68.078247 58.10495 2
-16.5145 57.7523 89.638748 4
-13.0358 -91.321701 61.947701 2
-6.4554749 56.960625 -20.5471 3
-1.1968 28.738701 7.45755 2
33.275902 85.832397 13.08565 3
-14.9038 50.284901 49.128052 4
-8.0981007 -63.304859 64.705231 2
-2.6110001 65.261246 -9.4428997 3
-8.434 62.409599 76.744453 4
-17.2591 58.3498 89.462502 4
-10.83005 39.747375 16.010124 4
4.9864001 58.112999 -15.01755 3
-7.4122 61.195599 76.024048 4
-8.4399996 -65.4897 65.511147 2
-14.129462 44.641113 32.226814 4
14.88625 84.334106 5.9917002 3
-10.629205 -16.569443 46.67197 2
-12.088041 52.964443 -62.852081 1
-25.396851 71.908188 103.57858 4
-12.538401 64.959877 -102.58015 1
-9.1900673 62.525215 78.049637 4
-14.2272 63.110401 -112.34415 1
-4.91045 58.606998 69.316452 4
-0.2411 69.218498 -4.0163498 3
-0.454 10.6329 28.59375 2
25.608698 91.335197 8.1372862 3
-12.5503 5.7262998 31.34285 2
-12.8975 65.694397 85.847023 4
-6.2167001 60.576099 73.947952 4
-12.8692 -94.024399 59.928249 2
-3.3508999 42.4226 -21.09 2
-7.3790841 56.433151 -24.434467 3
10.9177 65.442245 2.8413999 3
12.63105 67.17598 5.1119752 3
-10.0106 38.88055 9.1152 4
3.127625 72.647171 -1.16715 3
-2.5351751 35.937477 -8.5652752 2
-12.896749 25.946049 9.5749502 2
-7.613162 -67.391113 65.538712 2
-17.6982 60.342602 94.309349 4
-3.4130831 43.025318 -24.059517 2
-12.8187 17.4384 19.73765 2
-10.61965 -12.087975 43.917274 2
0.16455001 50.379097 50.562351 4
-23.565884 71.582886 101.40822 4
-7.0368848 -44.556953 62.358234 2
-11.798052 12.438258 23.822302 2
-11.3155 -1.9576 40.280651 2
-1.880661 28.372862 8.5939951 2
-13.9548 59.2178 -95.844749 1
0.173225 -14.53605 51.064152 2
-14.137075 61.828148 -108.15784 1
-14.284363 66.757713 89.849564 4
-7.2886 -45.235901 62.858849 2
-12.13302 64.930191 82.865517 4
3.6521001 -38.860748 57.064499 2
-10.6713 39.089699 14.21665 4
-3.39885 56.917526 65.849724 4
-18.5245 69.120255 95.460899 4
-15.314972 55.628571 83.624329 4
-1.8125 39.139053 10.15295 4
-14.08765 60.079899 -100.6844 1
1.641 47.658001 41.35585 4
38.883347 91.822227 10.731675 3
-4.7487502 38.810249 3.8171501 4
-18.35515 60.296299 93.512901 4
-14.350888 34.16975 -67.856743 0
-15.0193 49.356701 44.868252 4
-12.191675 23.621025 13.958063 2
-11.156351 55.953148 -85.213852 1
0.3944 49.3922 47.327648 4
-9.85215 44.4132 -20.4533 4
-1.12915 67.038948 -6.6083002 3
1.109825 -3.139375 38.417 2
-27.642601 32.385551 -62.932602 0
-36.091732 76.968765 109.67442 4
-12.776976 42.068352 24.559275 4
1.100701 -6.3743081 41.628376 2
3.0947001 -28.267799 54.606251 2
25.441 78.567802 13.00995 3
-3.9639001 44.470402 -26.847651 4
-10.0814 56.107201 -86.26915 1
0.196575 9.1113758 29.856726 2
12.096585 82.379745 5.1972671 3
4.2988501 57.452103 -15.8361 3
1.00945 -12.6817 49.022423 2
-2.3973999 37.631302 -11.25295 2
-27.8407 72.745201 105.05885 4
-1.0831 39.393677 12.973075 4
-5.2881999 61.350151 -14.55835 3
-9.6835003 44.537651 -34.627747 2
-16.159683 67.708908 93.628525 4
-11.3728 62.782902 -99.525352 1
-11.0894 64.625397 82.473251 4
-22.703733 63.884434 98.930717 4
-10.656517 -10.939129 43.640007 2
-3.3433001 52.142502 -35.389999 3
-11.3737 65.1688 -106.06135 1
-8.5889997 -78.964699 65.069153 2
-10.8482 -18.631901 48.267151 2
5.5641999 76.552399 1.23435 3
1.1071 43.588699 30.393049 4
-3.8729501 44.790497 -28.182499 4
-13.8277 66.599899 86.989151 4
-12.20405 37.354599 -69.742798 0
-13.1684 42.056099 -19.72175 2
1.0283 -57.992001 56.995152 2
-11.479 61.220402 -91.810051 1
-9.4280005 -74.491997 65.526253 2
-11.5091 65.1129 -105.16985 1
0.041099999 13.3598 23.99015 2
-6.8613 -83.7528 58.759651 2
-12.1645 -89.894997 62.206284 2
8.0962162 78.148331 3.1273501 3
-31.577101 70.908798 104.31665 4
-9.4057503 -89.532196 62.760849 2
-8.9218998 54.805801 -32.469101 3
-5.5617561 58.063644 -18.193405 3
-9.0933332 -32.822037 57.527798 2
17.354191 86.236885 6.480968 3
-25.018976 26.221924 -63.148277 0
2.8987 -49.641182 57.676987 2
-9.3681507 38.9217 2.376725 4
18.098225 71.895653 9.8987503 3
-1.651383 53.516785 58.408081 4
1.62905 45.803726 35.682125 4
-18.7285 69.648499 96.184547 4
-7.3378921 -50.268806 62.648911 2
-10.314845 63.397076 79.856865 4
-39.3363 78.153793 111.54675 4
-8.8101501 -57.249416 63.753319 2
0.6275 70.442802 -3.04635 3
-5.3793249 50.193001 -43.988701 3
-12.6555 21.1528 16.921749 2
-12.4011 43.9161 -24.782249 2
-15.326694 66.982803 90.480148 4
-11.381325 39.782852 -70.792397 0
-14.04405 59.531151 -97.32 1
-9.0221004 -83.946999 60.000549 2
4.8374 75.867798 0.74145001 3
-13.689633 58.058132 -90.727417 1
-8.8729 -37.569401 59.54665 2
32.881462 94.494507 8.7240896 3
-8.5164003 -55.186024 63.216103 2
-19.894125 62.247803 97.09819 4
-13.514667 54.486832 81.690422 4
-3.2384 38.6586 -12.11705 2
-10.980455 -90.145523 62.565365 2
-11.0124 -86.0578 62.08025 2
-2.1008 38.723499 9.2801504 4
-9.8879004 44.886101 -19.096451 4
-7.8682499 -53.717102 62.8176 2
0.85896701 -58.684338 57.290051 2
-8.6936998 -61.689301 64.511795 2
2.2545331 -25.905333 54.51762 2
7.049572 60.715961 -8.8532829 3
-12.423384 37.097198 -7.9298 2
7.9143739 61.374851 -6.6694751 3
-9.7448997 43.0462 -12.57955 4
6.6732998 77.660103 2.3364501 3
-17.148149 68.204147 94.845352 4
0.51239997 50.860699 50.093349 4
-11.916525 1.974892 36.165009 2
-10.611074 -21.744175 51.467323 2
-4.7810998 50.4617 -41.487148 3
-10.1774 42.029598 -72.067146 0
-9.5422497 38.701202 3.8532 4
-11.4273 39.544899 14.72645 4
-2.9322 39.094398 8.6695499 4
-8.8264999 -76.0662 65.108551 2
-9.4996004 46.713001 -76.839851 0
-5.8196249 -81.731705 58.608429 2
1.099645 46.566216 37.90398 4
28.885799 81.2108 13.62165 3
-9.6735001 42.1898 -7.56425 4
-2.3545001 55.750401 61.82135 4
1.9353679 -24.627779 54.1436 2
-16.8813 53.963799 -77.960548 0
10.112381 80.231918 4.4327092 3
0.45699999 -15.200001 50.88475 2
-9.2854004 -29.68265 56.979752 2
-3.7988999 58.141399 68.267853 4
-11.096833 -89.312706 62.896118 2
-18.133625 29.913176 -65.197975 0
2.3556671 -51.941021 57.563049 2
-5.9046168 48.116104 -35.620216 4
-10.0187 52.587601 -40.017551 3
-2.247875 52.923363 -32.352177 3
-10.578667 63.707695 81.134048 4
-24.456358 71.274216 102.65879 4
1.013275 -9.08745 44.872074 2
-11.9607 48.016399 -34.830051 4
-12.489162 64.960922 -104.06268 1
-17.279499 52.997601 -75.894249 0
2.82375 -36.41555 56.685501 2
-9.5150003 41.354198 -3.6456499 4
-10.9124 39.083 9.9873505 4
-12.1195 52.619598 -64.430054 1
-2.8694999 -76.011101 58.74585 2
-17.123417 68.296356 93.750565 4
-9.9278507 45.274498 -21.83075 4
-8.6439991 -89.231476 62.594101 2
-10.632151 -23.310848 52.618698 2
-9.2243996 40.160301 -1.69965 4
-8.0447998 61.860252 76.009033 4
-8.0910492 -64.225296 65.222748 2
0.72415 42.73103 26.0177 4
-11.036592 39.7724 17.251984 4
-5.6339502 39.768997 -2.35165 4
-4.9658408 -79.322701 58.69191 2
-37.662498 78.313698 110.82635 4
34.123299 94.8302 8.8875999 3
-11.2182 65.307999 -108.84245 1
-10.12475 39.176003 10.660351 4
-6.2427669 59.765869 73.30555 4
-8.0188999 -68.446503 65.437347 2
-12.67535 36.159199 -6.9033499 2
2.6826 -31.639351 54.9254 2
-10.084351 53.407509 -37.530685 3
-30.0791 69.519096 103.37205 4
1.685533 -22.307533 53.974384 2
-15.5816 67.104797 92.415451 4
-12.3666 13.3237 22.812824 2
-10.3298 59.617348 -90.559952 1
20.139135 73.909637 11.039851 3
0.35038301 -64.180717 57.668686 2
-6.8309002 41.172901 -13.72515 4
-1.4776 39.13335 11.554501 4
-15.0338 51.440201 67.510551 4
-9.823 43.917599 -17.109051 4
-12.757 -91.9916 61.738651 2
-1.319775 53.256901 -29.832825 3
-11.726 -4.2200999 41.300549 2
-9.1169529 62.363079 78.750084 4
0.3802 11.20085 27.260225 2
-3.1285999 64.5271 -10.53505 3
-9.6862669 39.073132 5.2628841 4
-4.9379172 45.72612 -30.35659 4
-14.5923 67.095802 91.114952 4
-23.365051 71.088448 101.88975 4
-5.5527 -81.061401 58.572449 2
-19.853201 69.577301 98.100037 4
-1.8065 26.582199 11.92945 2
-3.1657 56.661598 63.219952 4
3.7504749 73.869797 -0.39645001 3
0.2789 -15.370726 51.598198 2
-12.31215 5.9157 30.4622 2
-10.646842 -13.039525 44.589691 2
-1.31385 30.734024 3.3766 2
-4.3466001 51.347851 -37.300026 3
-9.4159498 52.592724 -82.781845 0
-13.169149 54.098675 80.271545 4
1.2803 -5.3425999 40.524349 2
-13.9948 62.014801 -105.58365 1
-15.4391 55.566101 -79.677254 0
-35.110401 74.601799 106.69805 4
-16.16045 54.673901 -79.120346 0
-2.8606 41.401352 -15.6475 2
-15.2891 32.2019 -66.795052 0
23.591675 76.925629 12.368732 3
-5.0128999 59.2896 71.525146 4
-10.5047 38.787899 12.48545 4
0.65039998 54.185299 -20.663349 3
-19.1387 61.97221 95.899551 4
-13.110701 -93.636826 60.90205 2
-3.1789 42.131599 -18.37145 2
-4.37815 50.938625 -38.382675 3
1.8448 45.388901 34.227951 4
3.1205001 56.30975 -17.38475 3
-12.3876 53.871899 -69.611954 1
-1.9321001 32.355904 -1.10505 2
-12.742675 23.164639 15.192112 2
-1.302567 53.154934 -31.188751 3
-11.6554 1.1876 37.023151 2
-0.14390001 53.812 -24.22645 3
-11.3081 61.489498 -93.02005 1
-14.11685 61.479897 -104.53999 1
-21.324249 70.512497 99.231354 4
-8.65205 -36.106323 58.600948 2
0.76879001 1.356118 35.331474 2
-9.1756496 -85.347649 60.125999 2
-13.078751 15.917717 21.390667 2
-13.94405 45.99448 35.901585 4
-9.2664003 39.9981 -0.12785 4
-17.64172 68.496201 95.26841 4
-12.351383 21.846001 16.133165 2
-40.982441 79.34024 112.30205 4
-0.51010001 51.510799 53.901852 4
-9.0999994 -76.71283 65.304085 2
-2.2297299 -71.813591 58.697678 2
-1.93325 31.817299 1.23075 2
0.5068 -11.914 49.120449 2
1.2405 -4.2052002 39.358452 2
-14.182924 60.762024 -103.704 1
-21.362806 48.071209 -71.386574 0
0.24653301 40.908798 19.889685 4
-13.957517 52.933483 75.738503 4
-8.3389997 -86.446602 59.40295 2
-1.1755 22.01865 17.241699 2
-14.4244 52.176601 74.309448 4
-12.3889 41.971401 -19.43145 2
-8.8758993 -87.822899 63.273247 2
-14.372484 67.07093 89.18837 4
1.065744 44.274803 31.289314 4
-21.0557 28.15555 -64.226349 0
-11.2376 -90.982498 62.261051 2
-14.8172 49.718498 45.72065 4
-9.4134502 54.576347 -33.975651 3
19.10985 72.898201 10.5186 3
-1.73695 28.950851 6.39185 2
-27.37801 73.076118 104.25731 4
-0.091499999 18.085501 19.96035 2
-25.529566 40.880131 -66.90715 0
1.0495501 -9.9678993 46.0098 2
-6.8982 -48.219002 62.905449 2
-26.609175 37.885525 -65.390411 0
-3.3808391 42.180412 -19.606546 2
-34.080849 73.159256 106.1432 4
-10.8056 56.7131 -89.502647 1
-13.6064 34.917175 -68.557251 0
-14.273999 52.127136 71.974419 4
-15.008 51.029999 64.251549 4
-21.200294 62.931713 98.199409 4
-13.003 14.3031 22.46475 2
-0.0174 40.535801 18.48035 4
-22.401741 70.604233 100.82784 4
-24.789675 71.629791 102.1175 4
5.5933499 59.385452 -12.5861 3
-10.66895 56.298302 -86.569244 1
0.42950001 -12.3968 49.653549 2
-29.128426 69.197098 103.53618 4
-12.615049 65.44635 85.015396 4
1.6199 45.154499 33.550751 4
-9.6131001 44.342098 -33.936249 2
-19.615601 49.485001 -72.403351 0
-14.808875 50.284851 49.98645 4
-15.162999 50.914551 56.839905 4
-9.9149494 43.988548 -13.57625 4
-9.3193998 -26.359051 54.921249 2
-12.1103 41.38335 -18.41715 2
-12.4545 37.703201 -8.6084995 2
-10.115441 55.998215 -85.597687 1
-12.6829 33.708401 -3.4103501 2
-11.627083 2.781204 34.840778 2
-27.66815 30.6574 -62.5061 0
-1.4204 29.973301 4.9435 2
-8.8768406 -34.122971 57.787254 2
37.869949 91.069099 11.5799 3
-11.848125 46.732803 -31.90815 4
-5.5934501 47.20985 -33.167198 4
-9.4115 45.162498 -74.507202 0
-12.2703 -91.261047 61.7304 2
-12.3289 41.503899 24.23765 4
0.77079999 6.8758001 32.531448 2
-24.446411 65.308998 100.61932 4
40.06451 93.497437 10.056273 3
-10.189 44.859501 -35.925549 2
-13.0168 29.6654 2.26525 2
-9.815033 38.695919 6.5963998 4
-9.2164497 -28.326349 56.342903 2
-0.53189999 53.385101 -26.73975 3
1.8157001 -19.323999 52.996349 2
-17.84585 59.547699 92.005569 4
-11.335751 65.194656 -110.1317 1
-9.1708584 -27.15316 55.537819 2
-14.242983 51.766556 70.862106 4
0.91159999 -7.1187501 42.628162 2
0.46720001 49.676399 48.303951 4
-14.901666 50.847057 60.409946 4
-11.3211 62.519852 -97.790054 1
-1.633867 -70.615799 58.321404 2
-10.4592 -20.787001 50.684151 2
-10.010246 44.263237 -73.33886 0
-0.72649997 68.305901 -5.1975002 3
-9.7788506 47.803848 -77.737503 0
3.3448501 -41.102718 57.598103 2
-2.0241001 27.6374 9.6887503 2
10.4062 64.635452 1.5552 3
-9.5121002 -87.233269 59.625183 2
28.274349 80.951355 13.5514 3
-10.323151 -16.220949 46.193298 2
-16.0058 56.652874 87.184647 4
-13.988976 43.990776 30.366348 4
-13.513067 -94.819473 60.322014 2
-3.8380251 38.895653 4.7873001 4
-10.6639 52.396099 -41.575851 1
3.4559 -35.7244 56.040352 2
-9.8212166 -84.678909 64.007866 2
-1.929617 23.488934 15.779533 2
1.1552 46.9268 40.434151 4
-10.8753 -17.870001 47.54335 2
-12.793875 16.557484 20.881008 2
-10.0681 56.229401 -80.231453 1
-18.749168 29.504145 -64.990364 0
-12.0301 52.004501 -61.151649 1
-14.913651 50.739098 58.135048 4
-0.77385002 53.272675 -27.470375 3
-21.051399 69.980827 98.522575 4
0.159217 -14.00405 50.603786 2
-17.388367 58.872402 91.183449 4
0.75467497 2.5978999 34.701248 2
-9.1902332 54.473022 -84.732712 1
-3.3722999 40.349197 -14.27035 2
-1.917575 24.130226 14.501975 2
-12.176875 41.246277 22.1271 4
-3.1155 43.510101 -25.456051 4
-12.3575 40.617901 20.690149 4
8.7802 61.595699 -4.6585498 3
-2.0622001 26.651699 11.27075 2
35.946701 88.838486 12.227551 3
-13.4899 42.425598 26.11285 4
3.3043499 -32.924599 55.276901 2
34.677326 86.929672 12.408976 3
