# .PCD v0.7 - Point Cloud Data file format
VERSION 0.7
FIELDS x y z label
SIZE 4 4 4 4
TYPE F F F U
COUNT 1 1 1 1
WIDTH 1265
HEIGHT 1
VIEWPOINT 0 0 0 1 0 0 0
POINTS 1265
DATA ascii
13.7667 70.193352 -125.2351 4
-19.974186 -102.80151 31.335938 0
-62.7873 78.365448 125.2351 1
6.4170752 -23.459949 37.804348 0
62.9021 102.23205 -1.5888 2
0.78986901 22.274347 7.6971359 0
-17.0361 78.002548 94.961601 1
24.805759 83.55912 -12.51026 2
1.1149 -65.987953 37.0387 0
-12.1159 61.19035 71.098602 1
0.57513303 47.553116 25.069298 1
-35.3405 74.927849 117.0259 1
-2.905025 -0.76317501 23.670424 0
44.826546 86.2565 1.409505 2
-6.9040999 -43.358299 41.23365 0
24.707602 66.50956 -28.049217 2
-12.57385 -83.676804 40.901451 0
13.9374 33.157848 -7.5441999 0
4.926333 44.153797 -20.871584 0
11.130449 9.5190001 16.556601 0
15.0062 48.655621 13.694034 1
14.3012 54.027672 34.351852 1
-7.2409 55.041702 55.293648 1
3.5741 66.628052 65.548897 1
-6.1781001 73.291351 81.651497 1
-0.2208 49.145248 41.743801 1
-2.6798501 35.46595 -77.633751 3
8.8270998 -10.82845 27.981001 0
-24.265434 71.111946 106.83356 1
-15.993237 64.101593 88.920807 1
-5.0633001 -15.58925 31.386 0
47.7757 100.31025 -3.0223 2
-48.708698 80.238647 120.9159 1
4.8190999 -52.053848 40.372898 0
34.309952 92.488754 -6.2800999 2
6.3298001 -37.845451 39.901402 0
-6.4134998 -29.671949 36.807899 0
34.904549 77.847961 -4.1362 2
-7.3881001 -57.578449 44.039001 0
28.9972 70.970947 -15.7244 2
1.5804 30.613649 -2.9222 0
-10.309299 -70.542999 42.43375 0
14.39145 57.211151 -92.382202 3
12.9291 26.02285 3.5513999 0
-1.8489 11.08185 15.5724 0
13.4383 66.71035 -34.368599 2
18.222601 75.292152 -21.1971 2
5.3779998 45.406849 5.9285002 1
-12.5416 -92.556549 32.144402 0
-3.3477001 -77.938553 35.251099 0
9.35005 0.66439998 24.395475 0
3.9388001 39.191273 -10.4312 0
-30.127026 80.898125 108.49977 1
4.3607922 59.589108 -86.849724 3
55.307846 94.016479 2.0616751 2
14.3706 45.42905 -26.316999 0
11.201336 19.047436 11.514678 0
-18.464251 67.93145 98.573952 1
11.197033 50.584423 43.584267 1
6.7381048 39.518242 -79.85659 3
-3.390245 45.38353 -79.086212 3
5.9739499 48.573502 -30.074326 0
-24.2938 79.632652 101.3247 1
14.183733 75.190262 -117.13297 4
13.632999 50.900452 -85.670654 3
7.8055749 54.427223 7.6367002 1
20.206467 62.735817 -38.845413 2
-7.0238752 -85.895721 34.025848 0
-41.09515 81.060196 117.34535 1
10.6331 63.362751 -53.232201 2
-28.850401 73.688515 112.56417 1
-55.829201 78.06205 122.3253 1
0.52270001 47.68745 32.843102 1
0.3046 54.140999 -83.694603 3
10.9015 44.81525 -82.899498 3
-13.602239 -90.50267 38.925957 0
15.8452 59.429783 -57.204067 4
10.0833 50.580849 29.7707 1
-0.62094998 17.384048 12.663549 0
-35.408348 80.92955 113.22635 1
15.35128 50.26915 20.4858 1
12.5326 65.805847 -41.170101 2
-44.302399 75.60865 119.3147 1
11.8501 57.270351 44.555401 1
14.8688 55.22205 -40.8088 4
-3.1294999 50.95665 47.539001 1
-10.90915 59.694649 65.147499 1
1.8636 46.460548 19.134399 1
15.0799 51.695351 26.538799 1
10.38485 50.624851 37.57605 1
-2.4763999 5.7663498 18.2456 0
16.947929 60.148918 -51.393364 2
7.9358001 61.92305 55.868599 1
9.0776339 -5.1716499 26.2988 0
6.1058002 64.342949 60.804901 1
3.67805 46.002617 11.591 1
-8.8269014 57.7019 60.2057 1
7.2972002 55.108047 -40.0289 4
6.6033168 51.833569 -34.603718 0
-2.6889 71.292351 77.011703 1
38.368099 81.096352 -1.2581 2
-15.0252 62.692848 83.789101 1
-13.637449 61.54575 76.470795 1
10.8381 14.29765 14.072433 0
-20.1931 70.38945 103.41495 1
13.2708 55.758949 39.379501 1
59.328999 98.288849 0.87129998 2
-17.1758 65.485649 94.040604 1
6.5007 -43.086948 39.644901 0
-4.0230999 40.61285 -77.265999 3
6.3126998 -32.249851 40.141899 0
0.69393301 69.123482 71.105927 1
15.5424 64.508102 -98.760895 3
-13.628001 76.937515 91.324402 1
19.35005 62.45015 -43.9832 2
-9.5079002 75.122002 85.153656 1
1.043875 27.3939 1.098675 0
-7.2892499 -48.379013 42.363838 0
27.797356 86.570671 -9.9710999 2
43.3475 98.022453 -4.2059002 2
7.4853001 -19.36805 34.489601 0
38.568275 95.308945 -5.2150249 2
2.3519001 35.509651 -7.6560998 0
-3.367383 -4.4004002 26.881851 0
32.137897 75.094246 -7.214633 2
-4.0672002 -10.86055 30.9004 0
8.1017494 -14.918699 30.942101 0
14.229058 36.786568 -10.949608 0
30.884298 89.374321 -7.5489812 2
-5.5622001 -20.625351 32.493698 0
-5.898767 -25.348948 34.308598 0
15.0809 52.268349 -36.615101 0
8.2551832 64.376007 -93.076172 3
13.8107 30.840851 -3.3162999 0
-6.985106 -52.986664 43.397007 0
5.3228841 -27.792381 39.35405 0
-20.606291 78.776939 98.258827 1
14.3376 47.383751 8.2887001 1
12.42205 46.933502 0.22875001 1
-51.615501 76.713753 120.82 1
15.302099 61.113052 -95.794098 3
11.328734 64.282845 -48.86697 2
-9.6817493 -65.8946 42.238998 0
22.1082 80.600502 -14.535 2
-6.3562999 -38.846451 41.154549 0
2.7172 -62.01915 38.246899 0
30.0725 72.898552 -10.7656 2
19.886101 77.584396 -17.60915 2
-8.356967 -61.719952 42.917698 0
26.5172 68.460747 -24.507601 2
-1.4531 -73.670052 35.656101 0
-5.2627001 -81.710663 34.784561 0
-2.3860381 2.4169381 20.846375 0
51.812599 91.4589 2.7144499 2
-17.148899 -99.44445 31.778299 0
-44.81123 80.250984 119.32282 1
27.967899 69.72245 -19.8563 2
48.070969 88.716118 2.3446331 2
3.6240499 -56.490551 39.921951 0
-6.4024501 -34.067802 38.9659 0
13.0132 28.89325 0.38485 0
-11.1319 -74.862854 42.4758 0
-0.4122 -69.702972 36.172897 0
-14.8901 -96.037453 32.0121 0
1.007373 25.026871 4.3970771 0
58.865463 102.70237 -1.61685 2
-11.4105 -79.978676 41.630402 0
-27.893366 80.289986 105.25603 1
3.1053331 46.699909 15.425964 1
51.7262 101.65275 -2.7988 2
12.157049 64.648529 -44.882515 2
14.4863 43.077049 -17.362049 0
-59.239716 79.336754 124.01134 1
18.184425 61.288727 -47.837799 2
0.65297103 47.641998 29.010262 1
11.63625 21.983925 9.1084747 0
4.55475 41.753349 -13.1686 0
22.776501 64.361053 -30.575399 2
-14.5763 61.93095 80.125702 1
-52.326248 80.1035 122.25985 1
-47.979 76.728752 119.8645 1
11.552279 47.026279 -3.457058 1
20.8374 62.911751 -35.174248 2
6.4606328 61.852692 -88.858688 3
6.7484279 45.70488 2.555511 1
12.1681 74.079651 -124.5235 4
-13.84 -87.055748 39.844898 0
-11.509 76.254753 88.3078 1
-0.93599999 70.295395 74.071152 1
-3.3943999 -7.08535 29.508949 0
-0.0274 20.190901 10.6019 0
4.6266632 42.883484 -17.403179 0
8.8486853 41.838619 -81.249504 3
12.203899 24.144449 6.372333 0
-1.3789999 50.529652 44.672199 1
14.5679 44.189651 -22.1814 0
-10.0824 -89.922348 32.873699 0
12.478149 47.913902 -84.301956 3
-38.180401 81.308746 115.5355 1
2.3791111 32.870083 -5.635273 0
-31.402901 74.502251 114.7418 1
5.1803498 45.28075 -23.874748 0
9.9974251 2.8020251 22.127525 0
-19.916267 -100.23071 33.203197 0
5.6328502 46.921173 -27.439426 0
12.009 50.464649 40.575401 1
0.37873799 35.720978 -77.978455 3
0.87699997 47.322449 22.086 1
-1.1746 51.61795 -82.178055 3
4.585907 37.636082 -79.077637 3
60.835751 100.30654 -0.680112 2
6.7712002 53.315651 -37.2486 4
-2.8405001 48.008949 -80.250603 3
16.000353 60.113255 -54.373779 2
2.904588 -59.249466 39.097141 0
-1.5023 8.4917498 16.8034 0
8.1305008 45.874947 -1.92465 1
14.381088 53.245865 -87.105896 3
-1.3656 14.16375 14.0998 0
5.6284809 -34.987202 40.108814 0
-19.14555 68.9552 101.1064 1
-8.4256001 56.32085 57.7882 1
-4.2676001 37.711849 -77.195198 3
12.3755 56.470348 41.9711 1
57.319851 96.358902 1.59665 2
-6.1674752 53.950375 53.045826 1
2.4193001 57.621552 -85.623901 3
-16.53615 64.723206 91.477699 1
14.3961 58.900551 -94.434196 3
14.4436 56.143551 -89.949402 3
-26.317801 79.67495 103.2404 1
15.9137 72.9347 -124.6828 4
15.049199 68.973213 -29.284967 2
-5.8772249 -36.375549 40.0854 0
9.6290998 -1.82515 25.3262 0
7.6880651 62.38409 -91.119202 3
13.12015 46.919601 3.0971501 1
13.6775 47.36795 5.7937999 1
-8.8294249 -87.752838 33.473801 0
21.354876 63.500965 -32.535851 2
-15.140117 77.2658 93.41082 1
9.1190996 60.486549 53.485802 1
16.112801 72.088745 -25.883701 2
-18.796949 -97.961525 33.247475 0
9.9541998 62.526852 -55.825901 2
-11.037787 -77.381165 42.380596 0
-17.807516 66.372581 96.383636 1
1.13 47.902752 35.249668 1
15.3725 49.194851 16.261999 1
14.4335 43.84935 -19.725901 0
-4.1703248 52.091148 49.636024 1
12.6755 50.683449 35.844799 1
14.650874 53.817635 -38.762764 4
-13.8733 -92.910553 38.202202 0
-15.388563 -96.166534 36.380474 0
10.2681 50.59515 34.993549 1
-37.726898 75.173347 117.6218 1
14.1145 67.22625 -31.930799 2
-53.5648 77.853149 121.5866 1
14.41555 38.898975 -12.685024 0
-41.790298 75.387848 118.7098 1
-22.4802 79.315552 99.871857 1
-57.9314 77.596252 123.1809 1
-10.023849 58.5896 62.49015 1
15.3768 50.82415 23.1742 1
-33.359127 74.822563 115.88197 1
7.1960001 45.794048 0.2748 1
1.6105011 55.699821 -84.745865 3
-17.740501 -99.780151 34.054398 0
56.6661 102.62695 -2.0592 2
-27.569168 72.834351 110.9357 1
11.3025 50.683651 45.814201 1
-54.414101 79.785851 122.914 1
2.6090331 36.526268 -78.446396 3
-15.375608 63.413029 85.848251 1
-57.112648 79.616051 123.44911 1
-18.6315 -101.1136 31.633301 0
13.987475 45.200623 -24.009499 0
15.4063 49.72065 18.388851 1
10.1927 50.56485 32.469002 1
53.41621 92.85672 2.3524499 2
-42.852402 80.833351 118.5676 1
4.6678562 42.410904 -15.21043 0
13.676226 55.088272 37.311275 1
10.343933 58.574718 48.909698 1
43.082886 84.776917 0.78398699 2
14.6759 58.631649 -58.877899 4
53.95015 102.16595 -2.30305 2
25.590899 67.587448 -26.415625 2
14.239944 74.502396 -124.3764 4
14.6645 53.249317 31.711134 1
-2.071075 49.976227 -81.227974 3
-25.943701 71.685547 108.7616 1
5.8509498 -25.767651 39.005699 0
0.72259998 26.36375 2.8510001 0
-7.6833 74.321548 83.480499 1
-12.9458 61.294552 72.969398 1
-60.784199 78.263451 124.841 1
15.104025 73.920395 -114.80907 4
0.46000001 48.481251 39.0793 1
-3.0517001 0.94714999 22.173 0
0.43290001 23.697376 6.2332249 0
-2.5129001 3.9607501 19.57605 0
8.3699675 -13.387442 29.68325 0
8.8153 46.214851 -3.7665999 1
14.830299 47.842236 -30.757799 0
-12.10705 -81.861145 41.555099 0
2.1865001 46.411549 17.1861 1
12.127501 50.733452 38.6245 1
-3.6636 -8.9895496 30.424601 0
14.5371 54.56575 -88.561897 3
6.7905331 63.502781 59.164467 1
60.759041 102.20497 -1.735931 2
-5.8326502 -83.658897 34.612251 0
4.5802999 45.743752 9.7509003 1
7.0875001 -20.961 35.933849 0
3.4565179 46.405571 13.548077 1
18.69865 61.976952 -46.113701 2
-7.4257002 -50.344051 42.986301 0
15.2776 50.079449 -33.9468 0
5.8506999 -45.821049 39.989498 0
-33.881798 81.308899 112.11645 1
14.4978 48.044651 11.7066 1
-28.958466 80.499855 106.81387 1
17.338852 60.499756 -49.334885 2
-3.7118001 71.829201 78.504601 1
-4.8793001 72.391747 80.349098 1
7.5521002 62.619251 57.5756 1
-18.613899 78.588547 96.2407 1
-49.7029 76.515549 120.5852 1
-13.3877 -94.58535 32.326401 0
-46.18425 75.978394 119.5645 1
-12.5054 76.618446 89.862297 1
-3.4806499 -5.86625 28.093849 0
8.2874002 56.629551 -41.861 4
4.8729 45.525848 7.7511001 1
5.9429998 -29.903801 39.959049 0
-7.3333001 -46.568451 41.841099 0
9.4932985 61.148102 -57.922203 4
-13.924811 61.880718 78.393982 1
-31.250099 81.023354 109.9645 1
-14.551158 62.596024 82.004433 1
0.71670097 47.897064 31.018518 1
-11.89555 60.853199 69.302849 1
-36.684898 80.886002 114.54436 1
40.375584 82.94149 -0.221175 2
11.602867 64.600952 -46.936096 2
10.614825 5.8030381 19.345013 0
4.5853 65.855652 64.034698 1
13.036092 65.850525 -39.447052 2
-13.68965 -88.828552 39.627525 0
13.976284 66.421768 -36.099686 2
15.098518 71.196442 -124.37691 4
13.569 29.695551 -1.4011 0
-7.9046001 -59.514725 43.651001 0
10.366611 4.170845 20.919533 0
-6.3652 -28.05665 36.1241 0
-7.3062501 -54.661049 43.803947 0
-0.79135001 15.73045 13.572433 0
13.486475 75.392075 -115.54388 4
-5.9393001 -23.842951 33.444 0
7.9417248 40.667747 -80.331192 3
-1.5057 12.59735 14.8129 0
-5.2946 -17.37775 31.746201 0
14.32535 41.85545 -15.0107 0
-13.10622 61.429661 74.835632 1
-11.612761 -91.198616 32.65659 0
14.3439 47.889149 9.9980001 1
5.2630749 65.114029 62.258499 1
-9.1869249 -63.408951 42.626732 0
-10.074699 75.516647 86.861198 1
-21.4631 70.372452 104.6185 1
1.5998 68.464348 69.603401 1
-39.530952 81.201447 116.55285 1
9.0998001 -6.7918 26.765625 0
37.28175 80.083153 -2.0527999 2
5.9793 49.474049 -31.5229 0
32.6026 91.350952 -6.7914 2
25.750299 84.78595 -11.8889 2
10.948851 58.14735 47.181301 1
14.618684 46.579716 -28.309381 0
2.8759999 34.129551 -6.6064749 0
11.92555 46.924301 -1.67615 1
-0.72243297 49.951519 43.266499 1
8.9057503 -9.2339001 27.544949 0
-3.3006001 -1.93505 24.76775 0
-2.0095119 70.647858 75.338425 1
-14.8433 -94.773804 37.131248 0
35.878242 78.792992 -3.1997499 2
-22.915501 70.407951 105.6162 1
37.180099 94.415154 -5.5134001 2
9.33041 -3.345794 25.868773 0
49.3559 100.72195 -2.88955 2
17.368601 73.936249 -23.4319 2
5.2707162 -50.2379 40.349216 0
-3.8044 -80.432549 35.013901 0
29.6707 88.598846 -8.3611002 2
10.701 50.68335 39.405449 1
-11.3159 60.185452 66.642403 1
0.67119998 48.135948 37.1455 1
45.019299 99.02475 -3.704 2
15.37855 70.185303 -27.98435 2
-0.085000001 69.813454 72.788101 1
35.619701 93.375198 -5.8666248 2
1.658807 47.186935 20.641136 1
-16.5016 -97.828247 31.710499 0
20.454355 62.848133 -37.067242 2
31.2801 74.183952 -8.4686003 2
-15.6635 63.700199 87.396049 1
12.773689 49.393951 -84.82579 3
-17.931801 -96.658005 33.886948 0
-0.60067499 52.898476 -82.934723 3
9.4694996 59.891151 52.056599 1
-20.147182 -101.65815 32.4133 0
28.677275 87.595024 -9.1531 2
-6.1391001 -26.767151 34.957001 0
26.850201 85.800148 -10.9479 2
12.44475 25.392925 4.8934999 0
6.400228 50.903675 -33.378147 0
5.5321002 60.918152 -87.772903 3
4.3042998 -54.935452 40.271198 0
14.634236 67.870956 -30.629635 2
14.4188 35.502651 -9.7110996 0
-6.4513998 -31.05225 37.488499 0
46.376801 99.646599 -3.3338499 2
-15.8988 -97.518448 35.5495 0
15.17345 50.961948 -35.195499 0
-0.30239999 18.93305 11.4276 0
9.7056503 1.6161 23.255501 0
-50.172825 80.281647 121.33592 1
34.017525 76.921143 -4.9572248 2
-6.9879498 -45.12035 41.538399 0
13.899471 47.58622 4.3108921 1
-5.6399999 -22.077599 32.895302 0
-6.5015502 -41.069351 41.307652 0
9.2838345 65.08532 -93.912971 3
-5.4347 53.414551 51.847599 1
7.0742249 52.613426 -35.799385 1
1.0316 28.408649 -0.0046999999 0
42.216 97.05455 -4.3670001 2
11.85575 50.711998 37.097748 1
-7.006187 -56.124275 43.910599 0
13.068325 27.851574 1.474375 0
16.667801 73.01165 -24.6432 2
14.119699 34.335052 -8.4342003 0
-10.0191 -67.455048 42.325699 0
9.7325506 43.074116 -82.131706 3
-26.616066 72.366432 109.89468 1
1.068675 47.330574 23.591301 1
29.645077 72.358505 -12.075899 2
11.4226 50.354248 41.927727 1
10.1587 51.141449 24.110901 1
23.818874 82.586746 -13.02105 2
-59.19875 77.864304 124.004 1
13.0617 47.00642 1.553483 1
9.7993584 66.398041 -96.466248 3
13.9492 72.748047 -114.4759 4
13.13295 66.675446 -99.639954 4
6.3648171 -22.046799 36.593281 0
2.6175001 -60.627533 38.709183 0
-10.3414 -69.084152 42.443398 0
33.09726 76.045425 -6.101738 2
-4.7062001 -13.82855 31.1206 0
15.669195 74.379486 -124.14037 4
1.4604501 29.578201 -1.9108 0
7.0619512 54.189053 -38.513084 4
0.188875 21.547501 8.7988758 0
-6.4741998 -32.730751 38.409801 0
61.958076 101.21809 -0.76576298 2
8.2540941 -12.144002 28.917061 0
10.897133 63.761814 -50.146103 2
-1.365291 9.7519836 16.115746 0
10.709999 50.660873 31.126574 1
-19.429649 78.659149 97.425446 1
11.284 57.822952 45.80505 1
16.010559 71.227272 -27.072958 2
5.5904789 -24.563684 38.269169 0
-3.0971999 -3.2405 25.784199 0
30.523317 73.67453 -9.5713997 2
13.90285 52.151466 -86.31781 3
1.6346 -64.528748 37.4776 0
0.33230001 49.17075 40.322502 1
11.2912 12.82725 14.7525 0
-4.3617249 -12.408168 31.095301 0
0.34850001 -67.200249 36.673267 0
11.9566 46.678749 -83.836403 3
-2.346617 -74.77562 35.558006 0
18.584 75.919647 -19.9771 2
-2.1733501 50.381298 45.836838 1
14.1108 53.869751 32.957199 1
6.14995 -33.67445 40.202999 0
5.7158999 -36.523598 40.05975 0
-18.778017 68.651512 99.780441 1
-9.6780005 57.834351 61.3186 1
39.440098 82.009483 -0.70191097 2
5.660646 -44.209976 39.688732 0
19.4863 62.43745 -42.586998 2
-13.6676 -85.331749 40.493599 0
10.73615 63.376251 -51.7118 2
55.32505 102.1226 -2.0775499 2
-3.4358871 -76.593979 35.621498 0
14.835274 50.835327 21.728556 1
10.0888 50.852951 26.561899 1
-61.6423 79.315147 124.5573 1
2.702775 36.629299 -8.3943872 0
-11.7421 60.544449 67.923401 1
-10.8796 -72.115448 42.472401 0
20.531668 78.341949 -16.651508 2
4.8296809 43.623871 -19.3689 0
10.2906 62.941448 -54.555302 2
58.314964 97.365662 1.264763 2
31.985058 90.156448 -7.0730329 2
-55.720875 79.379822 123.03267 1
13.9937 31.58625 -4.4826999 0
11.5037 15.81535 13.3435 0
-11.076599 -78.651283 41.884182 0
10.0866 50.805748 28.393499 1
21.147499 79.368454 -15.53555 2
-40.199501 75.167603 118.41855 1
39.664051 96.085602 -5.0068498 2
0.25279999 47.388149 27.249201 1
-3.6328721 36.486275 -77.625397 3
-0.79820001 -71.371048 35.999401 0
2.0959499 -63.302299 37.805252 0
-4.8077998 52.718201 50.6436 1
11.2562 17.93165 12.2659 0
12.904776 50.616478 32.350124 1
13.061851 26.914137 2.5520329 0
1.937525 31.842907 -4.5995169 0
14.8291 52.841648 -37.805099 0
20.960016 63.160847 -33.77478 2
22.9674 81.70755 -13.5761 2
-4.1266499 41.881653 -77.686852 3
28.662449 70.364403 -17.539225 2
-7.0225 -51.684349 43.087799 0
11.856108 22.648235 7.9685659 0
12.677834 56.106815 40.719967 1
17.8468 74.589584 -22.375687 2
-19.969999 69.357948 102.5126 1
26.851101 68.810257 -23.26965 2
-5.2314248 -18.670723 32.040077 0
6.9131498 62.501999 -89.921799 3
11.62905 57.054565 43.192799 1
2.82285 67.558548 67.286652 1
10.930641 10.578501 15.792049 0
19.351952 76.814102 -18.759602 2
14.4063 40.113598 -13.580951 0
12.1262 65.243149 -42.290001 2
-16.665899 65.309853 92.818001 1
-18.062901 66.888855 97.564697 1
3.1434 38.371349 -9.7839003 0
0.0147 -68.43335 36.375 0
4.2993498 -53.630001 40.466301 0
43.67207 85.946434 0.76003402 2
-10.4166 -75.97905 42.320599 0
14.4073 58.00655 -93.4786 3
7.6374998 -18.342649 33.694901 0
14.811375 59.911148 -95.144928 3
6.3112998 -39.14555 39.843399 0
-1.12595 35.232426 -77.527626 3
55.92672 95.22554 1.935004 2
-14.45485 76.613632 92.292572 1
12.818251 30.449951 -2.5917251 0
14.7726 49.016701 14.9088 1
14.0368 42.674 -16.061001 0
7.3466001 63.231651 -92.257301 3
15.183147 51.177017 24.449211 1
29.385349 71.648224 -13.908566 2
4.9730749 -48.998474 40.233253 0
9.6220999 -0.51814997 24.7974 0
-13.8355 -91.634354 38.1852 0
13.016899 50.568817 29.944401 1
10.621626 50.63945 33.768826 1
-17.4223 65.989052 95.233803 1
-9.4856997 -88.85215 33.254848 0
-18.858 -99.094551 33.813702 0
-36.5448 75.522095 117.3385 1
7.9101 -16.27 31.903999 0
-16.244232 64.408569 90.118538 1
1.004367 47.852234 34.005501 1
-6.3023 -37.462551 40.8787 0
50.805302 90.722649 2.7028 2
-27.15855 79.67205 104.46111 1
-25.160767 71.300224 107.87252 1
50.534401 101.32695 -2.9576001 2
14.281557 37.961166 -11.885626 0
42.055 84.105057 0.44554999 2
-1.6065249 -72.375702 35.881863 0
14.018875 66.963516 -33.127083 2
-11.178578 75.437805 87.386292 1
-3.1515 46.712051 -79.7575 3
11.8145 65.00705 -43.764702 2
16.048214 59.84948 -55.653229 2
14.3622 45.039749 -25.158899 0
9.5751753 61.814899 -56.9044 4
-51.211029 79.697052 121.57159 1
-7.8758502 55.803551 56.840797 1
28.281698 70.117012 -18.662039 2
-10.889099 -73.325684 42.456818 0
13.094101 66.352829 -37.058403 2
18.624533 62.23381 -44.923592 2
-25.420099 79.86235 102.2761 1
4.2002001 41.1427 -12.19175 0
-3.3832729 51.79731 48.358238 1
-32.395554 75.087753 115.07809 1
19.964539 62.629345 -40.426735 2
-46.097198 80.626251 119.817 1
-4.0826502 38.897949 -77.151123 3
1.356132 54.622086 -84.308357 3
6.0446 -46.992249 39.9659 0
9.1087494 -7.91855 27.124901 0
11.165472 45.943695 -83.354767 3
12.074694 72.744827 -124.63696 4
-38.790707 75.797333 117.73956 1
9.9577332 44.260483 -82.47773 3
-14.5054 -94.841599 32.081947 0
5.2403002 -28.971251 39.900799 0
-19.1077 -102.17905 31.8085 0
5.4790502 46.367851 -26.3298 0
-14.854446 63.389641 84.807213 1
15.270262 63.794739 -97.879929 3
2.8029499 46.04845 14.515551 1
6.1264 50.234249 -32.474201 0
-43.2029 75.393951 119.0229 1
-6.8713002 54.581951 54.155998 1
13.9131 47.502651 7.1258001 1
14.54795 56.577904 -91.275177 3
11.462775 21.107224 9.8331499 0
25.934551 67.997902 -25.384899 2
-15.767484 -96.811096 31.968 0
0.76386702 47.862507 26.20751 1
-9.3796501 -64.633423 42.463776 0
14.580799 47.295868 -29.75415 0
4.3182578 46.398407 10.647799 1
46.896 87.524506 1.95435 2
14.567349 54.455769 -39.703617 4
-5.1724501 -24.530899 33.9935 0
5.3504829 59.878769 -87.349831 3
-43.8279 80.808647 119.1375 1
10.366212 4.9857368 20.138325 0
7.6813202 45.831718 -0.74161798 1
-2.386013 4.8773131 18.930799 0
-3.7462001 -78.991142 35.261032 0
54.246899 93.534554 1.8904001 2
-60.565147 79.354401 124.25515 1
5.1258502 43.292351 -18.317001 0
-7.8263998 -86.821251 33.553501 0
-10.72865 59.30315 64.116104 1
36.514118 79.53862 -2.6645169 2
11.374 19.89245 10.8155 0
13.8796 32.535648 -5.8347998 0
57.769299 102.64945 -1.7803 2
3.3624001 -58.09285 39.518398 0
-12.6453 -93.622353 32.428699 0
52.969009 101.52454 -2.5151999 2
2.2497001 31.119818 -3.715667 0
12.0274 23.56905 7.2968998 0
-2.50965 48.945702 -80.729355 3
10.071526 58.995186 49.889774 1
-34.383202 75.074753 116.5029 1
5.5043998 38.36235 -79.500397 3
14.51345 46.047241 -27.213928 0
1.0709 48.76165 37.953899 1
-4.6832752 71.796051 79.302322 1
0.34740001 20.848015 9.6256161 0
21.894051 63.738777 -31.618752 2
60.063 98.95755 0.42664999 2
15.2038 48.34375 -31.6474 0
-2.4068 6.6767502 17.6586 0
5.31075 -26.697224 39.096424 0
3.3606999 45.85915 12.62335 1
-21.5923 79.342247 99.265999 1
1.031225 48.488098 36.141788 1
5.8926749 45.892975 -24.3895 0
15.151934 62.239624 -96.515732 3
-5.7983832 72.671814 80.815292 1
3.04125 67.084595 66.353149 1
-32.805199 81.329903 111.47971 1
41.019501 96.893448 -4.7578001 2
0.3502 22.970051 7.0043998 0
1.413 35.95845 -77.994499 3
12.6956 50.726883 34.459064 1
52.502899 92.258347 2.631 2
13.1841 55.521049 38.143398 1
-32.037766 81.157379 110.73271 1
61.807701 102.12205 -1.8485 2
-5.8955989 -39.798149 41.142567 0
-17.82255 -100.25549 31.700748 0
4.90061 46.108402 8.6327553 1
4.0653539 40.02972 -11.278029 0
25.003216 67.13356 -27.165264 2
14.5707 74.283752 -113.9786 4
10.0456 50.934849 25.146999 1
-2.7997839 -75.738258 35.519741 0
13.000637 66.12368 -38.307255 2
5.3626499 45.857433 6.8867002 1
0.78158301 47.513336 30.038767 1
48.989136 89.49157 2.5466001 2
4.7265782 42.707573 -16.380198 0
14.51335 55.391983 -89.19709 3
-30.587299 74.324547 114.0215 1
14.6304 43.359749 -18.3519 0
-2.5745499 50.913498 46.661499 1
14.282749 43.896698 -20.752899 0
33.546936 91.615891 -6.4523249 2
-12.448284 -82.649483 40.951668 0
-16.1873 78.00695 94.368698 1
14.2639 41.150349 -14.0545 0
27.66955 69.466454 -21.12525 2
-8.8386002 56.955151 59.417301 1
3.8320761 66.131104 64.682243 1
13.876834 54.692654 36.093765 1
15.280633 50.067684 19.479734 1
-5.5837631 -82.683212 34.876499 0
-2.7574999 3.07425 20.1483 0
15.479533 59.01915 -58.069199 4
4.6310701 65.350563 63.144489 1
13.9077 74.953346 -114.647 4
0.70130002 25.740799 3.6616499 0
5.9235501 -30.93235 40.024349 0
16.657553 60.217636 -53.218567 2
19.937313 63.144505 -37.951309 2
6.4294 -41.109451 39.753899 0
4.640275 42.153423 -14.224922 0
5.7328329 45.494282 4.9368 1
-5.1229119 -19.619688 32.384274 0
-5.640872 -27.438845 35.570499 0
41.253399 83.57283 0.123463 2
3.7234001 58.91375 -86.377045 3
45.859688 87.110657 1.81858 2
3.6545169 37.049683 -78.729935 3
6.9784002 -20.192249 35.289501 0
11.9007 24.606449 5.5295 0
-55.073753 77.515854 121.94275 1
-34.5993 81.45385 112.8089 1
-3.610327 43.988373 -78.444443 3
17.06848 60.185978 -50.252811 2
-7.0939999 -49.353577 42.521076 0
11.530025 60.396526 -56.847397 4
23.138 64.86705 -29.7887 2
2.5899379 46.21196 16.134188 1
14.82615 48.410309 12.740242 1
14.379959 54.074547 -87.706039 3
10.8536 8.0077829 17.577682 0
59.695766 102.15411 -1.592067 2
11.510437 64.330551 -47.88974 2
-1.04075 11.6709 15.436251 0
-1.73245 50.916351 -81.751053 3
-48.8255 76.297699 120.1746 1
13.084275 74.434219 -124.38612 4
10.8734 6.6897502 18.552799 0
24.101349 66.040298 -28.834702 2
-2.0081 7.6712499 17.034201 0
-3.4918001 -4.9452 27.7346 0
5.6978002 47.85915 -29.023899 0
19.918699 62.62175 -41.7174 2
11.623375 64.715256 -45.709976 2
6.78055 63.081532 58.084351 1
-61.810299 78.40255 125.1152 1
44.163502 98.514847 -3.9628999 2
7.8759131 -14.117275 30.420937 0
13.571312 47.383121 2.3035221 1
-47.033901 80.550453 120.0868 1
-6.6012001 -42.252449 41.159698 0
-38.815338 80.631989 115.8325 1
10.91485 50.715401 38.45575 1
-5.5053382 -22.973751 33.394409 0
-3.2686 -8.0696001 30.047901 0
-7.4087672 -58.714424 43.881149 0
29.5156 71.947998 -12.9965 2
-16.324612 65.575417 91.953339 1
-6.3267002 -84.961349 34.160599 0
-2.8919499 1.8009 21.390099 0
20.591724 62.912872 -36.118225 2
-7.2841749 55.569176 56.12075 1
31.402893 75.103073 -8.2193117 2
-13.157466 -86.112915 40.267532 0
5.7297001 -48.203548 40.073502 0
0.928675 47.727623 31.938126 1
-12.3442 60.912449 70.147797 1
4.5895228 -51.078823 40.387234 0
-4.6630001 -14.68865 31.532 0
-47.798698 80.33065 120.61345 1
7.454967 62.339592 56.578159 1
-6.6028171 -53.858513 43.354305 0
14.874475 49.654976 -33.179329 0
14.6141 44.625549 -23.582899 0
-58.2122 79.683052 123.8161 1
-36.068199 81.183319 113.88726 1
15.1133 51.677349 -35.815899 0
10.6631 58.508251 48.0196 1
15.347393 68.291077 -30.167782 2
-6.3395748 -31.876699 38.022476 0
-29.769201 74.086517 113.4716 1
11.06135 50.838299 42.683052 1
-10.418 58.74955 63.3344 1
13.3554 50.065228 -85.145477 3
0.78534198 47.821083 28.085674 1
6.51441 45.739628 3.4665849 1
10.015738 3.4979999 21.475536 0
18.104626 61.617489 -46.960289 2
6.433567 49.320816 -30.714367 0
9.6429005 52.202148 -32.362999 1
15.3154 51.418602 25.34445 1
7.8755002 -17.448799 32.958599 0
-8.6864996 74.859901 84.373497 1
1.365767 28.944883 -1.029433 0
-20.538 -102.09612 31.686701 0
-0.61585599 36.179119 -77.535233 3
11.146749 50.768547 40.391403 1
15.5405 71.924255 -124.75549 4
10.3854 50.926151 27.465799 1
-5.8829999 -30.4098 37.093597 0
-10.272367 75.088478 86.062401 1
13.911802 36.122513 -10.385603 0
6.4896998 -42.165352 39.745998 0
-28.4203 80.336403 106.01728 1
-2.0311501 9.3023005 16.57365 0
-14.210078 61.96912 79.26722 1
14.50408 70.713013 -124.89083 4
14.287025 47.894905 9.078558 1
-23.671633 70.624115 106.32642 1
7.6088252 54.551628 -39.158348 4
13.04807 29.27829 -0.65566301 0
14.74705 64.941971 -98.602905 4
56.449501 96.072098 1.52265 2
0.46065 24.3423 5.3491001 0
-53.2948 77.025604 121.2915 1
0.37043899 19.355064 10.968792 0
8.6862326 60.088047 52.488934 1
-5.9160018 -29.000269 36.434544 0
13.467 46.983849 4.8467002 1
13.637486 66.693291 -35.258228 2
1.416575 46.900665 21.472157 1
12.84875 65.661354 -40.327366 2
5.3491611 64.545624 61.386627 1
-14.5755 62.302601 81.142853 1
-15.1912 -95.233253 36.209499 0
2.204 68.031853 68.5774 1
13.94715 34.922752 -9.1923504 0
14.6742 55.620651 -41.64505 4
60.500801 99.560349 -0.095399998 2
32.439552 75.764801 -6.6791 2
-28.209999 73.195351 111.8398 1
-17.652916 78.219269 95.592834 1
-1.033367 13.147617 14.265667 0
13.406921 50.634556 27.518517 1
-1.2143 49.712448 43.9897 1
29.111208 71.624428 -14.882596 2
-12.7263 61.156849 71.763397 1
8.3193998 61.399448 55.035 1
-0.67360002 49.544853 42.463799 1
-56.76395 77.619797 122.63955 1
-14.8122 62.797852 82.921501 1
-3.773324 39.73167 -77.275902 3
-4.3531499 -81.136948 34.922401 0
2.9334249 37.331322 -8.9025497 0
16.92075 60.189201 -52.36385 2
14.569 50.759449 -34.569401 0
-0.84114999 14.841 13.8461 0
12.985967 50.61911 31.389524 1
-0.73680001 16.54665 12.9433 0
9.0849504 51.964451 5.7553 1
-14.093399 -93.8517 37.600601 0
13.086726 74.833488 -114.97787 4
16.649082 71.43013 -26.477684 2
-53.327148 79.913254 122.51711 1
11.3425 64.410652 -93.371696 4
30.469601 74.215553 -8.8699999 2
30.444695 88.653107 -7.9307389 2
-2.8946669 -2.6099999 25.193815 0
-29.608999 80.876076 107.76926 1
-3.8243999 -10.026001 30.72595 0
7.1262999 45.574551 1.1306 1
13.904975 53.6147 31.984924 1
37.64397 81.125343 -1.9643821 2
45.892738 98.912003 -3.42505 2
-59.910114 78.367973 124.1514 1
11.1957 8.7456503 16.979799 0
29.357033 87.818626 -8.6351004 2
-20.933283 70.076385 103.97794 1
-8.4094 -62.559349 42.541298 0
20.832088 63.841537 -33.155334 2
-30.688801 80.893051 109.17545 1
-6.8697 73.803848 82.350845 1
-25.436901 72.084244 108.1706 1
-15.4971 64.202148 88.208702 1
-3.2288001 0.00034999999 23.1742 0
10.290999 60.88805 -58.160633 4
-6.8955789 -47.289429 42.060799 0
12.2431 46.58395 -0.5966 1
3.150625 58.095383 -85.963387 3
8.4489498 41.206398 -80.806305 3
11.139633 63.408295 -50.902252 2
36.356483 93.745834 -5.5932331 2
33.457275 76.715347 -5.588572 2
-2.8989799 45.886707 -79.658798 3
-19.1229 -102.87845 31.1831 0
6.3007998 -35.883301 40.096497 0
-40.328125 81.148949 116.8908 1
34.283432 77.754356 -4.8325672 2
-6.6191001 -44.17305 41.185799 0
-22.415075 70.952148 105.0704 1
-13.370649 -87.979004 39.646 0
22.935705 81.097649 -14.183987 2
14.232656 73.696167 -114.50863 4
7.3975868 53.098 -36.645161 1
-13.762924 -89.648911 39.385063 0
-18.722313 67.87796 99.389931 1
17.289751 73.363441 -24.169432 2
-13.1285 76.873154 90.492897 1
10.0573 2.0861499 22.6348 0
-13.67745 61.875648 77.576401 1
-10.605875 -74.274994 42.148575 0
-6.7764459 -50.909985 42.747208 0
5.1470828 44.969269 -22.93705 0
-11.245775 60.75135 68.759598 1
-50.77705 76.59465 120.72185 1
11.4128 16.723749 12.7754 0
2.5020001 -58.534248 39.3256 0
15.2301 48.89505 -32.361099 0
-9.7279329 -88.048889 33.397861 0
7.5985498 46.378017 -1.400167 1
14.43525 46.707973 -29.156952 0
5.3965998 45.94965 -25.296501 0
8.3846493 -11.448325 28.44775 0
12.3278 56.763351 42.808399 1
-62.364483 79.023407 124.90688 1
-8.6343994 56.5644 58.693199 1
4.9945912 44.528759 -21.823034 0
11.5356 14.65705 13.7584 0
-23.334 79.539749 100.5922 1
26.7332 84.943848 -11.254999 2
1.9477 -62.50325 38.177299 0
6.1875 61.142231 -88.342575 3
38.032425 94.659393 -5.225987 2
13.825624 33.059151 -6.6481252 0
-45.690102 79.876999 119.6632 1
-3.74684 -11.880491 30.881203 0
24.745535 82.670807 -12.829496 2
12.454823 26.575134 3.1267819 0
10.952229 50.59441 32.815514 1
5.6767602 -38.379333 39.864689 0
0.29440001 69.516953 71.969299 1
21.7162 79.967346 -15.4178 2
57.54771 96.896301 0.89208299 2
-3.1058331 -6.83955 28.745834 0
-4.1787672 -79.692383 35.091499 0
2.3458669 -59.869953 38.922131 0
1.147575 -65.183998 37.316059 0
-20.5324 -100.77455 33.075699 0
-10.8549 -90.882149 32.529099 0
1.6386499 46.851093 19.882542 1
8.6626616 -9.9783115 27.818737 0
13.8077 41.949749 -15.6827 0
-10.3281 -89.043251 32.9473 0
62.806351 101.68955 -0.97175002 2
0.90649998 68.81665 70.136597 1
1.0549999 53.895111 -83.933678 3
8.9449072 64.391373 -93.606255 3
11.3801 49.711948 -20.236099 1
27.2883 69.181847 -21.798201 2
-19.411287 69.407913 101.90942 1
-47.3643 76.186348 119.7945 1
13.8771 32.046249 -5.1546001 0
-8.3773003 -60.990749 43.297298 0
0.41414401 -66.418045 37.038227 0
-4.6573749 -17.8132 32.035275 0
-2.9363999 -77.157753 35.293499 0
-18.972401 68.301849 100.6399 1
9.4516001 -2.5866749 25.580124 0
-0.2033 53.52845 -83.280197 3
8.1387997 46.15855 -2.7613499 1
-9.6185999 -66.703316 42.363533 0
-17.97385 67.954254 97.916595 1
44.332561 85.64827 1.169675 2
-17.1437 -98.125549 34.848499 0
14.43215 47.9571 10.82505 1
-10.6915 -71.319054 42.486801 0
6.6821499 -22.53105 37.1716 0
-2.9051061 -1.404817 24.175901 0
11.831426 50.52597 39.780602 1
11.1918 13.576633 14.445833 0
-24.8328 71.875648 107.39665 1
2.2500229 -61.388069 38.461784 0
10.816967 63.055984 -52.501068 2
6.15555 47.494751 -27.84865 0
30.137806 73.624435 -10.285091 2
7.7757001 56.091049 -41.531799 4
2.4869349 33.473587 -6.1673369 0
-16.990801 -98.651047 31.712999 0
14.214397 43.376637 -19.048073 0
14.10115 55.804939 -42.18795 4
-9.6732998 -68.249001 42.194298 0
28.602938 86.851471 -9.4647264 2
-39.19035 75.191849 118.09766 1
-11.9648 -92.156151 32.5452 0
7.2445369 -17.537964 33.455849 0
1.8351001 56.434299 -85.002853 3
14.918911 49.382217 15.613854 1
4.7729001 38.422451 -79.1689 3
35.269459 78.759941 -3.8493409 2
10.9059 7.3457999 18.08765 0
-26.788 80.072548 103.7586 1
0.54879999 47.187851 24.188299 1
14.2204 39.707451 -12.9122 0
-6.0865002 -33.274151 38.856899 0
-13.338425 -84.362999 40.676147 0
-10.87965 60.054199 65.867752 1
-16.471352 -97.093651 32.306351 0
8.2803259 63.618237 -92.812881 3
16.641899 72.781548 -25.438801 2
11.213133 11.891983 15.202433 0
-1.0185 52.31295 -82.543098 3
9.4892998 66.209648 -95.668999 3
12.452287 50.375172 29.342403 1
4.1639781 -52.599079 40.393589 0
13.5241 30.94025 -4.0551 0
-11.64995 -80.862045 41.9053 0
4.7217002 43.819851 -20.176399 0
17.862101 60.842449 -48.839802 2
-19.914415 78.402771 98.117683 1
-0.62279999 18.035549 12.2035 0
-1.2585 10.4908 15.7492 0
-18.799725 -100.3775 31.887051 0
-3.4054351 44.605259 -78.92215 3
-17.739674 67.098503 96.70005 1
-42.292702 76.067047 118.8069 1
-11.2056 -75.650047 42.5438 0
14.244312 54.718987 -40.377998 4
5.5503821 -32.036766 40.10421 0
-3.2825501 -3.6912999 26.54055 0
-5.5287452 54.167938 52.632622 1
3.1579249 36.122341 -7.9933591 0
1.865775 30.166176 -2.3364251 0
13.8958 54.192749 35.064098 1
9.8015499 59.360451 51.126953 1
12.641517 27.409887 2.1048391 0
25.604799 84.022346 -12.0222 2
19.9135 62.762085 -39.651699 2
7.687583 -15.45742 31.340475 0
9.1890755 42.440804 -81.625755 3
-45.086899 75.665649 119.3239 1
9.3567009 -4.4485502 26.1675 0
15.340762 50.306976 21.441538 1
27.655548 70.323479 -19.37129 2
8.8380175 56.580235 -42.500732 4
-13.9788 -95.400047 32.232899 0
-12.8901 -85.273697 40.555801 0
-3.97435 42.728676 -77.912109 3
5.32305 -25.1782 38.687149 0
13.614368 47.263908 3.6578441 1
-13.0221 61.11375 73.805199 1
13.326 29.93355 -2.1050999 0
19.016901 62.492226 -43.277351 2
27.126101 68.910851 -22.545401 2
7.3779459 40.162247 -80.142204 3
38.608131 81.83445 -1.176383 2
6.8752999 53.74675 -37.898201 4
13.917552 42.741657 -16.947306 0
21.133097 78.828407 -16.097486 2
-37.478802 81.406548 115.1068 1
18.089451 73.885399 -23.146488 2
-49.496449 79.946396 121.15375 1
3.082442 -57.395073 39.711967 0
15.464 63.107849 -97.457603 3
9.0657501 -5.9365501 26.424099 0
-5.8252368 -38.356663 40.876236 0
1.8291 36.610497 -77.994553 3
15.0251 49.432652 13.894 1
14.597525 52.633202 29.565725 1
3.8605001 -55.565449 40.2085 0
-15.5972 -96.764053 35.9366 0
15.1587 50.757797 22.434851 1
12.9511 25.60475 4.2000999 0
31.609177 89.5158 -7.3244829 2
-1.933046 35.284332 -77.571396 3
-3.3192301 37.406853 -77.525391 3
1.327333 27.889048 0.481933 0
5.2120309 -44.835388 39.68182 0
10.1434 50.543251 31.7013 1
12.170025 65.067352 -43.085751 2
-7.626667 56.262634 57.404297 1
19.28429 76.3181 -19.570942 2
-6.6398921 -52.350079 43.091034 0
-4.8865752 -16.29845 31.62075 0
5.8757 -28.606951 39.671101 0
9.3775673 1.097367 23.762634 0
61.532436 100.53528 -0.45456699 2
-54.3009 77.648605 121.65045 1
47.0602 99.95105 -3.1666999 2
7.4640999 63.062752 -91.394997 3
0.57859999 48.122051 34.7672 1
6.4191999 -40.346649 39.733002 0
48.613197 100.56931 -2.9695001 2
0.086102001 49.394279 41.015282 1
10.0903 61.792801 -56.343632 4
-16.2808 -98.081955 35.209801 0
-27.045986 72.855682 110.28622 1
-7.0366001 -56.905075 44.039177 0
12.7858 70.397751 -125.1808 4
7.4658499 55.62315 -40.849953 4
6.9944139 52.143448 -35.175262 0
-19.372183 -101.44159 31.608316 0
-13.376834 -93.73661 32.268665 0
13.621334 34.101402 -7.9141169 0
-4.3137999 -13.15845 31.183201 0
10.9315 17.28735 12.6274 0
14.898716 74.660095 -124.04373 4
-5.4031172 -21.337234 32.686234 0
-1.824 50.128006 45.130241 1
-1.3866 -71.734848 36.354351 0
2.2081499 67.578697 67.831551 1
14.923651 61.7285 -96.01255 3
12.360367 50.616318 36.547947 1
11.680799 46.939751 -2.3866251 1
3.7455249 -54.433426 40.276474 0
16.017902 70.447693 -27.69688 2
-52.581501 76.876648 121.1224 1
12.096179 50.669792 37.879959 1
11.4495 22.14135 8.3387003 0
15.798542 73.62085 -124.39123 4
-6.3878498 -35.563797 39.852451 0
35.384968 92.667671 -5.8911672 2
42.913727 97.416351 -4.2151999 2
-6.4476881 -45.687439 41.559952 0
14.9975 69.51635 -28.7785 2
-6.3121672 -42.930851 41.057796 0
28.8048 70.668953 -16.674299 2
-13.814899 -91.20755 38.82275 0
-6.3260002 -84.194351 34.464298 0
-2.00985 -73.071365 35.877357 0
-0.4276 -70.729752 35.9576 0
12.001 47.415951 -83.905602 3
1.5287499 -63.767998 37.698502 0
0.889 47.18845 22.8862 1
10.328392 6.3876629 18.991428 0
13.87925 52.812683 -86.650696 3
10.3789 50.581951 36.700199 1
-23.873001 79.049225 101.15225 1
2.4066999 34.651051 -6.8407001 0
-6.3885999 54.343552 53.631798 1
11.619187 50.541962 41.2402 1
-56.357731 79.63427 123.30731 1
-3.2876999 35.901051 -77.914276 3
-1.4155 70.420952 74.617676 1
32.894508 90.675461 -6.7524328 2
-19.044725 78.209236 96.847244 1
20.559896 77.824989 -17.175249 2
12.3874 50.719627 35.135101 1
11.219851 11.210976 15.551775 0
4.4449 45.680851 9.0306997 1
14.086151 37.357273 -11.389595 0
54.626549 94.039101 1.51535 2
18.582701 62.375851 -44.204346 2
8.8263998 60.88615 54.027699 1
4.1925998 40.434547 -11.875601 0
22.2913 64.123024 -31.072451 2
12.068159 64.263664 -46.45504 2
-19.3242 -99.609947 33.5648 0
-13.4188 61.323051 75.487701 1
-36.139599 74.978447 117.0671 1
-40.8848 75.219543 118.6634 1
-10.361807 59.604771 64.66983 1
-8.2047005 -60.154652 43.473778 0
7.330029 62.258247 -90.497528 3
19.666149 77.123344 -18.18058 2
16.623016 60.401627 -50.793648 2
11.605667 57.574116 45.168667 1
-13.1442 61.807098 77.087952 1
51.113762 91.372864 2.5396421 2
-8.1660986 -87.553352 33.258202 0
0.2122 47.905449 29.819401 1
-14.620691 77.208908 92.67205 1
-2.5958481 47.304638 -80.189629 3
-24.993988 79.32589 102.04144 1
2.414706 32.365051 -5.1178942 0
12.6049 48.758049 -84.476997 3
-7.0646248 -55.403328 43.884323 0
16.016378 60.231979 -53.595371 2
6.0862999 39.087448 -79.697777 3
-3.85625 51.73605 48.900848 1
6.9117022 45.745293 1.853448 1
-6.3679171 -34.693932 39.464817 0
8.3343716 -12.761475 29.328987 0
-7.3501501 74.002777 82.847321 1
-13.19195 -86.812698 40.109398 0
29.745707 73.018684 -11.604736 2
-10.73116 75.112663 86.930443 1
-42.215729 80.84462 118.03845 1
-2.890846 51.715469 47.807438 1
-39.69305 75.685799 118.214 1
12.276367 70.933693 -125.02471 4
-10.692326 -78.144852 42.20665 0
56.205826 102.09251 -1.958665 2
-20.3046 69.708946 103.237 1
0.59699601 21.88413 8.2605925 0
12.909451 50.62635 33.061897 1
53.590118 93.417145 1.644817 2
-10.73085 -79.2714 41.902252 0
-34.987778 75.435936 116.59031 1
-9.3660002 57.814152 60.653099 1
-14.451799 -93.279251 37.896698 0
-8.3839874 74.37088 83.576569 1
6.6909108 51.350864 -33.845188 0
7.6495328 -16.874166 32.352871 0
3.2537 39.018951 -10.3812 0
14.334949 67.490997 -31.312901 2
11.1392 20.54645 10.687 0
10.3827 50.921452 25.785 1
14.972034 49.935684 17.871367 1
11.556966 23.008295 7.3596749 0
14.34728 45.579308 -25.610783 0
47.287552 88.109001 2.1529 2
-3.8952 43.374752 -78.178772 3
13.3659 28.357651 0.67360002 0
-6.4240251 -40.245552 41.26305 0
1.0611531 26.864586 1.970338 0
6.1749749 -43.706699 39.7033 0
23.5835 65.394447 -29.659901 2
9.1332502 -0.044149999 24.511799 0
-55.126598 79.753052 123.0113 1
-58.514851 77.745193 123.5418 1
12.153225 72.091225 -124.87477 4
-6.3910251 72.640762 81.18206 1
6.421 63.973652 60.304699 1
13.135394 30.789106 -3.1515629 0
49.7043 89.975548 2.6131001 2
13.351867 55.016731 36.64328 1
10.524433 62.737183 -53.931599 2
13.8336 41.210953 -14.599051 0
28.075071 70.674179 -18.122013 2
12.734881 50.737122 33.763916 1
13.6736 66.82135 -33.714802 2
7.016675 62.402576 57.115074 1
14.54385 56.185303 -90.70105 3
1.95055 46.475502 18.11945 1
13.72165 66.3312 -36.761803 2
45.358856 86.659142 1.600533 2
6.2372999 45.442749 4.4292998 1
55.486099 94.691284 1.91725 2
-60.992599 78.856506 124.4744 1
15.1245 52.515099 -37.259697 0
3.3668599 37.676128 -9.3159809 0
14.582684 44.154015 -21.471001 0
-4.3471222 71.574776 78.595802 1
-15.67605 77.532509 93.754791 1
-3.1159999 71.548904 77.635651 1
39.9147 82.499451 -0.48120001 2
14.8404 56.94495 -91.779701 3
62.337093 101.86489 -1.445358 2
8.1440878 46.406387 -3.4034369 1
13.923829 75.443619 -116.24189 4
-2.0565 70.93885 75.965302 1
-15.104296 63.762215 86.374397 1
-11.6695 76.249352 89.115997 1
11.6725 57.315399 43.826 1
-16.386869 64.649559 90.812729 1
14.583817 48.37326 9.4687204 1
-6.0602002 -26.149349 34.6726 0
10.3373 50.73325 35.712399 1
-10.375244 -72.71785 42.320045 0
-16.2404 64.019951 89.553299 1
14.8264 44.58765 -22.673901 0
7.0300002 -21.544149 36.335899 0
