# .PCD v0.7 - Point Cloud Data file format
VERSION 0.7
FIELDS x y z label
SIZE 4 4 4 4
TYPE F F F U
COUNT 1 1 1 1
WIDTH 1309
HEIGHT 1
VIEWPOINT 0 0 0 1 0 0 0
POINTS 1309
DATA ascii
6.5746002 42.996849 -152.6748 4
-57.369099 -134.16576 -5.4721999 1
-35.794132 133.838 152.20894 0
57.782501 75.052948 -31.4086 5
13.634459 71.58989 108.78326 0
-17.1325 -57.32835 11.5382 1
-2.946238 -35.283005 84.034348 2
-12.454752 -3.867466 -18.181435 1
-2.930825 43.659424 73.677673 0
-39.658798 -96.704147 13.7642 1
17.590099 56.274399 -40.68565 5
8.2796745 21.230751 -114.10588 3
-8.4289494 -8.9603004 50.7925 2
-21.495296 -28.6224 -1.006658 1
14.8996 33.04575 56.450699 0
15.925224 53.000698 89.829697 0
-9.5570002 4.1967502 -105.1684 3
-3.737834 82.666054 124.15637 0
38.856651 59.06395 -27.2181 5
-40.139297 -118.0231 1.5182 1
17.669399 37.720951 -56.204102 5
-33.801575 -73.651718 15.297706 1
1.8828371 3.377835 35.551693 2
-1.8441499 58.4608 100.87585 0
-2.8991499 -20.720949 68.0168 2
-3.780956 29.669289 47.50964 0
-5.66255 -17.55645 -5.6051998 1
-5.362185 27.060608 19.659142 0
1.882262 4.469625 -26.81155 1
15.0647 41.071751 75.933197 0
-12.382727 -41.776001 5.8034048 1
-25.007807 -88.139488 13.068667 1
4.4107618 97.358002 127.36607 0
-2.9909 72.329361 110.85571 0
-7.1869049 19.391563 -110.02595 3
10.889217 84.358002 118.64743 0
42.2887 73.239349 -32.512798 5
-26.674351 -45.719452 9.2892494 1
28.4182 49.824951 -33.070599 5
28.180199 65.684998 -34.838249 5
6.4221001 38.181751 -65.795403 5
-33.048759 -106.33601 5.370091 1
-30.960476 -60.744881 10.110833 1
22.855999 43.264153 -44.210274 5
9.9279003 31.26615 -80.302902 5
-4.7475009 28.145493 33.686218 0
-8.0405998 8.7941494 27.468201 2
2.6694 9.629425 -108.28577 3
-50.622314 -126.50169 3.4410119 1
-20.819225 -69.860695 15.688749 1
-6.9705248 114.08899 139.59814 0
-8.2764997 -29.971951 -0.7101 1
-44.565456 -110.00465 11.059475 1
11.6856 47.299088 -49.815189 5
1.3446 32.007149 -120.4323 3
-4.6243658 23.863516 7.1161671 0
-9.1292248 -0.78493702 40.668396 2
-6.6945 11.04125 -33.5098 1
-26.80995 125.66734 150.24556 0
-15.784375 -11.817268 -9.4444933 1
-2.2591 -9.0190001 -13.66735 1
-3.3917 90.956902 134.10614 0
4.0562 8.8356504 24.5686 2
4.7279 15.19515 -47.522175 1
-36.333275 -85.396347 15.057199 1
48.900799 65.990646 -26.6898 5
-2.325325 -13.72085 58.971848 2
-9.3980894 4.9658232 -24.467745 1
10.603992 19.964399 21.658892 0
-4.2575579 -28.627701 75.416748 2
-28.647705 -97.643524 9.7153111 1
-0.74121702 -2.5638559 47.175781 2
0.83840001 105.32767 133.1969 0
-11.2181 112.9126 148.4783 0
8.6032753 41.056789 -56.769135 5
-2.6461999 21.104851 -49.090199 1
12.5257 33.531151 -71.409698 5
-47.8526 -118.35855 7.9377999 1
15.556601 47.810101 82.260216 0
9.4715004 31.33235 -124.6711 3
4.6693001 35.77615 -74.609528 5
-4.8414092 16.893051 11.998816 2
13.70595 35.100876 -63.108398 5
4.8758998 12.27025 16.863701 2
-4.8670998 15.15705 -40.655399 1
-6.9176002 13.06345 20.4466 2
7.4087 44.055748 -144.5027 4
-0.41326699 52.341782 95.701462 0
13.109449 25.3314 38.554951 0
-3.9354999 32.917149 55.509102 0
-3.0095999 46.327351 81.257004 0
-3.703239 40.686623 66.258072 0
49.971771 75.425949 -31.993725 5
-45.457649 -123.08815 -1.2272 1
-7.5008001 -18.428749 62.291199 2
-2.6768 64.733627 105.32977 0
-52.333 -128.93414 -3.3485999 1
14.96125 30.734249 49.411003 0
-1.526585 -8.2625446 53.221401 2
6.3303499 21.0909 -51.208199 4
-2.2923851 5.0660052 -106.17438 3
14.364366 65.929596 104.62787 0
-5.2659998 27.8519 26.6721 0
15.097349 56.605774 95.9272 0
3.1700001 33.310452 -83.4132 5
-4.0256119 28.585821 40.596581 0
-21.294725 120.55441 150.2869 0
-3.7636001 78.19455 118.4381 0
53.30645 70.663651 -28.3694 5
-29.605375 131.68158 151.34918 0
-7.8596759 -12.74194 55.989868 2
-13.907089 -7.9043069 -13.804502 1
-5.4161 25.52355 13.3326 0
8.1866379 16.981239 7.178 0
9.6926422 18.682384 15.944175 0
14.339025 34.391602 62.192451 0
-1.236358 23.964884 -54.074158 4
31.74445 53.705101 -29.96525 5
-5.366374 -25.38533 70.536545 2
6.4023252 16.092564 -111.4014 3
-37.811298 -91.63475 15.7986 1
-16.181 116.87315 149.93884 0
-17.19545 -15.876699 -5.7635999 1
-10.656225 -36.365799 3.8882 1
-3.1815121 -31.070076 80.257339 2
8.9774246 89.556396 121.37329 0
-21.055201 125.88465 149.0894 0
-19.789434 -23.54636 -2.974061 1
-10.0003 9.7485504 -105.436 3
-30.718 -101.9307 7.3755002 1
-25.2777 -41.100521 6.9523001 1
-7.4943581 8.9905357 -28.505718 1
13.686701 36.484047 70.258202 0
5.7671599 93.29406 124.35603 0
37.307999 71.181648 -32.875099 5
14.06905 27.754501 43.257751 0
-1.1923 -5.5274501 -17.403999 1
3.0899 5.5763502 30.9877 2
11.1057 20.928049 28.314699 0
21.2388 59.472752 -38.3899 5
-3.5822001 -12.91945 -9.7465 1
32.723202 68.640747 -33.869301 5
-19.909 -64.288147 15.4403 1
-9.2174168 15.220846 -107.89047 3
-13.434532 -46.730015 6.3355169 1
-4.1152 37.824051 61.6502 0
-2.67625 -16.971849 62.872349 2
-21.462307 -74.978149 14.815084 1
-33.074501 -68.916901 13.7337 1
25.071095 62.127548 -36.256687 5
-28.210501 -50.735851 9.5747986 1
-29.644951 -55.819801 9.2445002 1
23.8643 44.998749 -39.7929 5
9.9377003 39.62685 -152.1494 4
-45.579781 -114.55826 9.985096 1
10.032892 44.28537 -53.565125 5
3.85655 8.0427494 -29.448551 1
25.403711 47.526646 -35.905891 5
-15.397924 -52.8638 8.7400246 1
-43.1059 -105.19098 11.824367 1
-41.616901 -100.6008 12.167 1
34.946838 56.798443 -28.662582 5
-3.31265 75.717773 114.34908 0
-6.7027869 -21.493662 65.611389 2
12.221849 23.28125 34.573952 0
-31.629494 -64.962967 11.826456 1
3.387733 10.316842 -34.308094 1
13.4818 49.565666 -46.422417 5
-8.9049501 2.2384 37.269753 2
-55.421951 -131.75525 -1.8774 1
-3.0243499 68.371849 107.73285 0
-35.152599 -110.21785 4.0935001 1
-4.6653752 22.21615 2.8637249 0
8.9601994 17.469749 11.4736 0
-1.117538 49.982738 92.106735 0
-25.525999 129.71455 150.90939 0
4.4247632 14.15465 12.736343 2
-35.785004 -80.990204 14.91315 1
0.43344599 -0.77675498 -23.202858 1
-37.964924 -114.62798 2.87655 1
-22.916 -82.129448 13.241 1
15.671392 52.663712 -43.182617 5
-3.6120501 30.645699 51.980202 0
-52.649796 -129.6853 0.76230401 1
15.67395 44.398148 79.513649 0
4.1171999 16.902199 5.91855 0
-9.3972998 -33.315151 1.4733 1
8.8640003 30.049351 -84.412399 4
-18.519699 -19.35565 -4.1360998 1
19.4522 39.854252 -52.978901 5
21.6709 41.916649 -47.819901 5
-3.7509329 85.253479 127.55801 0
4.3977108 12.8344 -110.00691 3
-2.6701751 45.15345 77.403671 0
42.083534 61.699417 -26.474649 5
15.139 35.453449 -59.280647 5
-2.6856999 107.6446 134.37216 0
-3.7442999 87.670349 131.0507 0
45.323414 64.15123 -26.360161 5
-3.1656749 42.599224 69.674026 0
-5.7419 3.3540001 -105.44701 3
0.122025 -0.70273799 43.842949 2
-5.8552999 12.85015 -36.994801 1
-0.82076699 28.843025 -115.27992 3
46.114502 73.852249 -32.215088 5
1.2058001 1.80445 39.219002 2
-3.05019 -25.394217 73.659531 2
11.602925 81.361664 116.31821 0
-8.6716499 6.072 31.9319 2
-4.6320748 23.971992 -112.60863 3
3.358 11.77895 -42.4501 1
-33.162598 130.47675 152.04668 0
14.529387 62.543915 102.12877 0
13.9278 35.652149 65.995697 0
-1.894187 61.775276 102.80331 0
6.1974211 38.999847 -152.16368 4
13.429254 34.10078 -67.723183 5
-0.93016303 55.053341 98.279968 0
-29.975201 127.94215 150.97055 0
14.37255 58.898224 98.828102 0
6.3807998 39.17355 -62.199001 5
-34.6506 -77.51297 15.450325 1
8.47225 27.827 -122.32248 3
-24.116526 122.8327 150.24081 0
-7.8534999 116.52925 142.44521 0
-8.7972622 -6.7990999 47.929291 2
-23.567001 -34.833 2.663517 1
4.4031248 10.29955 21.204475 2
-4.1465001 28.411449 37.106003 0
-3.1889999 -22.7365 70.92765 2
-6.2940998 -20.896717 -4.1206002 1
-49.464851 -123.59657 5.36025 1
-13.082026 120.21 145.0757 0
-7.6390419 -26.869751 -2.1442499 1
11.424812 21.927286 31.524914 0
-14.649687 -49.882259 7.3843369 1
8.7844 24.13685 -117.4121 3
6.7515998 22.36795 -54.5215 4
-0.4903 -3.84355 -20.103399 1
-4.880434 -14.96145 -7.5852671 1
-11.9276 -1.38915 -20.204399 1
-37.3228 -88.436546 15.663 1
9.8065996 43.101486 -152.51753 4
13.184975 75.28833 111.66915 0
-10.305443 2.273036 -22.925518 1
16.2377 49.43885 85.021698 0
0.88449198 1.917063 -25.11821 1
0.1805 6.8893499 -106.9434 3
-23.8004 127.27525 149.82739 0
0.46799999 30.68725 -117.499 3
-8.2544994 -10.904825 53.270599 2
-24.268259 -85.079056 13.015452 1
7.8667002 39.332436 -59.263229 5
5.2526398 36.516708 -71.526596 5
-21.988001 -78.062149 13.9932 1
-1.3384 -4.10395 49.842999 2
-48.434376 -120.9062 6.369875 1
2.7399499 13.87285 -44.819851 1
-4.25565 28.90715 43.76305 0
4.8140998 15.85145 8.6489 2
-22.168266 -31.405596 -0.129775 1
5.7853289 37.214935 -68.664276 5
-32.707413 133.40828 152.31386 0
-24.865601 -38.601051 5.3063002 1
-4.3084669 -30.742886 77.539917 2
9.1591997 43.565552 -142.18619 4
1.885875 103.036 131.50854 0
-4.3372998 21.523376 -0.1383 0
-3.1882 -10.63995 -11.45895 1
-6.6459999 103.98625 143.7299 0
-6.0507002 21.758751 -111.4537 3
-5.4315 26.21945 16.829201 0
-27.45425 -95.27475 10.9384 1
-3.671416 -33.485184 81.709312 2
-5.088944 -27.400902 72.986916 2
-20.799946 -26.069473 -2.0202999 1
11.581291 32.672428 -73.939415 5
-13.660533 -5.6625161 -16.3001 1
20.575405 41.189964 -50.560669 5
-9.4791012 7.0147972 -105.09596 3
-4.178 109.58805 135.7296 0
-5.3239002 28.17495 30.946751 0
16.125412 51.233139 87.16423 0
-5.2666998 24.62565 10.1863 0
56.167023 72.940399 -30.081551 5
-55.486969 -132.05678 -4.6445332 1
4.1417999 35.14185 -77.250702 5
2.6702499 8.87675 -31.8843 1
3.3404329 99.240829 129.08502 0
3.2548001 35.06905 -124.7298 4
-9.1156006 -3.8559999 44.191849 2
3.7100551 11.439531 -37.052559 1
-32.644779 -104.05786 6.7599368 1
-7.05617 9.9533644 -30.981337 1
-4.2993999 16.77795 -42.716003 1
-36.949356 -112.18758 3.8819499 1
0.50339597 0.54758197 41.511066 2
-3.7967751 39.382214 63.928238 0
-13.0304 114.69611 149.19334 0
-1.734367 -5.9488502 51.689667 2
-7.6095748 10.309825 25.335724 2
1.2939 11.18805 -40.756901 1
-8.8455248 3.4628501 34.939697 2
1.9168 4.1726251 33.044899 2
-2.0494201 -7.1946301 -15.532984 1
-47.408203 -124.80965 -1.66625 1
1.5343 21.58305 -55.833302 4
13.418112 26.848625 40.662762 0
3.7344999 34.064873 -81.007851 5
-2.8346 26.79425 -113.9897 3
10.415033 31.146551 -76.856636 5
9.1938906 33.402733 -126.41658 3
27.133251 63.423164 -35.5327 5
14.53365 33.844151 59.684402 0
-12.779087 -44.269478 6.0103002 1
10.276294 19.375029 19.173706 0
-43.595299 -121.56505 -0.064499997 1
10.992981 45.847088 -51.744499 5
-3.9491999 81.111954 122.2009 0
-5.4061871 102.39152 142.01736 0
-44.391548 -112.24487 9.9786844 1
-50.248016 -127.19386 -2.910141 1
-7.2247219 11.750494 22.592457 2
-41.909901 -119.89815 0.66659999 1
-2.8808999 76.971046 116.443 0
-3.3398499 93.027557 135.74126 0
-2.6716001 18.703949 6.4861341 2
-3.1043 70.361252 109.1684 0
-29.3531 -99.855553 8.4879999 1
4.9777002 26.907551 -32.4216 0
1.23615 7.6040502 -36.19215 1
14.489799 68.019257 106.27405 0
4.1173248 11.362576 19.08745 2
-1.6906 -10.111425 55.037399 2
-2.0801001 -12.32015 57.098251 2
-1.4224499 49.171333 89.761307 0
-1.4416831 47.867733 87.234482 0
-3.136821 -28.71183 77.502853 2
-17.713301 -59.16835 12.866933 1
7.6395998 19.143049 -112.7791 3
14.626717 60.654686 100.7586 0
-11.215571 0.469165 -21.758101 1
-6.1605 14.47705 17.5588 2
-51.1679 -128.21484 1.9243 1
-3.5695 79.811249 120.0992 0
-3.0006881 20.008114 -46.110405 1
-22.881725 -33.102821 1.215575 1
52.21035 75.635696 -31.66485 5
-11.1753 -38.356651 5.2048001 1
-7.7680001 -14.23105 57.684799 2
-6.0691252 115.33232 141.23351 0
7.7328 43.971352 -147.2516 4
-3.9412999 17.782551 9.7242002 2
-7.8076 -16.819349 60.791901 2
14.1265 69.728951 107.619 0
-5.5051498 15.5323 14.80095 2
-33.358864 -71.249084 14.517695 1
6.1445999 18.960051 -49.393799 1
-1.634035 19.67297 2.980391 0
50.231174 67.654854 -27.135782 5
-54.1763 -130.64516 -3.635138 1
-3.6528001 30.14085 49.647701 0
4.7781758 14.84824 10.576395 2
-24.31295 -36.482151 3.85905 1
55.589897 75.081604 -31.558701 5
-26.013687 -91.675285 12.429874 1
-4.012311 36.558048 59.908474 0
18.59549 39.042755 -54.768288 5
-5.2564502 14.12015 -38.821747 1
-6.86765 -24.7785 -2.8808999 1
-5.3285999 27.673149 21.9235 0
-9.008606 -2.202553 42.428024 2
14.8116 29.91235 47.4687 0
-8.9352751 -5.32195 45.966 2
-8.5942974 6.8464799 -25.759747 1
40.306389 60.629295 -27.060875 5
-39.049976 -116.28447 2.2007 1
-16.5609 -14.16495 -7.0184999 1
-34.437599 132.10831 152.30466 0
-2.8032 46.897751 83.252403 0
47.970402 74.95945 -32.249599 5
14.279946 34.951096 -61.096172 5
-3.2267001 -26.855749 75.605698 2
37.031876 57.638977 -27.77305 5
-10.0154 -34.831951 2.7154 1
-3.7439439 34.474457 57.134346 0
33.5429 54.939949 -28.9744 5
13.978517 64.296356 103.3197 0
8.6487999 25.43655 -119.4635 3
14.87985 31.675724 51.192226 0
-6.1181769 11.9389 -35.21788 1
-3.6925001 31.736151 53.791199 0
-56.792648 -132.85095 -3.3578 1
-18.933599 -62.100849 14.4809 1
-4.0707002 21.194349 -2.0804 0
51.6021 69.101753 -27.5889 5
15.40775 42.416397 77.48735 0
-17.859776 -17.52935 -4.9207249 1
-28.457663 126.7299 150.69754 0
4.9660501 14.56661 -110.70343 3
-3.66855 43.120102 71.485001 0
54.736237 71.917664 -29.239466 5
-16.973837 123.35527 147.50256 0
-25.300833 124.37682 150.30151 0
-6.7136912 -22.938665 -3.567153 1
-14.791025 -8.8751755 -12.3743 1
-5.2610002 27.99725 24.368999 0
-3.7700911 83.795853 125.82423 0
44.243469 73.379791 -32.306519 5
-3.2072001 45.793949 79.226997 0
-8.6497002 4.5223498 33.344501 2
14.381159 28.667601 44.91095 0
-3.0455451 41.49855 68.113731 0
-6.129437 112.48912 138.37997 0
-46.420677 -116.06187 9.192831 1
13.8003 34.24295 -65.805397 5
-0.1098 53.699749 97.024994 0
-9.0904999 117.40775 143.56371 0
1.6375999 2.23015 37.399799 2
29.393801 66.957848 -34.1619 5
-3.383075 44.518326 75.279579 0
13.0306 34.129349 -69.708878 5
-1.825125 22.913401 -52.642899 4
14.7625 33.083149 54.5858 0
-49.847149 -124.82567 3.7199309 1
11.258 82.933952 117.5002 0
8.2522497 90.96859 122.34905 0
14.006076 35.302551 64.048836 0
4.0695171 34.498718 -79.229591 5
6.6275001 38.367477 -63.851898 5
3.0385001 21.232651 -46.972698 4
-48.750698 -126.07372 -2.5105 1
-0.13689999 25.34635 -55.078148 4
-4.0781999 29.04805 45.600101 0
26.6973 48.234901 -34.80085 5
10.726142 20.23951 23.596209 0
-19.823437 124.45456 148.7955 0
14.7542 39.608849 74.457603 0
-19.415262 -21.809521 -3.4106629 1
3.751931 9.23841 22.542677 2
3.227 14.75395 -46.340698 1
-15.630462 -13.297195 -8.378005 1
-11.938797 -39.988541 5.4601221 1
-31.665112 131.948 152.02332 0
-5.1721501 113.8981 139.46225 0
-7.6735001 8.101716 -26.9415 1
-7.5224128 3.3491001 -105.16272 3
8.2230387 26.62793 -120.74491 3
-3.1675501 -29.914299 78.842499 2
3.7565 11.06855 -109.1941 3
-3.6791401 -21.896297 69.134109 2
-15.314775 -10.439275 -10.798 1
-32.6479 -66.636749 13.0356 1
-2.3928499 -14.959249 60.263298 2
5.6027002 17.794451 -48.013302 1
31.070101 67.979149 -33.884399 5
7.085475 17.596874 -112.04823 3
-31.520901 -62.324551 10.7169 1
9.4694996 18.08395 14.2806 0
14.110451 37.662453 71.937149 0
-6.3489251 -22.692587 67.037704 2
22.9366 61.04335 -37.129101 5
-25.70335 -89.958153 13.02145 1
-9.8750334 11.518083 -106.12714 3
-1.2375 56.446602 99.306999 0
35.584599 70.263451 -33.2579 5
15.64975 54.202076 91.6707 0
10.89185 20.809525 26.580616 0
-37.273418 -90.10817 15.158834 1
1.3856 8.6945496 -37.5742 1
13.799666 35.636791 67.954468 0
10.9731 31.993902 -75.416519 5
10.901325 21.612175 29.896351 0
2.5941 100.68059 129.75603 0
-4.6072001 28.14905 38.969002 0
-3.286675 95.382599 137.79457 0
10.072294 31.059174 -78.545593 5
-3.3168001 74.400948 112.6785 0
-4.0853672 -32.508118 80.093803 2
3.63625 8.1604004 26.129299 2
-3.2744999 -19.495449 66.744102 2
-28.67355 -52.38435 9.0455513 1
-4.748703 -13.83692 -8.9232807 1
-4.7528119 22.864151 5.3706498 0
-39.024773 -95.598099 14.876375 1
-8.4902992 -7.83991 49.221703 2
-26.862 130.72095 151.08385 0
6.6510329 92.356354 123.11496 0
9.8262749 41.297447 -152.25146 4
1.07355 31.26145 -118.9556 3
16.203501 36.148651 -57.951698 5
7.6279001 38.961884 -60.865433 5
2.138207 5.8726001 -27.660101 1
14.608475 57.528252 97.266464 0
12.7159 48.674149 -47.689251 5
-27.618099 -49.146549 9.6112003 1
-4.7948499 27.945299 35.659 0
-7.4163752 105.66555 144.53134 0
-53.9571 -131.30064 -1.008 1
-2.7883 -16.235149 61.377201 2
5.3459129 35.893555 -73.044235 5
-2.2036669 21.580301 -50.592316 1
13.985 50.571251 -45.127201 5
-24.369301 128.67445 150.4296 0
4.88485 13.380501 14.355551 2
-3.356271 18.097103 8.1979504 2
-34.146652 134.15109 152.22165 0
-25.06115 -86.488754 13.1222 1
22.546 42.686852 -45.692699 5
-30.5252 -59.014549 9.7166004 1
-13.368684 -6.48665 -14.945274 1
-7.8688502 -11.651194 54.646805 2
-26.792324 -93.872498 11.664949 1
30.676033 52.608761 -30.731308 5
-4.7361341 16.039017 13.356033 2
-14.9311 -51.497749 8.0351 1
-4.0440731 28.929638 42.164665 0
-17.993299 118.18795 150.1846 0
-42.052551 -102.14225 12.30395 1
-33.873802 -107.66945 4.9049501 1
-21.928036 -76.478653 14.534595 1
10.2545 85.935852 119.6257 0
-4.9831252 24.18815 8.6812754 0
-3.8067 18.034451 -43.990299 1
-6.4551721 13.468229 18.98299 2
24.0443 45.714401 -38.393852 5
-1.022625 5.9370999 -106.536 3
-9.5828505 13.3532 -107.03465 3
9.0635004 29.970449 -123.6088 3
-2.0427001 19.32725 4.8896999 2
-35.208599 -79.326752 15.1669 1
2.5256879 33.11525 -121.41565 3
23.250099 43.720348 -42.652599 5
-21.183399 -73.457047 15.114 1
-2.686974 20.580004 -47.610268 1
-20.91185 -71.566696 15.4499 1
-26.550318 -47.240891 8.9446163 1
-1.180686 -3.4395111 48.438171 2
-0.33520001 -1.23475 45.654701 2
-2.7224 -18.48625 64.887199 2
14.7739 33.45155 58.198601 0
18.764851 57.185799 -40.096424 5
-3.0088429 -34.053074 83.0868 2
8.3256493 43.418648 -152.17285 4
-15.7464 -54.180298 9.4825497 1
-4.6993999 101.0355 141.73459 0
8.9059496 40.098499 -57.9473 5
-8.1378002 18.349983 -109.38712 3
-8.8434 16.60885 -108.4803 3
-20.152817 -65.94165 15.576651 1
3.2243659 6.710525 28.892731 2
40.986576 72.418274 -32.539276 5
-14.2956 115.4915 149.5609 0
-5.6919198 -24.308071 69.121643 2
4.7193999 27.678049 -51.9244 4
-25.753201 -42.302952 7.7804999 1
-6.9827499 10.8867 23.837349 2
-29.2292 -54.348949 9.1103001 1
34.1544 69.220047 -33.7878 5
-4.0971498 -31.61562 78.849884 2
-6.1882672 20.239267 -110.81029 3
-22.2621 121.86494 149.978 0
2.3498001 7.1979499 -28.8594 1
-36.993042 -86.859314 15.416065 1
-48.352577 -119.65525 7.3385 1
24.623707 46.620293 -37.202644 5
23.6647 44.49715 -41.2038 5
53.715099 75.687897 -31.608749 5
-5.9070001 -18.961575 -4.8866501 1
-43.601151 -106.59885 11.64135 1
-38.032578 -93.27829 15.610369 1
12.6804 24.15485 35.788048 0
-14.293449 121.5269 146.05591 0
-1.7505 -11.13585 56.126202 2
16.36405 53.805374 -42.344452 5
-3.0332329 -32.090683 81.329369 2
-5.8195672 14.783923 16.063421 2
-12.3896 -2.8285 -19.307283 1
15.728937 52.113773 88.288902 0
-7.310595 109.97621 146.27383 0
0.74281698 0.39419201 -24.053759 1
-10.051838 118.86522 144.13171 0
-23.547562 -83.802124 13.165563 1
12.162075 33.462223 -72.836174 5
-37.141403 -113.4337 3.1177499 1
-3.5818999 88.636047 132.14771 0
57.137897 73.907722 -30.612867 5
27.4212 49.034649 -33.801498 5
-18.546 124.52335 148.0787 0
2.9944479 11.057756 -35.832321 1
-3.8115499 4.345233 -105.62141 3
5.0233002 96.346748 126.4033 0
-7.539434 115.32275 140.84561 0
-4.6715002 112.81432 138.62035 0
-6.3592319 10.362473 -32.260536 1
-42.484421 -103.65218 11.998468 1
-4.6085 -29.85055 76.124603 2
-2.2915289 71.209915 110.02694 0
16.2019 48.20145 83.588501 0
-18.142733 -60.361385 13.578732 1
-18.422865 -20.805468 -4.1341119 1
-25.950966 -44.232014 8.9814339 1
13.052163 76.464287 112.50217 0
38.674 71.653648 -32.824902 5
8.8929996 38.29805 -152.31171 4
-56.452187 -133.06464 -5.008287 1
-5.0729499 -16.4051 -6.5095 1
-9.9988003 3.60655 -23.695299 1
-0.95429999 57.658176 100.02583 0
9.6464996 31.03195 -81.690247 5
-1.409667 48.750305 88.364853 0
21.165863 41.555336 -49.11705 5
14.8211 51.686272 -44.032547 5
12.4077 79.49765 114.7993 0
-22.511024 126.10626 149.30484 0
4.5619621 16.203314 7.2528858 0
-6.7369828 11.877525 21.221058 2
14.532875 29.338699 46.194397 0
4.4345889 12.868917 15.604667 2
-0.044367 7.503509 -35.536995 1
-0.037349999 29.90885 -116.39799 3
-2.5801499 73.352951 111.75365 0
-19.191401 118.95045 150.25999 0
-2.81025 78.924698 119.1978 0
1.719 103.9207 132.60736 0
-28.190424 -96.470787 10.370204 1
-4.9048901 27.963024 32.288322 0
-3.2329381 94.244751 136.84492 0
-24.9454 -39.785843 6.0784831 1
-0.80157501 -4.8373752 -18.77795 1
-13.225794 -4.6583781 -17.305 1
-44.19265 -108.29468 11.3832 1
13.6813 72.865448 109.656 0
-3.9971001 35.416176 58.488049 0
-5.4797502 111.3457 137.28189 0
2.633795 8.6049633 -30.25108 1
-2.3327 69.425453 108.3684 0
1.556496 102.00037 130.62537 0
-12.039351 119.2665 144.15439 0
-40.461685 -97.829536 13.185733 1
-47.2477 -117.24285 8.5200996 1
46.64315 64.585777 -26.290676 5
-16.3386 -55.808552 10.6959 1
-1.613422 106.52103 133.58208 0
-20.568083 -68.0326 15.734334 1
7.2347751 38.088501 -152.05424 4
-5.0815911 26.802025 18.146917 0
-14.01916 -48.741791 6.8151698 1
8.9419498 42.077126 -55.811653 5
13.8777 27.588949 41.781799 0
15.991024 46.394753 81.591827 0
9.5718002 87.756126 120.45544 0
22.544321 60.026196 -37.955799 5
-31.635 -63.599449 11.716367 1
8.8763332 32.408432 -125.53333 3
0.33939999 -0.38615 42.496201 2
9.0783997 30.42605 -82.9963 5
-3.6925001 86.801949 129.99989 0
-20.024799 -62.66135 15.0707 1
-53.529949 -129.3858 -2.8889501 1
9.2746677 42.90377 -143.36649 4
-53.126747 -130.36708 -0.480241 1
-6.0133748 103.44107 142.62486 0
-30.070267 -57.661785 9.4255667 1
2.8408 4.8709002 32.167351 2
-32.626717 -105.11597 5.9188828 1
-3.7939661 100.43625 140.56099 0
-8.4201508 6.706892 30.76955 2
-1.3999 -6.5629501 -16.5291 1
13.008975 35.740623 65.00322 0
13.9626 34.28215 -64.142197 5
20.442801 58.68185 -39.1283 5
-5.3779998 26.22695 15.4871 0
-28.1623 131.01706 151.2094 0
6.1367002 40.410252 -152.37254 4
-3.4608951 108.32669 135.22433 0
-4.8664999 -28.407633 74.247299 2
13.38385 26.368423 39.419724 0
-0.181161 -1.596294 -22.349733 1
-3.2948649 -28.066578 76.152672 2
-34.61013 -108.74388 4.6235881 1
1.6411999 2.6939499 -25.881399 1
12.067462 47.999714 -48.758167 5
-4.4696808 23.032661 4.054306 0
-44.690868 -122.31382 -0.48256701 1
-1.8812 108.29345 135.1929 0
-3.0302629 19.024668 -45.001167 1
43.3396 62.089222 -26.374825 5
-0.68959999 51.39315 94.587502 0
-49.167984 -122.23122 6.113049 1
-41.112251 -99.315498 12.55375 1
-32.261463 -67.880692 13.148867 1
-36.461151 -83.919495 15.1417 1
11.804784 22.642317 33.010906 0
-9.3269567 5.7206969 -105.14056 3
-3.0060711 80.370819 121.28635 0
13.37098 36.417 68.903839 0
-28.826099 -98.820053 9.0724001 1
-2.8 65.748451 106.1326 0
-3.9958 17.17915 11.0546 2
-13.3297 -45.42065 6.2309999 1
-8.4270992 -10.02865 51.990898 2
-3.441 77.806168 117.25048 0
14.579875 59.665825 99.934326 0
-45.125 -113.1572 10.5078 1
-31.394199 -103.05045 6.7684498 1
12.990718 25.032051 37.313114 0
3.29375 33.51685 -82.155853 5
25.755919 63.10928 -35.80957 5
7.8397002 20.237749 -113.4048 3
-8.5378437 2.7900441 36.178558 2
2.5490501 11.586149 -41.484348 1
3.995846 98.252411 128.17334 0
-44.823101 -111.25205 11.0429 1
-2.5946 62.53775 103.7693 0
-2.8727901 31.567751 52.641159 0
-8.4954824 -4.398252 45.212059 2
-10.021524 118.06105 142.9606 0
16.668991 37.264675 -56.838387 5
-41.106983 -118.89339 1.155604 1
-4.6076999 110.64585 136.50929 0
9.1880875 17.785975 12.730974 0
-7.0541749 -20.403225 64.547836 2
5.2163 36.788448 -70.283997 5
23.964573 61.608665 -36.655144 5
15.8292 45.240749 80.439003 0
14.5164 66.845551 105.4809 0
-17.998987 -57.892075 12.415968 1
-30.7875 131.26566 151.2133 0
-4.6410999 21.930801 1.3728499 0
15.241344 55.457989 93.548607 0
-2.231683 47.850883 86.257263 0
-3.4677629 90.16098 133.12253 0
35.82534 57.653107 -28.396259 5
1.900758 8.8342505 -107.69505 3
-3.1452501 40.024651 65.150757 0
44.295074 63.127262 -26.33913 5
8.7630014 17.178551 10.08445 0
15.28005 55.949501 94.839798 0
27.5578 64.760452 -35.387001 5
2.288975 3.798275 34.457039 2
-30.140701 -100.84755 8.1668501 1
-5.2609668 27.870916 27.911034 0
13.725 68.849449 106.7819 0
-8.9074831 -31.705326 0.47683099 1
11.234142 46.611656 -50.804176 5
-20.26 -24.725849 -2.3935001 1
-1.9851 -8.0617504 -14.3943 1
5.565671 94.860153 125.24953 0
3.1505749 9.7972498 -33.219849 1
-11.552883 -0.58925003 -21.147299 1
14.248538 40.575661 75.066139 0
4.5124002 14.66885 -46.434898 1
-3.359983 91.870621 134.92307 0
34.525703 55.609749 -28.680351 5
-7.1500468 9.2712317 -29.96834 1
-9.6925173 8.2201834 -105.10722 3
13.352674 74.395523 110.8499 0
-5.3084369 22.849564 -111.99458 3
9.9997673 20.08028 20.594913 0
-3.9243419 24.953625 -113.07953 3
-23.147251 -34.176018 1.726133 1
49.223755 67.0326 -27.415981 5
-33.655151 -72.40715 14.9594 1
-4.9764051 13.356479 -37.662918 1
-2.8448 66.760452 106.8159 0
-1.862238 22.133459 -51.714085 4
14.259151 30.687517 48.422455 0
-31.11755 128.8356 151.2578 0
29.227688 50.962349 -31.953411 5
14.863649 32.257751 53.707298 0
-5.070538 27.814636 23.189339 0
20.1931 40.474548 -51.769299 5
3.7709751 14.1018 -45.398125 1
25.758545 48.653442 -35.549843 5
-5.2255998 25.46945 14.5168 0
-0.8064 50.68705 93.3507 0
10.360915 45.069138 -52.718685 5
-7.767561 -14.962269 58.634644 2
-3.2263751 -26.027225 74.740173 2
13.391375 37.365318 71.007263 0
-11.281746 -37.009743 4.6747541 1
-3.434885 37.215088 60.719215 0
-20.343399 119.83792 150.25839 0
-7.6278191 7.0194492 -26.451895 1
-46.427685 -123.69888 -1.644183 1
3.08305 34.345398 -123.25525 3
8.561904 22.210091 -114.71691 3
-21.140026 -27.128448 -1.6076 1
-2.9887249 109.42088 135.98465 0
-8.8868752 1.387325 38.091454 2
-2.3294001 60.151649 101.98 0
-3.3231249 43.639397 72.565796 0
-57.303551 -133.78011 -4.3606 1
-5.3171 25.11725 11.9394 0
47.492352 65.355698 -26.561699 5
-7.574954 -15.934845 60.006008 2
-3.418225 76.360214 115.32934 0
8.3475657 17.036917 8.341567 0
-24.101091 124.16489 149.92772 0
-3.7335501 81.832253 123.13264 0
21.87397 42.46624 -46.630787 5
9.8571997 84.906647 118.5305 0
-27.086575 126.87714 150.27451 0
-3.5594001 30.13755 50.8153 0
-35.894165 -111.11136 3.944454 1
-8.8369999 6.0148501 -24.9755 1
-5.0539122 28.25415 29.812975 0
-26.596283 -92.638794 12.119834 1
-23.548035 -36.074623 3.077404 1
-8.6240826 -5.8383031 46.963245 2
-49.184647 -124.42725 4.5936999 1
14.948387 31.910332 52.326591 0
0.1125 105.93401 133.8674 0
3.35447 12.08993 -38.07671 1
-22.288738 -79.328224 13.750025 1
-3.22335 -24.427349 73.028748 2
-7.8357539 -28.031933 -1.707671 1
-8.8989849 0.16962899 39.735634 2
-2.5943 63.633923 104.5394 0
-7.8513579 9.6543407 26.414742 2
-22.26095 -32.374905 0.48130199 1
10.6254 42.04575 -152.60049 4
16.966991 54.655083 -41.808407 5
-34.341301 -76.383949 15.652625 1
-15.167392 116.41 149.67709 0
-3.6735799 33.797882 56.190506 0
4.9660001 14.59515 11.8306 2
14.622175 61.60585 101.48169 0
-3.6989999 84.346848 126.8666 0
9.7868118 43.377453 -54.46265 5
14.0289 28.806049 43.820099 0
2.9277461 6.1273131 29.823574 2
-3.324806 36.226822 59.06691 0
4.3659501 13.179575 13.366475 2
-5.3071079 27.184235 20.901751 0
-3.4427121 85.973137 128.46985 0
-7.2376161 -19.091 63.169361 2
50.753399 68.271851 -28.154699 5
10.043854 40.467415 -151.40488 4
5.2793002 13.44835 -110.34935 3
-33.992867 -74.863815 15.557988 1
-1.50465 107.30735 134.53995 0
-56.159752 -132.29495 -2.6145501 1
-10.9054 1.15365 -22.592501 1
3.418309 8.6595097 23.444233 2
39.75605 71.948555 -32.803658 5
9.1611786 19.020325 14.815044 0
-51.334198 -128.08328 -3.3180749 1
-8.1097155 7.8492908 28.857962 2
36.8395 70.506447 -33.643299 5
-7.503932 -25.713587 -2.565038 1
6.0168748 15.120825 -111.0092 3
-27.082825 -48.088696 9.4379749 1
0.814933 103.37304 131.37286 0
-3.017056 96.434372 138.04935 0
13.36955 34.868626 -64.881973 5
-2.5957 -10.26735 -12.3889 1
-0.177175 -2.9751251 -21.212175 1
-4.3679161 15.958916 -41.623085 1
-6.4188499 -19.788349 -4.3469501 1
-24.310801 -37.538551 4.2600999 1
-19.027937 -61.092056 14.031457 1
2.559305 31.956236 -120.84045 3
-3.4250309 32.602898 54.578178 0
-8.3646002 115.75515 141.84509 0
56.676899 74.903053 -31.5089 5
10.5373 20.20945 24.745199 0
-17.13615 117.51585 150.04489 0
-12.853371 -42.85582 6.1405878 1
4.3438001 35.412003 -76.209953 5
6.8308001 43.348251 -143.89609 4
-2.9175 -33.158852 82.430397 2
-21.436249 -72.476952 15.74815 1
1.594467 2.92518 36.502003 2
14.13875 63.512253 102.57785 0
9.7408209 18.746929 17.042755 0
-22.673424 -80.538239 13.617808 1
-2.6975501 -17.674351 63.70195 2
12.6346 78.275047 113.9132 0
-6.8157749 105.13385 143.5405 0
-3.0176411 -19.453949 65.690903 2
-23.38175 128.31168 150.16801 0
-1.8650301 27.35577 -114.52814 3
13.947166 65.146156 104.00577 0
1.1062371 7.8282619 -107.33525 3
4.99475 16.385223 -46.521599 1
-4.6402979 28.07078 25.554449 0
16.069349 50.592175 86.230751 0
-7.967896 -13.451683 56.797421 2
14.21945 34.627144 -62.122726 5
-4.7363501 3.8002629 -105.7202 3
-2.234375 19.060076 3.7444799 2
7.8814502 16.36285 4.9386001 0
-2.3612771 -13.111655 57.92025 2
39.393272 59.994331 -27.164352 5
-35.2724 -80.020653 14.3434 1
-3.750108 41.256691 67.338234 0
13.624149 70.538071 108.1172 0
9.3202372 31.409363 -79.237633 5
4.3869529 15.444411 9.7777328 2
0.36210001 6.7501502 -34.898102 1
-10.710027 -35.259064 3.4044421 1
12.1946 77.209251 113.0224 0
6.6574998 21.7001 -52.140099 4
-23.802734 -82.771881 13.206661 1
-30.505564 -61.675739 10.54635 1
-11.412838 -2.242744 -19.466879 1
-7.4714532 -23.628355 -3.2922981 1
30.7407 67.017952 -34.5527 5
10.47436 21.467716 27.396904 0
-0.2978 -1.95145 46.430099 2
-34.9319 133.23006 152.17841 0
4.6131001 27.858549 -53.077 4
-33.361401 -70.083946 13.9754 1
-7.8762999 106.73005 145.242 0
-9.1380358 14.240022 -107.5133 3
-2.9496 -20.474951 66.994003 2
3.3947189 7.4224381 27.427803 2
-3.663625 42.028076 68.943771 0
-3.3269169 44.911335 76.61808 0
-0.92455 23.365349 -52.944649 4
-3.63745 28.610327 39.583122 0
-16.872799 -14.976101 -6.4284501 1
5.6961002 38.873451 -62.934898 5
-12.747433 -40.732216 5.5504909 1
-52.013901 -128.77606 1.6691 1
-14.614658 -9.8937817 -11.634828 1
54.036987 71.26535 -28.813833 5
-0.56709599 -1.400719 44.652927 2
-54.631977 -130.84407 -1.655275 1
-51.156601 -127.3405 2.8822999 1
-14.13449 -7.1363168 -14.678899 1
31.902193 67.577568 -34.356312 5
12.01279 33.829685 -70.559181 5
-3.0355921 -22.155251 69.903397 2
-38.4174 -94.710846 15.200726 1
4.3521118 34.83606 -78.262955 5
1.3999 5.3965502 -27.116699 1
-8.5877857 3.7835381 -105.35381 3
10.12369 20.632315 22.856859 0
5.8237419 37.483139 -67.430481 5
0.064300001 28.937799 -116.0643 3
-29.6378 -56.71085 9.8132 1
46.977551 74.720673 -32.370899 5
4.2818251 11.848724 -109.60797 3
7.9197249 27.439554 -121.29572 3
22.0312 43.37315 -44.972099 5
8.5625582 23.45665 -116.17516 3
18.009375 38.374092 -55.490032 5
-3.6315999 38.556149 62.177601 0
-2.904125 -23.731075 71.82312 2
8.9357004 25.066351 -118.5564 3
6.3446002 20.11775 -50.238602 4
6.5046 23.230551 -55.0065 4
-34.622799 -78.69735 14.619659 1
-2.6935 47.41555 84.872002 0
-23.051701 126.64375 150.10196 0
8.7040005 43.981548 -146.1584 4
-11.0835 119.02365 143.9081 0
19.5369 57.76545 -39.784599 5
-9.0028353 -30.700563 -0.104428 1
7.8587499 16.68955 6.1346002 0
-6.0971632 11.471362 -34.321083 1
-36.3918 -82.912903 15.0765 1
-54.987152 -131.22992 -4.3509998 1
-6.3547001 -21.872215 -3.870934 1
19.062077 39.614651 -54.080799 5
1.643278 3.6427281 -26.290466 1
-9.711834 -34.049652 2.0844331 1
-1.380533 -6.827033 52.027832 2
-22.685202 -77.342781 14.0728 1
-3.6599779 -30.711056 78.305756 2
14.530399 34.91275 -60.126152 5
12.002113 80.209045 115.37746 0
14.4219 33.695503 55.855999 0
2.9426 13.17775 -44.1278 1
-28.523491 -53.370766 9.1325636 1
-3.7182 21.825951 -0.86479998 0
-1.2984999 -5.128417 50.528271 2
-3.1159501 -11.5732 -11.1185 1
-13.988678 -8.6094713 -13.107567 1
-27.405193 -50.304813 9.0500708 1
-14.199969 -47.279633 6.651103 1
-8.7952499 5.3673 32.84235 2
-3.2165999 75.155823 113.53643 0
6.1115251 41.396576 -152.48108 4
55.4445 72.29232 -29.877008 5
-50.231598 -125.83855 4.06635 1
32.598473 54.028374 -29.578674 5
-2.9136419 95.249352 136.88583 0
41.536598 73.244553 -31.8675 5
-1.2126091 27.989788 -114.9204 3
-2.2739 -11.29465 55.296101 2
-6.0528002 -23.397051 67.926201 2
-5.2830248 -26.757874 72.2612 2
-32.306602 -65.451004 12.44365 1
5.580277 18.497574 -48.726494 1
-2.8855751 45.441727 78.324547 0
35.225174 69.531433 -33.816086 5
-25.813299 -43.25975 8.4440002 1
-8.6405258 -8.5471134 49.921513 2
-8.2014999 117.21139 143.0675 0
-12.805173 -5.262579 -16.585745 1
41.290001 61.114651 -26.513 5
-3.3273001 28.962635 41.489117 0
29.720367 51.718353 -31.4844 5
-33.58585 131.36423 152.10405 0
15.7923 53.63295 90.801903 0
13.00315 72.44175 109.0816 0
-23.15143 122.23285 150.17902 0
7.1826439 38.767372 -61.801346 5
-3.1789789 -30.784723 79.318321 2
43.268631 73.294113 -32.323414 5
-42.775078 -120.86215 0.17792501 1
-3.1493731 25.944281 -113.6267 3
28.521601 65.14315 -35.574902 5
-6.4059358 -20.621977 65.243843 2
-0.749192 54.348148 97.630547 0
-49.6684 -126.43005 -1.99725 1
-9.378747 12.437015 -106.69864 3
-3.717 28.921951 44.574951 0
7.586525 42.88295 -152.5083 4
-30.9816 -62.966049 11.3737 1
8.2880497 39.134628 -60.115211 5
14.208775 34.6875 63.326099 0
-56.314148 -132.36621 -4.24405 1
-1.212669 -4.0134578 -19.47929 1
-38.67115 -115.44185 2.4821501 1
-39.508266 -117.08652 1.9263 1
0.94260001 1.40895 40.361401 2
-3.11605 42.625961 70.661491 0
6.0202999 93.010452 123.4722 0
-8.795475 4.3674002 34.282051 2
-2.5786619 46.665337 82.347488 0
-4.0873971 22.542442 1.918119 0
28.493587 50.629684 -32.475815 5
14.865974 57.872799 98.124702 0
-8.7949305 -1.401454 41.562145 2
13.488603 34.171852 -66.768906 5
8.2939501 90.018349 121.8613 0
-5.297358 15.361351 13.881676 2
1.0724421 30.452385 -118.20328 3
-3.2004001 -20.983549 68.884903 2
-2.6146729 45.922806 79.962616 0
-8.2240868 -28.813961 -1.3263251 1
8.1262751 39.749252 -58.368103 5
-3.18835 -15.4809 60.657127 2
44.93565 74.026497 -32.385651 5
38.116901 71.174454 -33.427399 5
14.516734 34.114147 60.898701 0
-15.5566 -11.454816 -10.2914 1
-45.786087 -115.37215 8.9738541 1
-0.88844198 24.597992 -54.68874 4
6.3892002 38.189636 -64.847847 5
51.285599 75.603851 -31.870399 5
4.098433 10.888118 20.348032 2
-21.396189 -70.57328 15.453967 1
-3.2539561 -29.601881 77.802368 2
-9.1033001 4.1221628 -24.157974 1
-36.885948 -84.755653 15.477301 1
-26.002325 -45.151649 8.7739258 1
-5.3065 27.86285 28.992701 0
6.8800001 21.74885 -53.447102 4
1.803381 100.99555 130.49049 0
12.762913 26.432625 40.126007 0
14.2971 38.296249 72.704559 0
13.146061 34.113525 -68.773857 5
31.026573 53.550915 -30.696033 5
-1.545 -9.3988504 54.2612 2
-29.120199 -55.19735 9.7173996 1
-48.188477 -125.4616 -2.068625 1
-20.59495 -67.035561 15.629378 1
-4.9604001 23.485451 6.2507501 0
-8.4967623 17.364912 -108.91589 3
-16.342417 -55.081535 10.08075 1
7.0740638 18.471352 -112.38551 3
-6.1565132 9.7759123 -31.385683 1
13.907142 29.266518 45.452244 0
10.894199 83.644196 117.98925 0
-37.606041 -112.84416 3.7674339 1
-8.495575 7.2202749 29.9914 2
-17.8946 123.9313 147.76981 0
8.7198 22.689951 -115.5589 3
8.9148006 18.495325 13.518476 0
-4.7249608 28.240318 34.77895 0
-3.9999001 86.421654 129.0647 0
-15.106948 -50.610943 7.8170319 1
9.9738913 19.036749 18.362558 0
3.6482 10.58905 -35.15715 1
27.517527 49.882862 -33.437389 5
-26.40135 124.88262 150.52524 0
-3.9418001 29.212851 46.6012 0
9.1941004 42.804951 -55.194099 5
-19.722851 -22.626999 -3.0355 1
-21.530094 -29.672421 -0.986094 1
-13.742525 120.72385 145.4637 0
-41.095726 -101.40054 12.300008 1
-4.2391429 17.011358 10.180944 2
-2.5976 -9.3164501 -12.862775 1
6.1447439 36.708855 -69.418053 5
-47.832748 -118.91925 7.1491499 1
-42.318298 -102.80925 11.668 1
-20.639606 -64.876266 15.22053 1
4.7145 36.151749 -73.660698 5
-9.6117916 10.672634 -105.88098 3
-20.06385 125.34075 148.79779 0
12.66256 24.703197 36.523209 0
0.688842 8.2037411 -36.616867 1
-0.49167499 53.009468 96.323723 0
-4.7057252 25.315676 12.795231 0
10.713405 20.776783 25.684187 0
-15.922251 -12.4937 -8.7017498 1
-7.0484948 8.2967224 -28.111973 1
-17.212444 -16.926468 -5.56739 1
-12.406375 119.27382 144.99066 0
-2.313638 61.022675 102.50803 0
-3.521975 17.85615 7.3291249 2
-15.5886 122.51245 146.75841 0
5.2834749 95.597397 125.86066 0
-3.5139 35.441151 57.716999 0
-37.554432 -90.76635 15.869133 1
-1.4409 49.56065 90.986504 0
10.716887 21.594772 28.791416 0
15.290909 54.765957 92.283005 0
-3.6382 89.472351 132.49049 0
-13.7075 115.3914 148.8797 0
-7.8203959 -9.2231932 51.623096 2
-4.1321001 22.181408 0.466454 0
2.3697 12.0098 -42.262047 1
-28.08765 -51.62175 9.4475498 1
15.177299 41.898499 76.784027 0
-7.0191998 20.376051 -110.4867 3
-1.8482 -7.4705501 52.933102 2
-2.7739999 44.612751 74.621696 0
56.24855 73.713676 -30.568153 5
0.098774999 -2.425725 -21.870625 1
-7.4574332 -17.729053 61.708771 2
3.9727001 34.322678 -80.107056 5
-6.2497001 13.00895 19.7278 2
-8.0190372 111.66393 147.66644 0
14.613895 50.975494 -44.628326 5
-48.608849 -121.43457 5.6698251 1
5.9375 37.76815 -66.422203 5
-5.1644001 14.469299 -39.638023 1
-2.9063201 39.499825 64.471481 0
-2.8278 67.557953 107.21265 0
-47.287498 -117.58835 7.6536999 1
3.1617 10.30315 -108.68085 3
-21.850065 -30.521067 -0.60005802 1
33.775734 68.411293 -34.057304 5
-29.35125 127.3257 150.838 0
-3.110575 -33.064873 81.16568 2
49.161514 75.082932 -31.883026 5
-15.930236 -53.338779 9.2744074 1
10.128857 19.337994 20.129444 0
0.93164998 1.1666 -24.44245 1
1.3893909 2.2694631 38.248192 2
-54.049362 -130.42068 -1.003706 1
-3.6846941 39.01664 63.132202 0
50.724899 69.013351 -27.541901 5
-30.705101 -59.864403 9.8739996 1
-7.1897769 -19.724716 63.883842 2
-9.1142244 -2.837575 43.031498 2
9.0473003 28.971849 -122.9281 3
-36.023399 133.12396 152.66736 0
-1.61321 -3.30281 47.685368 2
-4.5528002 28.161051 37.842602 0
-5.2638998 -25.884041 71.251213 2
-3.3531251 88.479599 131.31549 0
6.0167999 94.373451 124.6761 0
4.894094 17.498966 -47.276909 1
-5.1080451 -24.571535 70.339111 2
-44.902798 -113.47937 9.7245998 1
-4.9293499 23.544601 7.8716249 0
8.525322 17.24194 9.2050161 0
29.156382 65.599564 -35.003799 5
-25.7239 -90.865494 12.5777 1
20.580238 57.980442 -39.628883 5
-37.257553 -89.300949 15.4853 1
16.04785 46.94355 82.271301 0
-18.226049 118.91985 149.77609 0
-31.8036 -103.84545 6.7027998 1
-1.103487 55.794769 98.749939 0
-11.3629 -39.197403 5.3063502 1
-2.2922001 46.114819 81.694801 0
-3.417625 -12.1534 -10.354275 1
-9.2140713 -32.402344 0.99793297 1
3.8788171 10.062634 22.234615 2
-1.9112329 48.393269 87.737061 0
-53.53315 -130.06691 -3.6059501 1
11.3115 32.450382 -74.730843 5
-7.7521172 8.2032051 28.130087 2
11.4099 82.242653 117.0035 0
6.9917002 91.352051 122.32539 0
-6.6591001 3.30265 -105.1342 3
6.457438 16.984217 -111.68822 3
-36.772499 -87.573547 14.9838 1
-2.8778 4.4840498 -105.9222 3
-1.1393501 48.534149 89.235046 0
-42.410152 -104.69621 11.705171 1
-1.185165 105.8345 133.26682 0
-2.8501749 -16.263077 62.417023 2
-3.659797 17.662558 8.8750973 2
25.22455 46.896301 -36.653648 5
-12.435 -4.1715498 -17.378401 1
-4.9635782 -15.76196 -7.0679188 1
-2.3067999 -14.33765 59.569 2
-16.638023 -56.475475 11.145426 1
16.349945 52.998158 -42.779289 5
8.8875999 88.394745 120.91555 0
-20.85215 -28.123287 -1.2746 1
2.2690401 8.6999578 -31.020384 1
-28.312149 -95.848969 10.988 1
54.7924 75.423149 -31.550549 5
37.618973 58.445862 -27.733763 5
-24.683352 -40.783997 6.4249878 1
-21.385075 121.6097 149.77147 0
-16.452599 122.96899 146.94894 0
3.8368831 10.607767 19.366949 2
-3.7660739 17.205753 -43.223763 1
-7.5180449 8.9362364 26.809877 2
-18.3016 -18.648849 -4.5577998 1
23.348499 60.346851 -37.393501 5
-3.743875 29.905075 48.697624 0
9.4637003 42.296951 -152.2377 4
15.6072 43.572151 78.738098 0
-16.31675 -13.561951 -7.5660501 1
-7.5480442 -12.089482 55.519695 2
-4.3909068 -14.24706 -8.270587 1
-24.361183 -85.916161 13.128222 1
-27.12615 -94.57975 11.3335 1
-48.661098 -120.48735 7.073 1
-4.088284 -13.420467 -9.2547379 1
-0.076200001 0.065200001 41.910999 2
4.7428002 11.50315 18.5334 2
1.4135 104.70731 132.68329 0
-3.6537001 83.162048 125.2445 0
-24.639713 -87.218155 13.040552 1
-11.748894 -3.4714601 -18.4289 1
-8.2144146 3.279876 35.472557 2
14.473433 34.138592 58.588345 0
2.0340669 6.6864171 -27.8613 1
-5.6848202 12.29927 -35.85376 1
23.225048 44.342327 -41.907825 5
3.7897 8.5502501 25.3169 2
2.4929249 4.9984498 31.3909 2
12.8222 48.118675 -48.400051 5
-4.5902252 24.411499 9.6979504 0
1.7342499 3.8204 33.8223 2
-25.12845 -88.958801 12.913 1
10.6832 31.650217 -76.238068 5
-2.0818999 59.391701 101.4226 0
-5.715775 112.01833 137.81889 0
-2.2208059 20.804571 -48.393108 1
-44.154877 -109.01852 10.95705 1
-2.50195 18.951567 5.5654659 2
-31.772949 129.40253 151.44135 0
-20.30995 -25.555752 -2.5055499 1
-35.124603 132.4939 152.5929 0
13.475979 27.716055 42.506577 0
52.685555 70.035217 -28.061184 5
11.758684 23.272736 33.822433 0
3.011596 7.1092091 28.187279 2
-4.1482 28.410076 35.918701 0
-17.3599 -58.541748 12.43855 1
-9.4859753 117.3857 142.42328 0
-33.712833 -106.83801 5.2842002 1
-2.8146999 47.116249 84.100197 0
-4.5756998 103.13057 142.61868 0
-5.2886 24.84305 11.058 0
-0.48795399 50.576576 92.240891 0
-32.083099 132.85445 152.25841 0
14.123833 35.105282 62.570202 0
-32.063698 132.2944 151.3759 0
-4.060575 100.62175 141.32985 0
14.41785 39.029053 73.561325 0
5.7739 20.828114 -50.645214 4
-36.080101 -82.375099 14.5208 1
20.368443 41.620911 -49.820015 5
-9.0988998 0.79092503 39.13485 2
-1.968603 21.329615 -49.710144 1
-5.2505002 101.57505 142.0614 0
4.4265518 12.738422 14.620628 2
-13.870425 -6.2288752 -15.557112 1
-30.823328 -101.33685 7.9478002 1
14.8174 31.580175 50.256828 0
-21.182266 -68.577209 15.500116 1
13.537916 50.064426 -45.762432 5
-7.1687002 114.76675 140.3452 0
-3.2820749 -34.812523 83.270996 2
13.90125 35.578972 66.819336 0
-2.9745619 43.495026 71.82959 0
9.0973997 43.527252 -151.86334 4
-8.9533329 6.3983831 -105.47556 3
-18.323 -21.4727 -3.6586499 1
-40.841633 -98.823631 13.158317 1
-10.05615 8.9282999 -105.37635 3
-3.326019 93.706886 136.20749 0
14.7785 33.19825 57.2514 0
11.4245 21.824051 30.7087 0
3.3296499 34.573299 -124.0782 3
8.5118122 26.041338 -120.2469 3
-7.8596001 -15.476625 59.268898 2
5.1517248 35.285477 -75.076927 5
22.051901 59.484852 -38.508099 5
-22.7036 -81.352654 13.4004 1
-7.1932001 110.2858 147.0585 0
-19.765083 -63.431126 15.178984 1
