# .PCD v0.7 - Point Cloud Data file format
VERSION 0.7
FIELDS x y z label
SIZE 4 4 4 4
TYPE F F F U
COUNT 1 1 1 1
WIDTH 1448
HEIGHT 1
VIEWPOINT 0 0 0 1 0 0 0
POINTS 1448
DATA ascii
-99.813446 60.967831 151.69341 5
95.349503 -40.196449 105.4544 1
65.697578 -119.86298 -26.404411 4
11.5137 69.869751 118.0296 5
99.840698 120.00535 -37.84745 2
75.40892 -35.856003 -0.91925001 4
68.25312 51.467712 -56.102188 3
-42.453499 80.576302 144.62505 5
47.365875 55.486668 70.985878 5
69.027695 -80.923943 -3.3631711 4
69.933372 92.058029 -46.79715 2
70.778854 25.671249 35.382103 1
63.087799 67.013153 -87.565002 2
68.596008 48.235497 -21.024466 5
22.110865 46.588253 93.722397 5
77.404167 -18.630367 84.572182 1
-17.778975 61.100327 132.42509 5
62.7687 34.49815 -116.9299 0
-70.57885 72.759186 158.47186 5
43.436672 40.252861 43.139488 5
61.348801 -13.767183 -10.536433 4
75.734276 -99.686035 -17.298862 4
60.28294 35.27124 -39.739574 4
65.273911 -57.657936 -0.39642501 4
88.037933 100.05801 -34.084782 2
61.022202 50.81665 32.9478 5
35.2616 62.510551 87.437202 5
55.891449 11.6272 42.810852 1
9.9272499 51.018402 109.89973 5
25.780554 63.141453 105.46525 5
33.728264 42.616135 77.892258 5
54.0042 54.898849 51.6138 5
-23.5786 78.845047 138.6898 5
-2.9476249 73.247971 130.28661 5
72.3032 50.331848 -120.9319 0
68.917709 -5.5447712 74.584869 1
70.8134 12.98675 53.0159 1
0.228549 56.221935 124.97579 5
48.926003 39.130852 25.437099 5
86.156288 -31.486839 93.014252 1
79.799934 -67.344963 -2.7462001 4
71.103798 26.02235 -29.8599 4
-53.353001 73.675903 156.10645 5
54.528801 23.39695 30.1985 1
72.947601 -1.3477499 -12.168 4
-33.433853 65.937752 143.4048 5
-86.213226 70.506065 153.8006 5
66.538994 51.757408 0.51105601 5
74.454895 -21.064564 -5.5281119 4
77.436684 79.536507 -51.739014 2
54.712502 43.330551 -16.844101 5
57.970051 47.89315 -119.88895 0
86.889404 113.79695 -38.88855 2
62.793774 -29.204304 -3.348774 4
63.833302 -43.843784 -3.6471829 4
81.357986 88.640991 -39.131649 2
78.151489 -86.852066 -12.221725 4
76.778252 -49.943661 1.314283 4
76.84169 103.07761 -41.51107 2
50.230553 43.380348 -0.51319999 5
71.822845 68.760948 -76.914551 2
60.10865 1.574025 -14.3325 4
69.740517 -111.5054 -16.914133 4
69.395248 42.23848 -46.765549 4
63.354549 51.666748 20.387583 5
70.409203 32.35025 24.607201 1
59.880936 20.28351 -27.875437 4
69.202698 -94.356552 -7.5612001 4
-63.380234 78.158417 149.70581 5
-42.796337 69.390892 151.01897 5
70.180901 5.4101501 62.5429 1
71.458702 -17.268351 73.8293 1
66.326103 81.708054 -55.366028 2
67.482597 -69.375748 -1.1357 4
54.098068 30.220669 21.306892 1
70.622322 66.171326 -132.64578 0
64.562424 -9.292532 65.573868 1
-52.914299 79.803604 147.39017 5
69.781494 35.254318 -35.031162 4
94.978836 109.3454 -33.745438 2
60.590012 45.657242 -50.961945 4
64.823997 52.671051 10.3732 5
69.357697 41.500717 -117.76727 0
80.683105 -27.406876 86.276375 1
64.230141 70.651237 -71.574669 2
71.244972 18.9645 -23.527149 4
71.284317 7.533854 -14.930473 4
47.72319 39.342369 34.674034 5
69.425705 -103.76192 -11.790325 4
72.154755 59.905251 -125.20555 0
39.704586 41.527889 51.283489 5
-78.195351 74.59552 153.53917 5
90.278984 -34.927624 100.19817 1
-61.848953 72.8815 157.29298 5
52.701347 44.1577 -8.5515003 5
35.988602 41.648651 68.695396 5
-93.181602 65.930351 152.9841 5
70.846802 66.246048 -84.693802 2
61.049099 51.97065 -60.02235 3
76.006699 76.670364 -59.37851 2
63.733887 69.035965 -79.738899 2
72.638702 -12.9266 80.505096 1
62.638802 66.716003 -130.52635 0
60.147713 8.2849159 -18.349771 4
50.106731 42.183743 7.1640329 5
72.923698 -106.16025 -21.494499 4
-70.628754 77.501892 152.19467 5
58.634331 40.764069 -117.13149 0
20.859425 65.731422 111.1826 5
29.4904 63.268452 98.945099 5
72.645653 69.581955 -69.574905 2
68.702545 -113.5666 -24.028875 4
67.821838 50.266884 -6.6742482 5
59.87056 14.339561 -23.165049 4
39.456612 60.626701 81.685867 5
69.438751 65.24794 -91.791084 3
16.9835 48.114948 98.652603 5
92.905121 117.78963 -38.380199 2
43.585201 58.222752 76.404602 5
49.82605 55.414101 64.402901 5
31.282799 43.898712 84.579025 5
-79.653069 68.660484 156.90099 5
65.288666 77.666855 -60.97937 2
74.423897 -21.223749 78.969101 1
13.125425 49.7155 104.02084 5
51.636799 55.30825 57.9697 5
-5.9542999 57.385651 127.6633 5
27.141682 45.292313 89.553185 5
70.891846 16.73555 47.632702 1
70.582123 21.818352 40.687752 1
67.756638 75.300827 -158.27728 3
71.344986 13.705742 -19.004639 4
31.6817 62.40271 92.87796 5
2.6716599 71.602356 126.84398 5
6.9856329 52.372803 115.35271 5
-11.787675 59.018326 129.87973 5
6.9863338 70.903992 122.18768 5
4.351696 54.517284 120.57295 5
-48.070869 71.454391 153.79443 5
-28.990767 64.631332 139.43694 5
-38.035576 67.729111 147.29544 5
68.920197 48.89555 -15.0311 5
97.354248 114.79464 -35.610619 2
-23.0009 62.94545 134.78705 5
56.726501 7.9941502 47.662701 1
59.246017 1.5482579 54.035355 1
83.059303 -26.41855 92.166496 1
67.801102 -63.042793 -1.058748 4
58.957294 53.29126 -122.22762 0
61.172302 61.769199 -125.51785 0
64.787003 81.380447 -152.1011 3
64.922562 72.762375 -65.98822 2
62.557648 64.855347 -93.575546 3
83.7369 93.160248 -36.472698 2
77.530571 -24.073685 82.853432 1
68.903702 -75.397095 -1.17365 4
73.705872 -15.57279 -5.8354521 4
80.03315 -22.24375 87.963104 1
55.0704 15.5653 38.616852 1
-37.322552 80.021118 142.32693 5
-16.509201 77.485443 135.52625 5
73.131897 98.627449 -42.841248 2
54.3993 20.05505 34.382 1
-28.847162 78.97554 140.21535 5
-47.7631 80.421059 146.51553 5
-9.8806496 75.629097 133.00369 5
60.158272 32.744675 -35.215725 4
55.529846 54.172943 46.644104 5
65.626297 42.80545 4.9303999 1
77.794266 -54.949425 0.037645999 4
60.442429 -3.464678 -13.379383 4
75.057602 73.751923 -63.761326 2
79.016869 -62.366276 -2.258004 4
80.230003 107.26155 -40.683899 2
60.998184 -8.8840714 -12.287193 4
60.187664 24.683796 -30.142773 4
61.941727 -24.157249 -4.5901752 4
71.524765 45.727875 -119.30994 0
61.418037 -18.190783 -7.8693838 4
60.707199 48.13525 -56.019199 4
75.36779 -44.929794 1.944422 4
75.318932 -31.559118 -3.470067 4
65.480141 52.335941 5.5664639 5
67.726303 38.807251 13.0918 1
70.91922 62.587425 -129.28729 0
66.616211 37.676048 -116.69447 0
63.029434 -34.185764 -3.779146 4
65.036697 -52.842049 -0.73245001 4
59.61565 51.663948 37.847599 5
77.764259 81.256752 -47.265835 2
87.36747 -31.98955 97.634354 1
74.916374 -26.125904 -5.1753139 4
63.491615 -39.022316 -3.965641 4
64.503342 -48.251461 -2.274446 4
75.381294 -40.22588 0.70141602 4
79.432228 85.353584 -42.215721 2
69.546463 34.493248 20.521217 1
71.207001 22.231918 -26.80332 4
83.791718 110.48049 -39.698105 2
48.435699 39.1488 30.139549 5
69.423897 -2.09815 71.609596 1
-83.524246 67.095673 155.15198 5
92.178993 -37.770546 103.32753 1
66.907669 -117.33568 -22.574556 4
-82.363235 72.658203 153.96562 5
68.246887 -89.047829 -6.1229372 4
59.6031 57.983952 -123.9755 0
77.862297 -90.805054 -14.0567 4
70.370201 8.0183496 59.104599 1
59.977386 45.454079 -34.142551 5
53.812149 43.856915 -12.703408 5
70.916 19.39695 44.178902 1
-57.805748 79.132874 148.15276 5
36.897987 41.517445 64.232483 5
68.8731 -114.62625 -19.947599 4
55.311501 39.616852 5.8108001 1
72.355927 94.94529 -44.899338 2
76.929604 77.91095 -55.516899 2
58.021587 4.3182998 51.192783 1
73.789261 -103.00644 -18.957613 4
83.9114 -29.7642 89.942505 1
-96.612045 63.835735 152.15134 5
49.511391 41.179138 11.718794 5
49.178349 39.839188 19.704926 5
76.803551 -96.000053 -15.947049 4
-66.266602 73.754593 158.18486 5
-89.955849 68.25425 153.38754 5
68.4431 47.844833 -29.007015 1
68.378967 -85.1446 -5.3571329 4
69.839996 40.440048 -42.907501 4
-20.187138 77.756699 136.91048 5
-66.682144 77.450684 151.84839 5
54.582825 35.496582 12.56476 1
56.545471 42.627872 -0.63846898 1
63.121948 68.969749 -133.85175 3
60.641399 42.575241 -48.561718 4
64.219673 44.856804 -1.808517 1
70.247055 10.398888 55.866409 1
68.953224 89.009254 -48.959278 2
61.800022 50.955563 28.999582 5
69.764 37.821751 -38.182899 4
62.807899 51.218948 24.168501 5
73.376633 -8.2499161 -9.6287384 4
58.196377 44.324802 -118.54494 0
56.510101 43.303299 -20.4175 5
-25.811794 64.282288 136.99925 5
54.254906 32.145287 17.933069 1
62.596699 -6.00735 61.212898 1
69.6436 2.1408501 66.867203 1
69.822372 68.921906 -135.09663 0
-6.5501289 74.414062 131.83231 5
70.522156 31.998606 -33.262535 4
66.304855 -11.70113 68.146309 1
72.521133 56.821365 -123.26404 0
69.138901 48.54015 -53.8526 4
69.738281 65.584358 -88.080383 3
90.215576 115.37982 -38.648979 2
63.366451 68.044296 -83.578995 2
78.656532 -58.860676 -1.411625 4
83.9142 -29.248249 94.678101 1
-13.1061 76.554596 134.23676 5
64.389603 77.07515 -158.53461 3
65.651398 49.87495 -52.0877 3
78.656265 -83.599777 -10.925567 4
41.337475 41.029301 47.274651 5
67.288284 84.837196 -51.651264 2
79.142281 -80.178871 -8.9823141 4
90.125946 102.76315 -33.371037 2
54.04945 28.409937 24.413336 1
69.925308 -97.593964 -8.6086864 4
92.825668 106.65353 -33.284588 2
-33.712357 79.774323 141.08118 5
54.005325 26.028679 27.764929 1
70.617401 30.478951 27.614599 1
70.975067 29.027088 -31.690044 4
69.176025 44.296646 -49.444084 4
73.2864 -4.7231498 -11.5638 4
63.742588 69.527313 -76.273712 2
72.966827 -19.265263 76.604294 1
68.873901 52.985703 -59.228851 3
66.406998 49.077351 -47.293648 3
71.850388 53.68972 -122.0172 0
61.8554 -21.206751 -6.6012001 4
46.379509 39.370216 37.976124 5
78.153778 83.38102 -44.592701 2
69.858002 -100.81705 -10.219099 4
70.8181 23.925949 38.223999 1
69.805397 -108.90345 -14.9953 4
32.499802 43.332249 81.433098 5
14.139067 69.091614 116.10121 5
60.176849 5.8332672 -16.295649 4
70.2789 -11.19065 79.269302 1
89.480103 -34.71505 97.164902 1
70.096802 -7.7070999 76.516098 1
67.962227 48.495941 -17.99744 5
60.018787 36.652599 -116.34591 0
49.485313 40.377586 22.639513 5
-81.831512 69.828629 155.21019 5
69.467377 -106.20631 -13.494435 4
58.315315 50.604862 -121.07537 0
71.532112 11.033842 -17.018517 4
34.626198 42.253181 75.075439 5
99.085983 116.99237 -36.619514 2
65.303864 43.746845 2.151963 1
63.807236 52.053017 17.414074 5
68.982498 -14.46315 70.722702 1
45.013611 40.083912 40.698372 5
18.21604 66.960327 112.91486 5
-31.222099 65.063553 141.5011 5
79.739433 -70.163971 -3.4307001 4
30.582199 63.358849 96.068604 5
87.712601 -33.036549 94.991798 1
71.4179 68.46225 -80.282303 2
71.342842 16.684959 -21.357811 4
73.472458 -12.669388 -7.107882 4
59.988163 -0.52155 55.83976 1
60.392101 37.812248 -43.360401 4
54.103901 33.834148 15.588 1
64.354477 52.569199 13.16435 5
61.366653 -6.1346169 -12.847839 4
77.168472 -93.423576 -14.856001 4
69.399628 0.13850001 69.055397 1
68.854248 48.092796 -26.2332 5
79.415672 -74.911453 -5.5767269 4
59.826172 12.214313 -21.347477 4
60.393509 30.710888 -33.313576 4
38.177124 41.531349 57.758324 5
81.854309 -28.52462 88.534569 1
69.128502 37.724449 15.664 1
-45.092045 80.544327 145.84029 5
66.961304 -117.45485 -25.320601 4
62.890999 66.075722 -91.127029 2
49.954788 42.900238 2.162704 5
-73.074203 71.584396 158.30399 5
-39.813942 80.201462 143.40839 5
-77.251625 69.858856 157.3779 5
59.905106 27.126959 -31.268967 4
91.523102 -37.387001 100.73795 1
66.525803 -60.812649 0.1069 4
-90.669899 64.976128 152.99385 5
-40.702915 68.620865 149.28136 5
72.664803 69.213348 -72.798698 2
58.580559 52.331184 40.225082 5
35.66201 42.225044 71.28688 5
69.478798 36.13345 18.413799 1
69.623894 3.288734 64.368568 1
-15.238075 60.092598 131.33975 5
69.690201 38.596249 -40.786598 4
56.854294 53.441425 44.268986 5
75.511398 -17.12435 83.541603 1
85.913208 -30.555042 95.773598 1
68.163666 -71.907593 -1.018225 4
-50.298775 79.796051 147.26875 5
74.346497 -14.593451 81.704697 1
54.806313 54.440041 49.172638 5
40.799423 59.885323 79.426201 5
55.948769 41.750996 1.731354 1
60.693882 -0.90157902 -13.851384 4
87.949997 -34.03355 99.130898 1
8.3495264 51.611423 112.54198 5
68.078323 86.957588 -50.239349 2
66.515602 41.80381 7.1249752 1
38.93605 41.555977 53.871738 5
70.509766 63.970959 -131.3896 0
-93.637146 63.485275 152.53577 5
49.765751 42.359467 4.6670251 5
75.560898 -22.80225 80.567497 1
37.72863 61.508358 83.706619 5
61.43063 -15.937973 -9.3005991 4
69.064255 -91.477776 -6.893683 4
79.032097 -64.973473 -2.591887 4
-72.986748 76.838089 152.66116 5
-60.483295 78.558586 148.71513 5
50.508598 55.611752 61.698101 5
75.416832 75.272171 -61.801495 2
-55.354485 78.997696 148.59822 5
67.096558 -65.762863 -1.229992 4
59.800018 22.44305 -29.047935 4
56.514053 9.8292274 45.410675 1
71.784203 61.573448 -127.1789 0
5.3502002 53.199951 118.3567 5
57.135906 43.516701 -22.990849 5
20.280399 47.15715 95.3545 5
23.896801 45.866249 92.040802 5
-31.407776 79.215302 140.58633 5
72.505699 0.93285 -12.8259 4
59.926601 10.314674 -19.89135 4
66.995583 83.135773 -53.563805 2
65.194595 52.649799 7.9232502 5
70.886703 67.452751 -82.629601 2
73.644798 -10.32285 -8.4743996 4
-55.903351 72.947952 156.25935 5
68.572968 48.179916 -23.415424 5
70.634506 20.694681 -25.080925 4
69.281601 -78.683487 -1.96112 4
51.196201 43.829849 -5.9775 5
-59.52951 72.62085 156.85696 5
60.559418 3.722672 -15.281414 4
70.854103 28.05295 31.9349 1
55.440701 13.46035 40.898899 1
71.144302 23.959351 -28.714001 4
70.866852 15.14945 49.876053 1
50.622898 43.745152 -3.2179 5
-46.243 70.548248 152.68401 5
-75.832642 75.491844 153.30154 5
11.052816 50.636318 107.62453 5
69.941483 -15.823574 72.641251 1
68.541168 39.373848 -117.34653 0
64.899704 75.752251 -62.623425 2
49.589523 41.449448 9.2885742 5
69.802101 33.3703 22.630316 1
18.687555 47.824558 97.049316 5
48.839649 39.420601 32.392151 5
56.183052 40.633801 3.7267001 1
-63.899532 73.704254 157.90753 5
36.445202 61.852234 85.599953 5
69.436996 -3.72475 73.206299 1
68.989922 64.162971 -94.201111 3
49.365299 39.439949 27.7314 5
-80.205971 73.387749 153.97466 5
93.626488 -39.342278 104.2399 1
27.031013 63.255943 103.32301 5
65.348701 78.933151 -59.1241 2
30.074402 44.307583 86.526665 5
-26.389671 78.56073 139.60919 5
60.831902 46.375648 -35.986698 5
65.437073 75.131996 -158.21628 3
91.409927 104.5784 -33.295536 2
68.610703 49.467251 -12.6274 5
67.334648 -13.118525 69.492599 1
80.434402 86.707047 -40.7938 2
52.117153 55.398121 55.831326 5
59.955002 18.384649 -26.7838 4
-97.9748 61.962448 152.3486 5
1.054 72.088547 128.2334 5
69.376472 6.3780251 60.191299 1
57.108704 43.611099 -2.6125751 1
69.3619 46.13015 -51.8442 4
71.504845 69.135406 -74.801971 2
63.479401 45.427456 -4.1885939 1
-84.234932 71.585999 154.13925 5
-36.6199 66.723549 146.0042 5
70.894196 17.963213 45.794849 1
67.74408 -115.452 -24.442219 4
78.681503 -26.041349 84.432602 1
53.378662 44.17215 -10.592506 5
69.748573 -9.6343384 77.714859 1
84.635963 94.975288 -35.768299 2
59.818771 39.023941 -116.72244 0
59.64645 16.100052 -24.365101 4
78.471497 -19.8409 85.971695 1
2.9911349 55.011604 122.30261 5
14.2994 49.436249 102.1737 5
-81.667458 67.841736 155.95569 5
28.637524 44.660751 88.180725 5
46.298397 56.611195 72.440178 5
60.622898 50.875648 35.1735 5
28.12562 63.334515 101.08578 5
52.947098 55.347816 53.746201 5
68.190826 49.873516 -9.3542356 5
12.226753 50.521496 105.87173 5
-1.10595 72.577454 129.5054 5
70.769402 93.755653 -45.6161 2
59.221424 3.4456179 52.683834 1
15.598125 48.815926 100.3872 5
95.842026 111.4183 -34.077003 2
65.381004 44.104851 -0.112125 1
61.022148 43.970276 -21.880226 1
49.38393 40.778961 13.870539 5
64.666443 81.948952 -154.4984 3
60.280563 36.528561 -41.395393 4
68.5672 77.418526 -158.28494 3
60.123669 34.047649 -37.705799 4
63.647301 -8.0729504 63.518501 1
37.294056 41.582382 62.205639 5
48.459599 54.881748 69.342903 5
44.741798 57.535252 74.841499 5
70.232803 20.214668 42.18589 1
84.962349 -30.626389 91.575256 1
-95.006416 65.172302 152.40984 5
65.92012 80.512146 -56.988724 2
-87.994057 69.503647 153.58076 5
33.151901 62.729351 91.343002 5
71.314484 -108.55856 -22.000267 4
42.127464 59.00811 78.116943 5
64.119217 52.149101 15.374499 5
55.544399 38.567348 7.9201999 1
-4.0960002 56.921051 126.9536 5
71.952263 -104.36787 -21.486925 4
64.949219 74.283638 -64.33976 2
67.454849 79.656548 -158.38205 3
67.161201 40.418449 10.1811 1
10.0945 70.430695 119.40985 5
54.627354 27.007498 25.759745 1
60.109985 28.952785 -32.124573 4
-68.741066 78.003265 151.67067 5
-44.372864 70.478302 151.66087 5
56.133675 43.539551 -18.4512 5
70.8517 26.8498 33.549347 1
-4.8768659 73.74614 130.95944 5
5.417604 71.22522 123.70259 5
-27.454399 64.633881 138.16635 5
78.055702 -88.928047 -13.2701 4
22.235954 64.911957 110.0012 5
35.102501 41.921165 73.172577 5
67.674301 50.675751 -4.3632002 5
54.380661 43.635742 -14.899058 5
66.996521 -58.596764 -0.116356 4
73.673767 72.922768 -64.906013 2
-2.241163 56.64835 126.3334 5
8.5459003 70.771652 120.9857 5
-91.438499 66.953522 153.39383 5
-9.9839382 58.551113 129.24567 5
25.5238 45.415916 90.66687 5
49.346214 40.250946 17.737219 5
50.712917 55.399185 59.704315 5
4.1153002 71.26635 125.259 5
61.067326 -11.736475 -11.125799 4
74.570969 -23.014545 -5.6233358 4
40.520954 41.350941 49.021358 5
70.260483 13.872056 51.266304 1
1.797775 55.400925 123.79868 5
62.227707 63.038139 -126.64299 0
59.025955 42.630829 -118.09396 0
64.412903 46.076 -35.320503 1
53.934464 31.381599 19.68182 1
49.347099 54.983498 66.945602 5
63.772026 68.503372 -81.752174 2
65.423065 -10.232109 67.015068 1
66.130951 -118.5081 -23.944349 4
69.393402 -112.99641 -18.278582 4
57.184502 6.6210499 49.034801 1
60.643387 44.165138 -49.775227 4
71.888382 -17.750931 75.801804 1
82.025803 -24.780951 90.644997 1
82.176804 109.3044 -40.175201 2
24.474318 63.545887 107.83274 5
61.707001 -4.1349502 59.129002 1
85.129402 112.40085 -39.242599 2
86.960526 98.148193 -34.667938 2
73.32431 -104.8421 -20.227026 4
42.164177 40.674938 45.386452 5
75.016602 -101.70955 -18.424601 4
94.831696 118.58398 -37.883026 2
69.787971 90.68557 -48.045441 2
96.639626 112.9362 -34.795525 2
38.448235 41.592003 55.928436 5
77.890602 80.092751 -50.038601 2
88.668503 114.39135 -38.793999 2
58.374901 44.15115 -28.250401 5
63.682648 -40.844948 -4.0809498 4
64.157898 -45.691116 -3.033586 4
65.572968 -55.273674 -0.48835 4
53.864113 24.752266 29.178495 1
69.105347 50.261902 -54.432503 4
67.561539 -67.568169 -1.2844 4
64.689903 71.599548 -67.362396 2
-19.369228 61.863281 133.15707 5
-18.521122 77.505013 136.23935 5
70.341248 29.3797 29.606548 1
98.293503 119.07465 -37.969849 2
54.103401 22.61915 31.7733 1
64.896202 80.106148 -158.5593 3
90.237846 -35.767216 98.604729 1
-39.118626 68.6306 148.41617 5
66.169563 52.0452 2.2777879 5
73.996201 -19.7062 78.108574 1
62.505745 -22.636894 -5.7327962 4
47.186993 39.617172 36.36282 5
63.134254 66.61586 -89.437027 2
64.583862 -50.357574 -1.715948 4
63.044998 51.875149 22.1359 5
-8.2124004 75.088249 132.67909 5
71.929207 58.401291 -124.27904 0
34.050713 62.548615 89.434982 5
65.558098 35.95665 -116.7891 0
71.845444 4.719892 -13.697884 4
72.969719 70.312874 -67.834465 2
68.894745 52.5252 -57.517853 3
70.67804 27.456808 -30.924862 4
57.513828 43.938232 -24.743048 5
59.06665 55.167225 -122.9741 0
-24.44615 63.487579 135.646 5
69.980606 31.210701 26.138649 1
-7.496583 57.991592 128.26689 5
80.329803 -24.038349 89.639397 1
69.989853 -102.10283 -11.660837 4
68.543976 36.619873 16.89925 1
54.719715 36.760151 10.592092 1
67.591087 48.166428 -38.225739 1
91.631104 -36.263 102.0704 1
75.612503 -41.974152 1.7027 4
-61.785641 77.557396 149.37524 5
62.945702 -36.190651 -4.0007 4
83.799698 -27.455549 93.336601 1
6.5087128 53.385845 116.6673 5
56.862862 11.024023 44.216244 1
-34.980427 66.565628 144.77097 5
-35.342308 79.766876 141.62524 5
70.241165 -110.8351 -22.808462 4
63.023399 45.827599 -6.3104 1
68.631821 -73.712677 -1.051972 4
63.052101 50.908352 26.7432 5
88.73275 101.60139 -33.880402 2
69.598953 65.642998 -90.141693 3
75.612785 101.86722 -41.857719 2
76.367554 -48.318848 1.703025 4
75.190994 -15.900847 82.392105 1
-21.451099 62.488548 133.94725 5
61.193699 35.083549 -116.7308 0
72.20929 52.158314 -121.402 0
64.557251 71.020081 -69.846069 2
71.993301 96.168854 -43.7952 2
75.86795 -46.538944 1.8858351 4
-49.378563 72.667221 154.52264 5
72.620911 -2.9771659 -11.899074 4
-11.468901 75.756149 133.88733 5
17.048584 67.698868 113.92426 5
-51.815582 73.02211 155.06271 5
75.1931 -28.04715 -4.9752998 4
15.596731 68.402977 114.99698 5
75.604698 -37.62355 -0.28310001 4
71.172195 -12.47555 79.809647 1
70.250916 65.650894 -86.11702 3
72.191422 48.776249 -120.39156 0
68.158829 -83.105774 -4.5088501 4
54.346344 21.317287 33.098709 1
60.603249 40.86655 -46.888474 4
82.164803 89.897652 -38.285999 2
67.642357 48.624577 -34.905136 1
76.666367 -23.25075 81.72831 1
77.294403 -51.489151 1.2102 4
54.583801 18.821449 35.758999 1
31.954834 43.646053 82.936363 5
62.614502 -30.813801 -3.1682999 4
-57.505562 72.761444 156.47658 5
70.553596 9.2479496 57.544701 1
78.705948 -60.436619 -1.810073 4
57.792976 52.934422 42.143799 5
78.921295 84.292801 -43.330101 2
60.974953 50.637093 -59.104866 3
57.787727 45.760723 -119.1744 0
68.430969 37.788971 14.136808 1
77.595573 -53.333282 0.60570002 4
64.211792 35.130615 -116.44088 0
71.307182 12.264374 -18.168571 4
69.751678 -96.072464 -8.1137056 4
19.407602 66.335915 112.0343 5
91.157051 116.84879 -38.622719 2
78.51265 -85.369583 -11.753778 4
68.829048 48.728951 -16.615101 5
-74.609703 70.966064 158.0251 5
63.187099 67.731354 -85.3937 2
-67.715752 73.099396 158.26775 5
49.021286 39.414001 23.818428 5
74.22998 -24.693005 -5.1968732 4
63.059578 57.088623 -54.210823 3
73.742203 -17.324102 -5.6947012 4
71.268127 18.032974 -22.257725 4
57.763599 5.5060501 49.982498 1
77.419418 78.666519 -53.69894 2
65.793098 51.945145 4.0801311 5
79.690552 -78.593399 -7.6271 4
31.3325 63.25935 94.418999 5
78.525108 -21.381325 86.947937 1
99.336571 118.51579 -36.946022 2
63.517712 -6.788188 62.549664 1
82.953926 91.959953 -37.096516 2
-15.009793 77.000824 134.96347 5
68.868797 48.219749 -19.2376 5
62.686249 -32.66885 -3.6563499 4
79.476547 -26.616425 85.644844 1
65.164856 78.528275 -158.40002 3
-16.310051 61.110451 131.9075 5
75.657303 -34.72905 -1.9591 4
12.926224 69.498947 116.98038 5
71.505699 15.484 -20.390026 4
69.665817 41.31237 -45.355743 4
62.704201 -4.8398499 60.187901 1
63.535198 52.261452 18.914499 5
66.632523 41.2118 8.5334501 1
71.82795 47.369888 -119.89446 0
63.89315 69.95575 -74.507645 2
60.0718 59.336651 -124.5126 0
57.143158 9.2184095 46.657829 1
61.36425 -10.236807 -11.691103 4
63.908287 -42.322582 -3.800056 4
61.200802 48.787651 -17.5707 5
75.257797 -30.130924 -3.9724751 4
62.625538 -25.452204 -4.124393 4
69.323402 -89.999352 -6.6915998 4
68.195755 -115.74673 -20.944979 4
60.493549 46.707191 -52.046436 4
36.3414 41.616825 67.055199 5
71.332939 6.1963568 -14.196168 4
67.712219 39.606766 11.693787 1
79.6353 -76.081947 -6.5004001 4
59.828613 17.309824 -25.736126 4
65.874146 -118.71803 -25.449654 4
78.217369 -56.473759 -0.58039701 4
37.792599 41.741249 59.193298 5
81.547096 87.541351 -40.231998 2
60.788727 49.552498 -57.813622 4
80.806099 85.914948 -42.366901 2
66.414597 81.970047 -156.8481 3
69.355499 45.264175 -50.563538 4
66.983833 -64.28363 -1.117365 4
79.764297 -71.510651 -4.0576 4
58.2551 49.314251 -120.3507 0
79.685997 -73.329453 -4.7322001 4
59.665703 56.476402 -123.6426 0
43.193069 41.113586 44.317135 5
70.525543 24.647671 36.658997 1
49.883251 55.099663 62.965351 5
-43.696503 80.14415 145.62091 5
70.666176 22.837126 39.35445 1
80.569176 85.253632 -40.8922 2
40.613686 42.078964 50.289257 5
39.780426 59.735889 80.581833 5
77.171204 -92.083099 -14.10775 4
73.06234 -11.548677 -7.9357219 4
74.23555 -19.629303 -5.5570412 4
-76.091721 70.604645 157.83139 5
69.959457 42.881767 -118.1794 0
58.971733 51.76712 -121.64456 0
78.126404 82.031403 -45.827553 2
-1.0462 57.289001 125.6981 5
75.399902 -33.067184 -2.6167381 4
49.806198 39.849651 21.0159 5
67.042206 51.235092 -2.2820899 5
69.773643 36.266483 -36.16201 4
36.110088 42.466164 69.885056 5
9.0934496 51.208069 111.06508 5
61.571201 -19.600849 -7.0704999 4
75.394501 -43.491852 1.8543 4
91.0364 -36.152016 100.14839 1
64.533142 52.291977 11.732025 5
77.586052 80.793137 -48.617798 2
5.1029 54.381199 119.35242 5
7.6820831 51.876091 113.78758 5
-41.090351 80.288139 144.06331 5
87.029274 -32.402248 93.912323 1
69.335846 -77.012421 -1.407308 4
66.8181 42.602249 5.9864001 1
64.052803 70.339348 -72.949097 2
79.058136 -68.585281 -2.9590061 4
62.252914 64.750618 -129.03433 0
65.148598 63.790749 -87.241203 3
70.596901 28.20705 30.3587 1
37.375214 41.914013 65.550827 5
61.469036 -7.559927 -12.435681 4
-74.24176 76.220413 152.84079 5
69.136917 -92.985626 -7.2424459 4
62.190891 51.062447 25.423334 5
-30.156359 64.968323 140.59076 5
60.710712 39.050785 -44.905762 4
60.783928 48.228226 -54.545174 4
69.636688 34.899876 19.056524 1
-41.862999 69.455048 149.97879 5
54.37907 34.720436 13.979894 1
60.447266 13.321688 -21.998131 4
60.742142 33.172573 -36.431438 4
-38.567005 79.784706 142.95781 5
77.880287 -25.049063 83.881676 1
70.691704 11.40035 54.785801 1
55.269299 14.37625 39.873199 1
68.232178 48.228325 -24.757191 5
34.144619 42.386917 76.593071 5
92.816475 -37.813148 102.10105 1
51.240883 43.976501 -4.4306998 5
74.027596 71.820953 -65.811462 2
71.016113 44.244991 -118.69511 0
93.402481 -38.624077 103.09407 1
56.162701 54.020149 45.3008 5
72.661285 69.382797 -70.978119 2
-84.624146 66.381607 154.7605 5
69.835297 65.083405 -132.02385 0
62.771141 -27.696232 -3.365 4
75.839905 75.931396 -60.683502 2
28.367353 62.840054 99.837166 5
61.330921 50.514252 31.659479 5
30.1085 63.228748 97.695801 5
21.421883 47.344513 94.645531 5
54.203438 55.056576 50.282288 5
70.779602 -10.14875 78.472198 1
74.316986 99.81633 -42.460556 2
51.5811 43.665051 -7.9796 5
32.961601 43.020473 80.209114 5
10.634829 51.287025 108.72382 5
69.217751 -14.883825 72.009521 1
65.6539 82.363098 -155.53595 3
67.989151 48.370842 -22.221567 5
67.428986 38.626221 -117.40667 0
65.94603 79.765305 -58.260811 2
73.477531 -14.292916 -6.2975998 4
68.169464 -70.518005 -1.213818 4
-8.7236853 58.280521 128.70102 5
81.144791 -28.179136 87.461952 1
64.267113 -46.996185 -2.6451709 4
70.162247 6.1364002 61.236549 1
55.085632 54.465668 47.873116 5
69.090256 -0.8258 70.084152 1
67.403839 49.986507 -7.9044542 5
23.323601 64.176186 109.01064 5
66.754036 -62.278324 -0.62141299 4
75.406265 -38.993977 0.216425 4
61.290924 43.985924 -23.868576 1
-69.025665 72.956642 158.18353 5
85.161011 -29.562344 94.976601 1
76.553627 -17.915901 83.400352 1
52.35025 43.777 -9.75945 5
68.401802 49.756649 -11.3635 5
69.8078 -6.6469498 75.797798 1
76.139397 -98.24575 -16.8708 4
80.560379 -23.253174 88.609589 1
55.139442 16.635235 37.8694 1
94.081009 107.97745 -33.459389 2
45.451443 56.988956 73.360565 5
69.412132 2.9113829 65.696106 1
-78.462845 69.154327 157.1089 5
56.428902 43.73325 -21.6457 5
-0.18285 71.936775 128.84563 5
-56.538738 79.376251 147.97212 5
81.424614 108.24577 -40.270718 2
60.446129 -2.2331951 -13.798248 4
49.187965 54.789078 65.346085 5
24.965166 63.008381 106.55463 5
63.000835 65.788185 -92.59436 2
83.809975 -29.978256 91.54467 1
61.074574 60.588345 -125.00175 0
64.744301 44.087849 1.0122 1
-32.150497 65.489517 142.33109 5
72.176834 55.106884 -122.54147 0
58.5742 2.3864501 53.04195 1
61.826172 -17.019012 -8.5329161 4
60.16885 31.833475 -33.910027 4
-27.591883 78.939247 139.877 5
71.291702 22.927349 -27.957701 4
69.9533 4.40275 63.814899 1
71.735352 -107.48637 -21.428688 4
-4.9162159 57.943474 127.15887 5
-65.011826 73.072327 157.85757 5
77.623375 -88.119514 -12.380222 4
78.878853 -63.614487 -2.4894381 4
90.549728 -36.226952 101.39353 1
86.628113 -31.246332 96.829697 1
50.171501 42.117149 5.8955002 5
54.189396 33.072514 16.603014 1
64.437042 46.372498 -36.556786 1
71.477371 9.9688749 -16.32135 4
-66.38887 78.107437 150.8007 5
56.070999 40.168449 4.9545002 1
70.853104 -109.78665 -22.4366 4
70.070885 67.005173 -83.525429 2
59.792542 25.967909 -30.758158 4
68.823097 51.403049 -54.972198 3
64.874092 -51.706665 -1.271238 4
55.180874 36.138153 11.60215 1
48.0116 39.17675 33.318699 5
73.067551 97.474449 -43.449829 2
54.039333 29.479244 22.55706 1
50.179581 43.243774 0.97054398 5
62.142799 50.813698 27.6106 5
69.176102 -111.72139 -18.017233 4
69.205658 -79.90451 -2.656805 4
72.109848 -0.52463698 -12.601686 4
-71.77478 77.092194 152.47644 5
63.869461 45.097492 -3.0535641 1
65.834496 -56.922028 0.43872499 4
14.08882 50.26326 103.45526 5
65.2556 52.29015 9.2059002 5
69.992317 -99.751289 -9.5941248 4
55.809566 43.806488 -17.284412 5
-46.548264 80.560776 146.31042 5
67.639496 -116.6759 -21.822304 4
-54.74062 73.373589 156.20616 5
38.225754 60.798206 82.821236 5
87.377975 -33.134899 98.10585 1
45.812012 39.585728 39.106613 5
64.525406 71.345833 -68.653595 2
54.710201 17.698551 36.735901 1
60.474354 45.430004 -35.275341 5
22.948555 46.279526 92.871155 5
49.014149 39.840317 26.519732 5
52.291599 54.884651 54.679802 5
68.767685 -3.348732 72.056198 1
60.101463 51.175819 36.267521 5
1.363142 71.267914 127.37046 5
59.850494 21.321898 -28.54952 4
62.1073 64.110649 -127.4595 0
75.040802 -100.7289 -17.69035 4
69.716331 -112.08328 -23.258101 4
60.102406 23.578775 -29.622047 4
-79.345413 74.182388 153.62032 5
69.331017 43.465366 -48.229301 4
-50.620888 72.616035 154.67564 5
61.454105 50.893112 30.279095 5
63.65844 -35.239815 -3.718771 4
56.2248 42.428051 0.755 1
83.652603 94.270653 -35.974998 2
33.41671 43.023689 78.998825 5
37.738152 41.942902 63.460197 5
60.722099 -1.90835 56.996899 1
68.180405 78.534065 -157.99442 3
69.700897 40.707275 -44.084949 4
86.308464 112.59679 -39.037697 2
64.309303 44.583649 -0.63139999 1
66.984894 81.068504 -56.17239 2
76.678207 77.339798 -57.606049 2
63.522903 67.615295 -86.549896 2
59.897072 9.4838371 -19.012989 4
-98.604301 62.784325 151.72418 5
71.063202 16.377399 48.7733 1
-76.966232 75.08416 153.37735 5
48.564301 39.859848 31.141399 5
26.353466 63.219578 104.31984 5
29.573584 45.308975 87.304283 5
60.583458 -5.1191411 -13.066053 4
78.888336 -82.576607 -10.335421 4
27.418167 63.135406 102.03867 5
66.979401 68.014153 -131.53329 3
37.515228 41.547604 61.023621 5
59.775459 44.988876 -32.6535 5
66.613548 82.477631 -54.490349 2
21.000515 64.864128 110.32347 5
78.228241 -57.797066 -1.065423 4
71.448402 8.6550007 -15.3182 4
59.898235 1.044577 54.931564 1
50.003704 41.450665 12.7753 5
54.611 30.522814 20.167572 1
59.198399 52.079552 39.1026 5
54.787151 37.8377 8.7942514 1
-63.3717 72.733551 157.4516 5
69.008972 -113.84319 -19.055025 4
68.522552 76.227005 -158.21548 3
66.853546 51.240402 -0.57349998 5
3.010988 70.982834 125.61335 5
71.196739 20.001623 -24.115362 4
65.454201 52.546249 6.7399502 5
85.406853 95.7789 -35.343658 2
-7.9009671 74.012054 131.92889 5
52.905399 43.787849 -11.6142 5
79.317856 106.0514 -40.863899 2
53.099621 54.891209 52.38591 5
55.412872 19.499546 35.182598 1
-32.586876 79.27095 140.95184 5
58.7239 45.001511 -27.499043 5
55.853535 12.726784 41.735455 1
-4.1155 73.056549 130.19859 5
70.960495 30.091949 -32.213551 4
8.9345999 70.355202 119.94485 5
15.251027 49.453541 101.32523 5
68.236298 49.048264 -13.751018 5
97.130905 119.21725 -38.140602 2
79.046494 -81.497147 -9.7514496 4
61.323586 -14.681767 -9.7873631 4
49.198502 40.46225 15.3139 5
68.547379 47.780251 -27.831924 5
66.790939 82.015411 -151.82211 3
77.397102 104.16395 -41.368401 2
77.238594 -19.535362 85.305885 1
54.610653 31.321602 18.691931 1
68.272247 47.830929 -31.822363 1
69.515297 1.03145 68.3022 1
79.215271 -66.304916 -2.67661 4
66.602203 80.35215 -152.1236 3
-54.683094 79.5681 147.82549 5
-74.660973 75.381577 153.55341 5
68.276047 -13.7198 69.963699 1
83.394028 -28.525009 93.582863 1
63.585648 69.280563 -78.38092 2
39.069046 42.116344 55.08802 5
42.5896 58.832748 77.059402 5
69.889282 14.50035 49.977852 1
-49.372124 80.267807 146.74115 5
62.390701 65.514153 -129.9563 0
-97.385139 62.949036 152.15718 5
73.459526 -6.983892 -10.281763 4
62.180882 52.647789 -60.00087 3
71.821533 1.832792 -13.107097 4
69.395584 65.807861 -86.989906 3
70.049301 33.657925 21.529549 1
72.198944 68.941254 -75.713104 2
68.643799 48.234749 -30.256649 1
69.845398 38.54705 -39.585499 4
67.063591 -116.3753 -24.614807 4
35.985649 42.486938 72.368149 5
70.976341 -16.236088 73.619171 1
67.323502 -59.700966 -0.236222 4
71.103111 68.220062 -81.369141 2
60.692501 49.184551 -56.505001 4
87.381279 99.217987 -34.57275 2
70.882004 62.920513 -130.39066 0
46.313553 55.605492 71.876282 5
65.036346 76.635132 -61.89502 2
68.641335 -84.073883 -4.897284 4
65.633041 75.147263 -63.577415 2
74.138344 -18.397423 -5.623127 4
-67.749001 77.39328 151.43303 5
69.504486 36.885948 -37.33614 4
54.57518 26.363955 26.704418 1
58.942665 4.2289281 51.865223 1
69.790298 39.199249 -41.815899 4
73.300293 -5.9290748 -10.735575 4
70.152 8.2475243 57.925976 1
59.633999 11.20225 -20.549101 4
93.838951 -38.223366 104.1485 1
65.522148 78.517197 -60.174004 2
67.672653 40.905121 9.0557823 1
49.524899 41.611649 7.9821 5
19.445801 47.370049 96.102997 5
-51.365849 80.067703 146.97101 5
86.279449 96.7332 -34.938599 2
54.102135 43.767807 -13.798122 5
60.063091 37.957081 -116.42141 0
72.81871 -18.154373 76.310951 1
-37.025803 67.670303 146.4758 5
12.058701 51.283699 106.87705 5
76.930634 -54.219109 0.090912998 4
70.359406 25.719002 34.333023 1
59.644146 40.078358 -117.09133 0
70.307175 12.087675 53.797798 1
67.0224 84.003952 -52.8409 2
67.926605 64.138855 -94.885651 3
48.551956 54.974823 68.223068 5
70.687973 92.916504 -46.693806 2
19.771246 65.492935 111.35428 5
33.2831 62.871449 90.232803 5
-21.186226 78.431801 137.603 5
30.92371 44.599586 85.38382 5
65.269852 73.522072 -65.23381 2
48.607201 39.19735 28.7542 5
32.476501 63.035099 92.395401 5
81.401031 -24.363384 89.744011 1
95.5047 110.33145 -33.865601 2
-95.622574 64.225983 152.51315 5
91.425751 -37.222401 102.61694 1
-14.10925 76.111557 134.47424 5
66.3433 79.970848 -158.04161 3
70.211197 34.093498 -34.187149 4
68.268906 53.754402 -59.776649 3
3.6185999 54.307049 121.4787 5
69.769409 7.0944252 59.307659 1
-22.612034 78.76358 138.129 5
84.478302 111.49961 -39.37318 2
-5.99125 73.743103 131.13251 5
61.351601 -3.3970499 58.368599 1
61.6007 48.888149 -16.4251 5
65.261963 80.56366 -151.39035 3
71.261353 21.40535 -25.6717 4
68.238708 -114.63616 -21.053249 4
57.19582 53.068909 43.169899 5
75.028503 75.087547 -62.831001 2
67.402321 81.493462 -158.25381 3
71.328804 52.719349 -121.78938 0
89.197983 -34.868378 99.938156 1
68.695564 -1.70785 70.828636 1
60.774349 46.369553 -37.098053 5
72.198044 70.394806 -68.63166 2
61.11264 36.189545 -116.64394 0
73.078705 -103.98258 -19.344326 4
70.871437 20.990242 41.711647 1
70.387413 27.350641 32.658112 1
-85.255013 71.276726 153.82848 5
60.699699 41.801369 -47.476166 4
-29.8846 79.30455 140.6156 5
67.315758 51.002876 -3.328614 5
60.934509 50.551636 34.016701 5
1.043425 56.310802 124.23798 5
76.407303 -97.346954 -16.292049 4
95.828354 119.0541 -37.874397 2
68.881134 -87.707809 -5.9854498 4
94.477646 -39.861183 104.87306 1
78.217606 -61.621319 -2.1306291 4
61.05851 36.216934 -40.448891 4
61.731647 43.630348 -22.64665 1
63.342899 68.920753 -132.77721 3
96.804161 114.20959 -34.863419 2
60.471699 39.78965 -45.680099 4
-2.8390501 57.547974 126.5182 5
83.25341 109.39777 -40.005192 2
88.749222 -34.123203 96.606216 1
82.255585 -26.592701 91.445824 1
53.994701 27.819851 25.331499 1
70.481407 29.244238 28.531799 1
62.470325 51.397598 20.968206 5
59.933426 19.2887 -27.394575 4
-98.928864 61.451782 152.1093 5
34.383823 62.224968 88.370621 5
91.88028 106.11992 -33.196976 2
69.143494 40.453079 -117.56054 0
63.998882 -7.0354381 63.494919 1
57.810356 50.614891 -6.2052588 5
76.902222 79.379211 -52.846039 2
49.225601 40.317047 16.660099 5
63.959198 -8.8969498 64.657249 1
-14.205549 59.915352 131.05719 5
71.412102 50.914532 -121.14085 0
-20.476101 62.6012 133.48883 5
-28.078899 65.26236 139.46986 5
61.092167 33.76593 -37.282642 4
74.37043 -26.988657 -4.8248649 4
71.39502 14.534725 -19.693783 4
24.885801 46.144516 91.602417 5
76.983368 -95.020264 -15.534409 4
-64.676498 78.152847 150.05695 5
71.131981 24.958593 -29.110117 4
70.343048 67.319199 -133.17224 0
63.880001 -39.951752 -3.5169001 4
16.533129 48.686092 99.443542 5
62.537338 51.387238 22.946609 5
58.860691 41.757378 -117.46861 0
86.375198 -32.26265 97.332901 1
51.815514 43.936226 -6.9694672 5
64.745598 -10.17475 66.189102 1
-92.146896 66.589249 152.681 5
65.260902 81.743248 -157.62199 3
69.174454 48.236374 -52.794575 4
62.22731 44.659172 -26.540199 1
63.930923 45.611969 -5.5159869 1
71.27816 -11.774938 79.014236 1
84.942924 -30.60445 94.948654 1
69.118454 89.9123 -48.340248 2
55.7971 43.49955 -19.4601 5
72.730637 -13.513094 -6.9233441 4
76.854095 77.673523 -56.550201 2
63.630936 67.357071 -130.78082 0
57.193649 43.667747 -3.6696999 1
70.072578 -110.06227 -15.871975 4
73.364456 -13.52685 81.073402 1
95.834473 112.24795 -34.845852 2
65.745552 -11.256225 67.36409 1
64.967224 76.047516 -158.46262 3
69.755348 32.583401 23.809549 1
11.853236 69.156334 117.32773 5
73.526176 -9.33255 -9.2598248 4
49.772827 40.601524 18.684345 5
66.844498 74.744347 -158.4017 3
88.759323 -33.412575 98.862274 1
48.004997 55.442101 70.112305 5
70.741394 44.3922 -117.6894 0
65.791496 36.959194 -117.01013 0
81.392448 88.581703 -40.250977 2
69.767342 -107.94892 -14.499972 4
60.727402 38.820976 -43.6586 4
60.612522 4.6634221 -15.742758 4
60.812599 32.483349 -34.438801 4
-34.217941 66.274124 144.1125 5
64.186447 68.525398 -80.535202 2
70.965942 18.63755 44.899998 1
71.488098 94.634964 -45.397709 2
70.459534 17.418041 46.57692 1
4.1873312 70.922089 124.24229 5
68.505501 -82.302353 -3.9346001 4
63.688652 66.622353 -88.549622 2
68.090698 87.852905 -49.6982 2
61.4828 44.315651 -24.8412 1
80.290192 86.834534 -39.767212 2
60.431999 47.17585 -53.649899 4
39.154701 41.187851 52.630699 5
58.256824 43.386635 -118.09879 0
69.347702 46.97905 -52.445 4
70.208023 28.258795 -31.390774 4
-47.186699 70.699448 153.2825 5
-58.328964 78.551331 149.02834 5
49.696655 41.429031 10.58182 5
69.838501 4.3556709 62.785736 1
-72.105949 71.92205 158.15884 5
64.484131 36.126545 -116.36312 0
-19.251801 78.130051 136.621 5
62.563778 -26.596132 -3.4800439 4
67.812256 86.081345 -50.875671 2
71.999847 -17.73925 74.640121 1
-45.797852 79.834572 146.09482 5
89.879852 -35.68055 100.8284 1
71.329002 61.749451 -128.58009 0
89.248001 115.6346 -38.901634 2
58.188904 46.649223 -119.50607 0
64.846893 -49.367897 -1.97534 4
68.043152 -68.477631 -1.2974499 4
68.068054 49.871155 -10.375816 5
-1.98295 72.877899 129.94975 5
68.971802 47.999851 -21.951599 5
82.807953 -28.866501 88.695404 1
73.274246 71.165787 -66.919868 2
66.742203 -12.35165 68.806801 1
70.542801 17.296787 -21.958088 4
81.1978 89.595749 -38.698299 2
79.526848 -21.634926 87.314301 1
-89.113609 68.83419 153.36607 5
78.942429 -79.363396 -8.2868366 4
-36.324749 79.372818 141.77689 5
60.050392 29.833801 -32.636806 4
85.560127 -30.999451 92.313629 1
64.596207 69.52771 -76.832718 2
54.921265 34.245663 14.956413 1
-35.723999 66.649551 145.46202 5
63.814327 52.237503 14.250665 5
57.986732 52.632885 41.194168 5
69.343002 36.71785 17.5168 1
69.340424 43.631752 -117.55392 0
72.836578 -105.0437 -21.090099 4
-6.4456749 58.209576 127.98386 5
86.163231 97.727524 -35.126411 2
49.178364 39.75069 21.908262 5
70.187248 23.902702 37.252167 1
-17.568075 77.702103 135.96884 5
73.730553 -23.817673 -5.2641468 4
81.532997 -25.737049 91.069305 1
68.671875 46.014545 -50.933666 4
72.172607 -4.2116442 -11.453182 4
35.650337 42.454113 73.828934 5
68.064629 40.082832 10.676 1
7.3624458 70.236115 121.09822 5
-39.82975 68.0597 148.8338 5
54.699516 43.356342 -15.807655 5
-25.296425 63.739456 136.33269 5
70.573883 30.889713 -32.776001 4
62.829945 -31.661613 -3.6552291 4
61.000492 43.649529 -48.995399 4
63.1497 66.927048 -90.388 2
91.116325 115.75868 -38.434521 2
64.544098 81.621353 -153.4525 3
60.140251 7.5086999 -17.71925 4
62.267868 35.360168 -117.00586 0
-38.268555 68.748001 147.76373 5
63.854698 45.923248 -6.8857999 1
65.301086 -53.821465 -0.63953298 4
75.434906 -99.015701 -16.628227 4
69.46463 -4.5892172 73.696136 1
60.211025 0.093699999 -13.98255 4
-56.92395 73.57058 156.17044 5
-26.592392 64.154709 137.59972 5
69.508362 -105.3383 -13.001 4
-18.417866 61.765266 132.89194 5
98.030197 115.52105 -35.627701 2
-83.315735 72.382545 153.94934 5
30.586605 62.544086 95.266907 5
17.808151 47.945251 97.812302 5
50.946152 55.324898 60.696751 5
60.140747 34.589149 -39.037498 4
68.988762 42.91576 -47.465908 4
69.536469 -107.0923 -13.920641 4
63.210098 -37.374748 -4.0310001 4
5.8237329 53.003849 117.51599 5
-58.321175 73.309006 156.53873 5
31.307823 62.506176 93.781601 5
67.889023 47.837212 -35.439873 1
72.310699 2.6849 -13.1237 4
66.496307 -117.85663 -23.298239 4
70.240921 68.000732 -133.98608 0
48.039948 39.525551 35.885601 5
76.868805 -52.368217 0.74923801 4
60.768444 -6.9496489 -12.747105 4
63.666054 58.599335 -62.1884 3
6.1624341 71.087646 123.08193 5
-87.1493 69.996948 153.5397 5
61.061752 -2.626575 57.797249 1
61.917702 -23.318901 -5.0938501 4
69.887901 65.973351 -85.268097 2
55.770199 39.320148 6.6219001 1
63.610401 68.600548 -82.711403 2
7.5839229 52.625004 114.62219 5
22.323261 64.204666 109.33282 5
-22.110525 63.429024 134.48447 5
2.37305 55.1964 123.03673 5
71.844086 69.31321 -73.893303 2
-74.252914 71.916092 157.76901 5
71.744202 69.074547 -78.190804 2
-82.646317 67.115952 155.76347 5
82.523201 90.671906 -37.81625 2
70.239067 33.124386 -33.838112 4
68.647156 -86.201416 -5.6845169 4
78.885551 -20.623749 86.456406 1
73.527969 -105.73502 -20.548908 4
-48.962753 71.769585 154.18512 5
58.946301 54.212749 -122.8501 0
84.284988 -28.549988 93.964722 1
63.387024 -30.187784 -3.43889 4
-60.620701 72.656219 156.90845 5
-25.342283 78.710327 138.94125 5
56.720215 43.379414 -1.756725 1
54.821781 37.201332 9.6542587 1
76.214951 77.145058 -58.561752 2
70.178894 9.4683218 56.681435 1
70.507301 19.56805 42.849499 1
75.07795 100.91975 -42.150101 2
70.497597 31.793449 25.567301 1
77.531166 83.252556 -45.373585 2
75.794075 -16.258463 83.055878 1
-90.744324 67.592529 153.19788 5
87.707787 114.3303 -38.75214 2
38.556427 60.20665 82.137253 5
78.132614 -84.819214 -11.061705 4
77.534882 -90.105003 -13.456425 4
41.01437 41.364975 48.196274 5
61.5126 62.722252 -126.0835 0
76.817902 -23.43335 82.932297 1
74.447052 -20.265064 78.901993 1
46.8545 39.941799 37.2038 5
78.216248 105.14363 -41.182846 2
68.860489 52.313408 -58.544159 3
69.885048 -101.886 -10.73205 4
76.519073 -18.369358 84.244675 1
63.515495 68.04747 -84.550186 2
69.949821 -95.10952 -8.2691498 4
69.044899 -6.2341499 75.238403 1
54.195419 28.846775 23.259766 1
70.015373 -98.937775 -9.0915499 4
63.854164 70.041153 -75.474823 2
66.243202 -57.712566 0.088733003 4
56.718498 41.702049 1.1336 1
50.359798 43.622349 -1.5064 5
68.981064 41.866982 -45.761497 4
93.800316 117.74291 -38.049797 2
70.645325 12.723004 -18.822237 4
98.860634 117.74554 -37.250381 2
91.434502 -36.33395 101.0529 1
71.975304 60.68655 -125.9501 0
79.830505 -77.150826 -6.7954001 4
91.992996 117.53975 -38.498199 2
91.95993 -37.676811 101.7068 1
65.775635 -56.166046 -0.22544999 4
41.852554 41.02272 46.214767 5
69.406097 1.415863 67.433426 1
-80.680038 68.221329 156.30923 5
45.474098 40.062851 39.852051 5
69.350922 64.701004 -93.37207 3
60.650116 37.458771 -42.520657 4
27.865383 45.018791 88.94136 5
8.8930168 51.78759 111.7851 5
78.980637 -75.701172 -5.9347329 4
59.890999 15.01415 -24.009899 4
41.321823 59.458447 78.721199 5
70.219345 -8.6247501 77.172806 1
71.682236 56.406097 -123.15123 0
68.244057 48.224617 -20.151188 5
-99.788605 61.864868 151.40906 5
60.269531 6.5999908 -16.964375 4
75.03199 -28.861502 -4.393857 4
71.573097 68.830948 -79.240898 2
60.229858 2.931494 -14.90118 4
61.41011 -12.580059 -10.903276 4
90.974686 103.74991 -33.262867 2
64.3078 -41.413776 -3.6808491 4
75.384796 -21.776001 79.929077 1
56.118351 11.1129 43.5578 1
62.137775 -18.718315 -7.5928741 4
69.966202 -79.260902 -2.2246499 4
61.81646 -10.971748 -11.336262 4
65.391998 43.312649 3.4816 1
67.7509 50.801048 -5.8346 5
59.019218 44.31633 -28.992443 5
70.130104 10.534749 54.953522 1
79.795662 -69.124786 -3.132062 4
85.52887 -31.129566 96.393738 1
-23.644476 63.863907 135.369 5
68.052399 79.360176 -157.59665 3
-17.109501 61.569851 131.9868 5
69.091354 -112.76678 -23.773825 4
74.858955 -41.864441 1.177317 4
54.597099 32.366192 17.102543 1
26.184601 45.140049 90.081299 5
57.293758 7.3880439 48.534096 1
66.350601 -119.19775 -26.077101 4
68.418297 48.45705 -15.8357 5
64.024498 52.352951 16.5105 5
-34.502075 79.387878 141.63535 5
60.754906 44.904369 -50.313965 4
63.973 -44.848152 -3.3564999 4
51.287098 55.471779 58.98735 5
-13.140201 59.463749 130.51462 5
90.212914 -35.765587 99.825424 1
-61.351875 78.294693 149.04059 5
55.785759 41.025932 2.974369 1
44.163948 57.973335 75.403534 5
71.885307 3.7161 -13.51006 4
75.851799 -22.831987 81.703873 1
16.154108 68.009193 114.38709 5
54.661579 20.639965 33.627094 1
36.705433 42.093414 69.046165 5
61.935997 -21.967949 -6.10355 4
-45.360569 70.480125 152.46069 5
54.204399 21.91955 32.4277 1
74.034569 -21.871153 -5.4565001 4
83.118164 93.028946 -37.129662 2
-24.439522 78.561546 138.7852 5
35.831299 62.194851 86.473602 5
74.207062 -15.365385 82.166473 1
49.867699 42.597076 3.3931251 5
49.385502 55.304852 66.068199 5
71.862091 44.948502 -118.9855 0
67.774796 -66.353424 -1.3612159 4
10.634617 70.114403 118.69482 5
72.552567 69.380249 -71.879532 2
38.75029 42.14756 56.580074 5
-0.55799198 56.270401 125.42645 5
68.7332 38.64085 14.0719 1
75.39785 -36.744019 -0.74067199 4
-78.127472 70.028198 157.22153 5
54.232483 25.309891 28.331154 1
83.854904 -29.347149 90.898598 1
99.986511 119.11316 -37.140198 2
73.928711 99.026093 -42.664116 2
88.11734 -33.423767 95.69957 1
92.846863 -38.294033 103.72391 1
-41.819328 79.798981 144.27055 5
73.250153 -19.651924 77.367981 1
64.997612 71.033333 -70.94178 2
37.764294 41.745003 60.093952 5
69.157455 37.012489 16.315918 1
69.7229 65.837646 -88.943695 3
69.869949 66.597565 -132.9176 0
63.5144 -28.51845 -3.4303 4
61.639496 -9.361167 -11.877151 4
71.093178 45.032127 -118.26918 0
-69.810196 77.876266 152.06387 5
90.717102 -36.898251 102.1702 1
14.522618 68.553688 115.49265 5
36.486572 42.098427 70.612946 5
77.796577 79.816513 -50.887711 2
74.362656 73.392807 -64.577347 2
77.133804 78.382095 -54.782806 2
-71.209961 72.292595 158.04173 5
53.908199 23.992849 29.953501 1
43.970531 40.412926 42.424114 5
68.559937 -72.708893 -1.0324529 4
48.765751 39.195053 27.115101 5
69.442749 37.829689 -39.017056 4
-15.850863 76.808304 135.19571 5
44.368896 39.852303 41.565201 5
88.22644 100.91685 -34.240868 2
58.607498 48.312973 -120.41265 0
64.928635 77.773766 -157.98706 3
70.151634 -15.914117 73.51107 1
-81.161987 73.319107 153.77649 5
36.991825 61.627831 84.820251 5
51.826817 55.354294 56.671295 5
93.233002 107.59328 -33.763123 2
12.488167 49.992813 105.13198 5
69.164177 -74.544594 -1.404911 4
59.952972 28.163637 -31.747213 4
77.906723 -20.481276 86.217102 1
70.83625 6.7277369 -14.943919 4
83.074051 -29.362373 90.102928 1
68.162102 -114.54871 -24.295227 4
-52.598068 73.076286 155.47577 5
-59.531303 78.589317 148.60417 5
