# .PCD v0.7 - Point Cloud Data file format
VERSION 0.7
FIELDS x y z label
SIZE 4 4 4 4
TYPE F F F U
COUNT 1 1 1 1
WIDTH 801
HEIGHT 1
VIEWPOINT 0 0 0 1 0 0 0
POINTS 801
DATA ascii
-1.5883501 -3.79825 24.474449 2
7.4928498 2.4196 4.7459502 1
-2.3043499 -5.1454501 10.68065 1
3.08935 4.5107498 16.38125 1
-2.28475 5.28725 22.856449 1
6.2650499 -0.40105 -24.427549 0
7.2691498 -0.35315001 -11.7282 0
-8.2609501 1.62115 22.76605 1
6.0388498 3.62555 10.10705 1
-5.7474499 -3.72645 14.43595 1
-0.76569998 -1.5567 20.716801 2
3.2195499 -0.21415 15.47475 2
4.5797501 -3.3383501 2.0922501 1
0.36605 -1.3132499 13.83105 2
-7.1711998 -2.4670999 17.25975 1
7.5746498 1.61585 -14.14135 0
3.068536 -4.2902069 4.3286071 1
8.308917 1.490517 -24.107582 0
1.62955 4.9608498 18.745649 1
0.37303299 -0.7464 18.327501 2
2.5827501 0.77155 7.6224499 2
4.3337998 3.9735501 14.24425 1
4.9751501 1.1810499 -16.902451 0
-6.4612751 3.0783 22.082851 1
3.0855501 -1.32785 17.72105 2
1.07495 -1.115 11.626101 2
-4.0682502 3.69065 22.417948 1
2.7815499 0.39635 13.28935 2
-0.0228 -1.6883 16.07605 2
5.687767 -1.333383 -1.72495 1
2.8697829 -1.48525 4.6238499 2
5.1297159 -2.31565 0.30954999 1
5.23279 0.54496998 -2.73281 1
1.382125 -0.16345 16.275726 2
2.0520501 -1.5782501 7.3489499 2
7.8178501 1.9798501 2.8231499 1
-1.63965 -2.82235 22.35775 2
5.7076001 1.64335 -18.864349 0
-7.864049 0.090669997 21.835871 1
7.6683068 1.330879 0.31259301 1
2.64675 0.80215001 9.3108501 1
1.79285 -0.14675 14.59825 2
7.0872002 3.0560999 6.2341499 1
3.89045 -1.28155 -0.58875 1
3.0369501 0.79685003 -6.7283502 0
0.37674999 -5.2416501 7.7920499 1
-3.4198501 -4.86025 11.76925 1
5.5886502 0.99365002 -24.445351 0
5.5356498 0.0091500003 -4.8222499 0
-1.12265 4.5485501 22.23465 1
7.6213498 0.70169997 -10.6688 0
2.8275499 -1.12815 3.06495 2
-0.35335001 -4.00425 23.557051 2
1.1774499 -3.36695 21.663851 2
2.4718001 -4.4825501 5.6499 1
3.5564499 0.81445003 4.16255 2
6.4833498 3.4049499 8.5977993 1
-0.97659999 -5.0208249 9.458025 1
2.2632501 4.8846502 17.494949 1
2.6972499 -1.6272171 6.1244488 2
4.7394748 -0.921 -2.633975 1
3.8183501 -3.90255 3.2511499 1
-2.77055 3.98085 22.74135 1
5.4387999 1.57025 -15.68125 0
-4.4365501 -4.4880171 12.96815 1
4.3169999 0.86739999 0.69594997 2
1.25585 -0.95254999 17.422251 2
3.6669869 4.1312251 15.309162 1
4.1672502 0.65695 2.89345 2
7.6740499 1.704188 1.5100501 1
0.12525 -1.47225 17.2791 2
1.16715 -0.78785002 10.40615 2
6.01195 1.97105 -16.73645 0
7.0433502 0.23954999 -2.5610499 1
3.2061501 -0.062150002 14.28835 2
6.8495002 3.1586001 7.52075 1
7.44525 2.2495501 -24.27005 0
0.227433 -1.1047339 19.433931 2
-1.48625 -2.16555 21.44305 2
-7.8020501 -1.31675 19.27265 1
0.12725 -1.37695 14.92645 2
-0.063150004 -4.7618499 8.8473501 1
4.1737499 -1.16705 -1.64685 1
6.2445502 1.89035 -22.605551 0
-7.35955 -1.8794169 18.149784 1
5.4305501 0.66355002 -3.97475 0
3.2899499 -0.76865 16.602551 2
-3.6731501 4.6050501 22.769051 1
1.75365 -1.14555 8.27075 2
2.4377501 0.74535 12.37475 1
6.3330841 2.0698171 -20.956383 0
7.5741501 2.4457171 3.7208171 1
-5.085875 -4.0288749 13.692825 1
4.8470998 4.0404501 13.0909 1
4.7539001 -2.738025 1.27835 1
-7.6973171 0.68381703 22.642715 1
2.0492001 -0.43788299 15.526683 2
5.4588499 1.64315 -14.68265 0
2.43065 -2.74735 19.83415 2
4.0855498 1.0091 1.68865 2
5.9453502 1.59435 -21.678749 0
6.1400499 2.0092499 -18.110849 0
7.1443501 -0.1294 -24.247349 0
0.83270001 -3.91765 22.30475 2
1.09305 -4.7697001 7.4819002 1
-7.6090498 2.17875 22.39535 1
5.5523 3.8420999 11.276899 1
1.264883 4.7392159 19.545717 1
-7.0629501 -2.6649499 16.38735 1
-1.95055 4.3173499 22.8825 1
6.1113501 -0.41734999 -4.2038498 0
7.9927001 0.67084998 -24.051399 0
-5.7501502 2.5620501 22.03265 1
3.8245499 1.14135 -6.8522501 0
2.78845 -0.92575002 2.12025 2
6.0624499 1.8462501 -20.174351 0
5.3713169 -1.8944499 -0.44808301 1
2.4895501 0.81924999 8.4684496 1
-0.88395 -2.88675 22.744049 2
1.91505 -0.83424997 16.257099 2
5.0019498 0.57005 -0.96144998 2
0.36565 5.0192499 20.248249 1
-0.285 -1.351975 20.098499 2
6.4086499 2.1984501 -19.162251 0
7.63415 0.92514998 -0.62124997 1
5.9689498 1.4789 -23.696751 0
2.6767499 4.3038502 17.131451 1
2.9116499 -1.4279 3.8290999 2
7.39995 2.8650501 5.5287499 1
5.1456828 0.50068301 -1.906317 2
-2.911617 4.7231498 22.817818 1
6.3338499 2.23915 -17.36375 0
-6.3372002 -3.43135 15.2333 1
1.3358999 -0.33168301 17.042416 2
-1.69645 4.9257002 22.568501 1
3.6403501 -4.0327501 3.9454501 1
2.91155 -4.4183502 5.0766501 1
1.82459 5.0146699 18.050009 1
5.50495 1.02855 -23.22665 0
2.6149499 -2.18135 19.289351 2
-5.89505 3.45555 21.89015 1
0.75765002 -0.56945002 17.76115 2
2.7328169 -1.571517 5.3094501 2
3.5850501 1.18265 -5.8066502 0
7.2371502 1.2809 -10.746901 0
-7.0678501 2.63675 22.247749 1
6.0512791 -0.70696402 -3.517221 0
7.1342502 0.49505001 -1.93595 1
5.5046 -1.5473 -1.1186 1
7.4554 1.23935 1.0854 1
-0.64225 -5.2121501 8.9163504 1
6.90205 0.10935 -3.19695 1
5.1778498 1.16005 -18.138483 0
6.71595 2.27055 -24.252201 0
3.8624499 4.2779002 14.7036 1
5.05165 1.15655 -14.8779 0
7.1681499 0.70585001 -1.00305 1
0.88518602 4.7045951 20.058823 2
7.7018499 1.5624501 -14.76275 0
-1.56515 -5.28725 9.91745 1
7.71735 1.787275 2.1273251 1
1.56635 -0.64705002 8.9171495 2
1.28635 -0.72035003 9.6564503 2
7.85115 0.096249998 -24.231449 0
2.9035499 0.76845002 6.0813999 2
5.3243499 0.60955 -3.3389499 1
3.0185499 -1.69555 18.209351 2
0.46585 -3.9181499 22.790449 2
2.7360499 -2.1108251 18.69725 2
1.55713 -0.16147 15.30619 2
5.5671501 0.86594999 -23.857849 0
6.21805 3.63275 9.5332499 1
-1.37815 -2.5831499 21.85965 2
1.0966001 -0.92360002 11.060049 2
0.84355003 -1.096817 12.283417 2
-4.7157001 3.11235 22.075649 1
5.5494499 -1.09535 -2.2756 1
-7.5076499 -2.0768499 17.62405 1
-1.24225 -1.78195 21.08485 2
4.2831001 0.6279 2.0764 2
0.429883 -0.91098303 18.929682 2
-1.41795 -3.1224501 22.83815 2
-4.09656 4.2560401 22.346985 1
1.45005 -0.94414997 16.568451 2
3.0669501 0.80075002 5.4583502 2
-7.8873501 -0.62105 20.69685 1
-7.3084002 1.12195 22.6763 1
4.0016499 -3.49125 2.83285 1
1.44585 -4.63205 7.0672498 1
5.3365002 1.317675 -19.287827 0
3.22505 -0.16315 14.88985 2
-3.8220501 -4.7943501 12.14915 1
1.734625 -3.1612329 21.0343 2
6.5215502 3.4089501 7.8775501 1
5.04355 4.04245 12.49805 1
4.9208498 0.55599999 -0.42555001 2
-3.03935 -5.0696502 11.44475 1
5.9804502 1.58865 -22.96805 0
7.45855 0.92704999 -0.1133 1
5.2054501 4.0344501 11.74735 1
6.1314502 3.6605501 8.9117498 1
-7.5703001 -0.1102 21.438251 1
5.6738501 1.74727 -16.124149 0
-4.6842041 -4.1056581 13.355194 1
-1.93705 -5.2269502 10.28955 1
0.16034999 -1.70215 15.46465 2
2.52355 0.64125001 12.884701 2
-0.082649998 -5.12925 8.3054504 1
2.1716499 -2.7939501 20.28965 2
2.6933501 0.76924998 6.9815502 2
3.15465 0.05455 13.64105 2
-6.1041999 -3.5014 14.7342 1
4.9902501 -2.4909501 0.77205002 1
2.9126749 -0.96847498 16.886024 2
6.3353829 2.0990829 -19.656849 0
5.7276669 1.090933 -21.709749 0
-1.32655 4.5777502 22.69655 1
-8.2409496 0.41615 21.923149 1
4.0790501 -1.21165 0.15414999 1
0.57265002 -1.11825 12.93575 2
-8.0731497 2.1997499 22.587351 1
-0.97385001 -3.2365501 23.090151 2
4.54915 -1.20265 -2.2686501 1
-0.53275001 -4.87885 9.2612 1
-0.68494999 -3.9697499 23.93125 2
4.5514498 4.0629501 13.75135 1
7.0454502 3.055217 6.7209501 1
-2.4786379 -4.8622508 11.061163 1
7.7158499 2.135041 3.270967 1
-5.3267999 3.61215 21.7328 1
3.7727499 -1.1605 0.94120002 2
-3.562125 3.6989 22.640276 1
7.7116499 1.60335 0.90794998 1
1.0797499 -0.48965001 17.41205 2
4.23455 1.01735 1.23655 2
4.5569839 -3.0927501 1.689783 1
-6.7644 -2.9263999 16.132599 1
-1.44375 -4.2068501 24.14875 2
6.7092071 -0.28729299 -24.300566 0
5.7754998 1.0816 -22.7453 0
5.00805 -1.1285501 -2.27935 1
-7.5573502 -0.41975001 21.017349 1
3.3078499 -0.59364998 16.17445 2
-4.3942499 3.38815 22.291651 1
-5.33605 2.7772501 21.818251 1
3.2434001 -1.1474251 17.327299 2
6.9211502 0.044550002 -3.73195 1
2.8659501 4.6264501 16.86355 1
7.563283 1.04265 -1.0769 1
-4.0330501 -4.60395 12.60575 1
3.0799501 -1.04195 2.45225 2
0.91804999 5.0275002 19.492748 1
-0.31025001 -1.71565 17.212151 2
-1.23747 -3.33217 23.447699 2
0.047350001 4.8618999 20.87685 1
-7.6476498 -1.2656 19.6875 1
7.9684701 1.11149 -24.110451 0
4.2307501 -3.3757501 2.4741499 1
-0.35525 4.59655 21.70175 2
3.9956501 0.78465003 3.4727499 2
4.7715502 1.0244499 -15.73575 0
4.5882502 0.58644998 0.19014999 2
0.26324999 -1.15335 17.538651 2
0.1143 -3.9651 23.037901 2
7.1357498 0.51964998 -1.50545 1
5.3871498 1.40675 -16.07625 0
-0.18275 -1.70295 16.734751 2
3.1422501 -1.00245 1.80395 2
-7.62185 -1.59515 18.981251 1
2.6475501 4.5880499 17.451651 1
7.4712 0.3114 -10.7626 0
0.90785003 -3.5947499 22.002451 2
5.5707831 0.90188301 -22.05895 0
1.88235 -4.5802999 6.4938002 1
4.98665 1.13805 -17.391251 0
5.3134499 1.276283 -19.89105 0
0.46065 -3.310617 3.90675 1
6.82025 3.2179501 7.0385499 1
3.4664831 0.90718299 -6.9443498 0
5.4840999 0.094700001 -4.3133998 0
7.6312828 2.2546501 4.131083 1
5.6916499 -0.73275 -3.30355 0
-7.4627838 -1.723017 18.526182 1
7.6865501 1.22325 -0.30695 1
5.752183 3.8381829 10.32385 1
0.02385 -1.31155 19.821051 2
7.8807502 1.63525 -17.70425 0
7.2975898 -0.090369999 -11.264311 0
5.7315831 1.70645 -18.456816 0
2.3866501 0.82094997 10.65575 1
5.7589502 0.62465 -24.49645 0
1.9073499 -0.247675 15.116675 2
1.38473 -0.74023002 16.91503 2
3.6684999 -1.17555 1.3430001 2
7.4965501 1.17075 0.69115001 1
-6.9742498 -2.66995 16.93545 1
-0.29707399 4.8692079 21.274523 1
4.8943501 1.1005501 -16.519751 0
-7.9204669 -0.664033 20.302065 1
2.97995 0.78944999 -6.2435498 0
0.21875 -4.8502498 8.5802498 1
7.4877248 0.86325002 -1.94005 1
-2.61725 5.0062499 22.88155 1
7.04285 2.4923999 -24.282001 0
4.38695 0.39745 2.38135 2
0.36660001 -1.3688999 14.39355 2
1.504564 -0.71052098 9.3011494 2
2.5230501 0.81725001 8.9370499 1
2.5416501 -2.3907499 19.61495 2
3.6055501 4.2351499 15.68345 1
3.95205 -1.1702501 -0.21735001 1
5.6846251 3.84495 10.90785 1
-3.29985 4.7718501 22.799 1
7.6892362 1.763993 2.5246639 2
4.08465 -1.21525 -1.27025 1
5.1617498 1.13835 -15.74305 0
-7.1775498 1.40335 22.407049 1
3.44345 0.84899998 4.5276999 2
-6.1061301 2.4444699 22.106289 1
3.9184 -1.12735 0.56454998 2
2.5311501 0.75449997 8.0965996 2
3.2042501 -0.48304999 15.73925 2
-4.0926499 4.4868498 22.643417 1
2.80655 -2.33705 19.00635 2
6.2588501 3.38415 9.12885 1
6.3305502 2.0518501 -22.279949 0
7.4881001 0.16965 -24.2771 0
1.59035 -0.10955 14.90785 2
-5.5585842 3.3178 21.825699 1
4.1216502 -1.26895 0.89071 2
-0.36783001 -5.10219 8.69631 1
5.8751001 -0.99164999 -2.4565499 1
3.2058499 4.4531498 16.001949 1
2.7550499 -1.55405 5.71875 2
5.69765 0.059450001 -24.5019 0
-0.94652098 -1.896207 20.909952 2
5.1605501 1.0792 -17.703049 0
1.5186779 -3.2837629 21.294201 2
-6.4579501 -3.3041501 15.547 1
1.688 5.0338998 18.38155 1
-3.3598001 3.9932001 22.677151 1
0.42455 4.9024501 20.58235 1
6.0194502 -0.74910003 -3.1619999 0
5.4718499 1.03435 -22.50975 0
2.53585 4.6661501 17.12215 1
-3.486763 -4.695775 12.082126 1
-0.12365 -3.9124501 23.302349 2
-7.86795 -0.91111702 19.886917 1
-6.7645502 1.97335 22.17095 1
2.4953499 0.87615001 9.8908501 1
2.4693501 0.81265002 11.76515 1
2.7049999 -1.6523499 6.4770002 2
-5.0774498 3.0725501 22.01285 1
3.24195 0.74765003 5.1564498 2
3.2454171 -1.0861501 16.885416 2
1.71285 -1.2695 7.9429998 2
-1.24015 -2.93485 22.600451 2
3.12345 0.69665003 5.8173499 2
5.3074498 1.23455 -16.371149 0
0.72425002 5.0055499 19.78405 1
1.939092 -3.108434 20.695755 2
7.36725 1.00705 -10.57235 0
4.5567002 4.1271501 13.25985 1
7.2048502 -0.55274999 -13.50475 0
-7.6763172 -1.660183 18.26055 1
3.877116 1.335783 -5.91255 0
5.47475 0.65544999 -4.3164501 0
4.53685 1.60305 -6.0109501 0
0.15835001 -5.25915 8.0574503 1
7.8851171 1.4972171 -24.090967 0
6.4891949 3.2737939 8.2779169 1
1.19265 4.8589501 19.12265 1
0.90565002 -0.86804998 11.45755 2
5.1072502 0.50521702 -1.52495 2
2.872617 -1.4747829 4.2810502 2
5.5026999 0.89955002 -20.56975 0
7.3926501 2.71135 4.5998502 1
5.4819498 1.03055 -23.565901 0
7.4275498 0.038449999 -10.95945 0
-7.77775 0.37764999 22.03425 1
4.99155 4.1120501 12.17025 1
1.8221 -0.58020002 16.0527 2
4.508584 -0.91125 -2.1012831 2
-1.32965 -2.6961501 22.31465 2
4.8702159 1.649683 -6.263783 0
-7.63375 -1.80855 17.96175 1
7.6768498 2.05215 2.3545499 1
3.0632501 -0.73084998 16.35535 2
-7.8448 -1.3186001 18.941799 1
4.6336498 1.58875 -7.1437502 0
-7.8882828 -0.35438299 21.072433 1
7.8270502 1.78555 -24.242849 0
5.3601499 -1.3038501 -1.69735 1
-0.83950001 -5.0984998 9.1550999 1
7.4826498 -0.17605001 -24.253651 0
7.0419502 0.18805 -2.8857501 1
6.2514501 2.1398499 -16.984051 0
1.30425 -3.70785 21.848249 2
2.9044161 -1.918067 18.49415 2
4.6416101 -3.0399899 1.33255 1
2.1090131 -4.53615 5.8991499 1
2.42695 -2.9388499 20.14875 2
5.3335171 0.48525 -3.6583829 1
-7.2428999 -2.250675 17.489725 1
-8.2154503 0.99835002 22.685749 1
1.8785501 -1.4524 7.7167001 2
2.9160249 -1.481425 5.0595002 2
3.04825 -1.40475 3.5135 2
-6.8222499 -2.9481499 15.78655 1
7.4440498 1.1055501 0.2728 1
5.90343 -0.12903 -4.8808098 0
5.3861499 -0.14145 -4.5053501 0
5.1357498 0.61435002 -2.25755 1
3.0926499 -1.58325 17.911751 2
4.098 4.0957999 14.589701 1
-7.2898002 -2.10865 17.852451 1
5.258172 3.937072 12.072161 1
-0.067900002 -1.74185 16.444199 2
2.0671 4.899075 17.886074 1
3.2816501 0.84715003 4.7975502 2
-1.6966749 -5.0960751 10.136875 1
1.65727 -4.6872702 6.6830502 1
5.8247828 -1.1277829 -2.11485 1
-7.9692502 1.72745 22.798849 1
5.8969698 1.88721 -16.29071 0
4.4678502 0.70380002 0.4522 2
5.8231001 1.33675 -21.5476 0
2.79795 -1.424583 17.661684 2
-1.3107589 -3.7158129 24.282188 2
3.28093 0.92675 -5.7288699 0
1.351136 -0.86752099 10.124536 2
1.4570169 -0.28558299 16.732616 2
-2.7081251 -4.871675 11.264812 1
2.5357499 0.58805001 13.18605 2
5.48525 -1.7664 -0.70155001 1
5.4224501 1.21465 -19.60865 0
-1.21655 4.8257828 22.146017 1
6.0576501 -0.53920001 -3.9288001 0
2.9647 -0.79234999 16.637249 2
2.7046499 -2.78055 19.70505 2
5.3319502 4.00915 11.40475 1
-2.0412829 -5.05615 10.517384 1
-2.1942999 -4.8901501 10.8015 1
6.3088169 2.14045 -17.64805 0
0.63901699 -0.89725 18.04805 2
0.84455001 -4.8709502 7.6185498 1
0.14004999 5.0009499 20.585951 1
-7.3818998 -2.2809501 17.152149 1
-8.2039499 0.57894999 22.23295 1
-0.66642499 4.8336248 21.914776 1
6.546 2.2695501 -19.439899 0
3.37925 0.84995002 -6.6635499 0
2.68455 -4.4726 5.3296499 1
0.94770998 -1.09393 11.893929 2
6.2995 -0.075049996 -24.427052 0
2.37445 0.85165 10.24875 1
0.53535002 -1.28575 13.470383 2
-5.4872999 -3.95455 14.060499 1
7.2815499 0.78044999 -1.36415 1
3.06515 -4.3652501 4.8213501 1
4.9099498 0.47848299 -0.121017 2
5.5211501 -1.38095 -1.46275 1
-0.70181698 -4.0975828 23.667982 2
-7.8211498 -0.22525001 21.53525 1
5.5292501 0.92164999 -24.14245 0
4.10075 -3.6898501 3.02315 1
5.2672501 -1.97035 -0.18664999 1
5.4660501 1.04965 -22.93865 0
0.72165 4.9327502 20.12575 1
4.3145828 0.50805002 2.6376829 2
2.74125 -1.77245 18.205351 2
2.3150871 4.6682382 17.67695 1
5.8390169 3.7354169 10.684016 1
6.4924831 2.0934169 -24.230352 0
6.9169102 2.9212699 6.5042701 1
-1.89447 4.8766499 22.767128 1
-7.273983 2.2846169 22.236717 1
6.1311498 3.6426499 9.2219496 1
-0.034850001 -1.3205 17.45825 2
6.1336169 1.707217 -23.671385 0
-3.8606169 3.879833 22.449333 1
2.74195 0.76644999 7.2596502 2
7.6768098 1.68523 1.22847 1
0.096770003 -1.70017 15.738989 2
5.9736838 3.670383 9.6669502 1
6.9632001 0.89289999 -8.1564503 0
7.6483998 2.1767001 3.7304001 1
4.3221831 -1.082983 -1.867383 1
-1.43785 -2.3557501 21.711651 2
5.3632998 -1.71325 -0.94524997 1
-0.86264998 4.8187499 22.110451 1
6.5180502 2.79175 7.4663501 1
2.2444 -4.66295 5.6908002 1
3.69155 0.81664997 3.9207001 2
4.8596172 -0.71925002 -2.89605 1
5.05725 -2.5105829 0.50413299 1
2.3446331 4.6688261 17.343424 1
7.2848501 2.81165 4.9713502 1
-1.3635 -5.2789001 9.7319498 1
4.7975502 1.06135 -15.28665 0
-6.73875 2.9346001 22.214649 1
2.5290501 0.71714997 12.120649 1
7.5033779 1.465941 0.69947702 1
-1.15555 -3.10835 22.904051 2
-6.17665 -3.3197501 15.04615 1
2.46735 -1.80875 6.8130498 2
5.5809498 1.01455 -20.31735 0
2.3703499 -1.81055 7.1127501 2
4.32795 4.2102499 13.78095 1
1.59015 -0.69085002 8.6525497 2
3.1784501 0.69945002 -6.5217171 0
1.23931 -4.7074699 7.2653298 1
3.8873501 4.1733499 15.16215 1
4.0006499 -1.28865 -0.83305001 1
0.35406101 -0.89882803 18.546995 2
6.78405 -0.02775 -4.0589499 0
5.43045 3.8926499 11.72115 1
3.86075 -3.66185 3.13605 1
-6.23985 3.2267499 22.083599 1
0.74612498 -1.0980999 12.5313 2
-1.234286 -3.3004861 23.070812 2
-1.67155 -4.0342498 24.38545 2
7.6416831 2.0452499 -24.105017 0
5.6870499 -0.11705 -5.0290499 0
7.80825 1.69285 1.73535 2
7.3231831 2.5137169 4.950583 1
3.0330501 4.500617 16.636351 1
5.7298999 -0.75019997 -3.5666499 0
1.03985 -1.10655 17.618483 2
-6.6824002 -3.1259 15.917 1
3.2221251 -0.056150001 13.8814 2
1.06555 -0.79635 10.83455 2
-0.148361 4.8925829 21.062651 1
-8.1226997 1.263575 22.739651 1
-3.1647 -4.8339 11.73045 1
0.17105 -1.5193501 15.28095 2
0.36712101 -1.081064 18.736479 2
-0.47885001 4.8211498 21.73715 1
6.5976501 3.4066501 7.6305499 1
2.9008169 0.67761701 6.8579159 2
1.04045 -3.86165 22.161949 2
4.0987501 4.08775 14.309083 1
4.7316999 4.1477499 12.8866 1
3.2528501 -0.23675001 15.22045 2
1.43615 -0.93384999 9.8911514 2
-1.16631 -5.0349302 9.6306896 1
2.44085 0.82915002 9.46175 1
0.062350001 -4.9253998 8.2536001 1
1.03365 4.6767001 19.8528 1
3.064775 -1.16925 17.045574 2
5.9281502 3.8094499 9.9690504 1
7.2856832 -0.30298299 -11.479584 0
-7.9772501 -0.84705001 20.62545 1
2.9958501 -1.1860501 17.36075 2
2.5278499 0.67619997 12.634649 2
7.0532498 1.2392499 -10.921184 0
4.2790499 1.44245 -7.2743831 0
2.1387 -4.5472002 6.1473498 1
0.089670002 -1.12883 19.64097 2
-5.7192998 2.7890251 21.934175 1
-0.32205001 -4.8798251 9.1034498 1
3.7876501 4.2841501 14.94115 1
6.3725128 3.480587 8.3523502 1
3.2966001 -4.1083498 4.2852998 1
6.6407361 3.307307 8.0837221 1
7.0687499 0.36565 -2.23895 1
6.1215501 0.13515 -24.40925 0
0.31990001 -1.092472 19.121143 2
4.8573699 3.92348 12.67061 1
4.23665 0.88383198 1.5122679 2
3.06675 -1.31225 2.8875501 2
-6.96385 -2.7196751 16.6936 1
1.6904 -0.97974998 8.4424 2
-6.51085 -3.2560501 15.23725 1
5.22435 1.36185 -18.97385 0
3.2293789 -1.303821 17.515093 2
4.4278498 -3.2758 1.9118249 1
5.4487829 0.87381703 -20.071016 0
3.898432 -1.091132 1.137832 2
3.6231999 -3.881 3.4340501 1
-7.43925 -2.17115 17.370649 1
-5.145225 2.9474499 21.816025 1
3.898483 0.74538302 3.6912501 2
1.78555 -0.82244998 16.46155 2
-1.4094 -4.0908499 23.932751 2
5.2308502 0.65144998 -2.9503 1
-2.1127999 4.9018502 22.867851 1
2.95105 0.71821702 6.3120828 2
6.0953159 3.62975 9.87325 1
1.4765871 -0.142987 15.929964 2
6.3231502 1.9135 -23.665901 0
5.1778002 0.47332501 -2.510325 1
5.7124162 0.73168302 -24.286814 0
6.4916501 2.17875 -22.084949 0
-8.0427504 1.93205 22.699949 1
-1.41645 -2.01265 21.273649 2
5.1070499 3.9244411 12.261587 1
-2.46275 3.94365 22.81115 1
4.90797 -2.70733 0.82795 1
7.687717 1.436217 0.55188298 1
4.2726169 0.91918302 0.96358299 2
7.64715 1.04135 -0.82795 1
4.8728089 -2.68909 1.07885 1
6.6341171 3.1834829 7.862783 1
2.8957829 -1.703017 17.964018 2
5.1006498 1.0594 -17.115299 0
8.2393503 1.1543 -24.029949 0
1.35595 -3.3266251 21.459326 2
-7.7418499 -0.20945001 21.312651 1
6.3594499 2.01425 -21.86405 0
7.4616299 0.92561001 -1.28089 1
-2.107583 4.1066499 22.861383 1
-1.681 4.3877501 22.82375 1
1.4123501 4.93645 19.10605 1
6.8821502 0.096749999 -4.6006498 0
5.7516999 0.86975002 -21.915901 0
-7.77385 -1.10785 19.968349 1
-1.444083 -2.689883 22.112219 2
2.3540499 0.81405002 11.35845 1
7.6538 2.0977499 2.6506 1
-1.29185 -3.553117 24.083784 2
2.56845 -1.63825 6.6935501 2
-6.6335301 -3.1580701 15.51003 1
-1.17725 4.5887499 22.45545 1
2.16325 -2.99665 20.545151 2
-0.33002499 -4.0556002 23.333225 2
-4.2191501 3.5130501 22.40255 1
-7.58915 -1.2819 19.46505 1
4.6603498 -3.29795 1.70925 1
5.4904351 3.697757 11.0859 1
1.306883 4.5778499 19.271086 1
2.6347499 -1.6351 5.50775 2
7.9177752 0.50672501 -23.908724 0
6.2444501 3.4895 9.3552999 1
4.0969501 -1.03225 -0.10405 2
-0.30752 4.7535601 21.540689 1
6.455317 -0.17694999 -24.292383 0
2.81705 -2.1229501 18.92465 2
2.6433499 -4.3435841 5.1107502 1
7.8923101 0.31029001 -24.114592 0
5.2683001 1.28685 -15.92215 0
0.26453301 -0.93236703 19.289101 2
-3.9902501 4.0610499 22.39875 1
4.5251498 -1.03455 -2.42045 1
-0.480975 4.8639498 21.44335 1
5.5704842 0.91028303 -22.346949 0
3.5148499 -1.1507 1.5084 2
1.740567 4.8688502 18.234682 1
3.5051501 4.3469501 15.85355 1
6.889607 3.05705 6.8951068 1
7.3037829 2.4668331 -24.095419 0
-7.9369001 2.3420501 22.47665 1
7.72715 1.8601 1.9138499 1
7.6676998 1.9375 3.0115499 1
-5.9657502 -3.67205 14.68525 1
2.9158001 -1.463225 4.0609498 2
3.50915 4.2940831 15.489417 1
2.4851501 0.77985001 7.8694501 2
-4.5647502 -4.2427502 13.22365 1
0.51265001 -5.2000499 7.5880499 1
0.38475001 -1.1717499 13.65875 2
-7.15415 -2.60115 17.04875 1
5.6612501 -1.09205 -2.48265 1
-6.9509001 -2.8050499 16.136501 1
5.6824841 3.8433499 10.53495 1
5.2934999 0.52364999 -3.120575 1
0.73584998 -0.74663001 17.89147 2
5.1103501 4.0715499 11.97775 1
4.3041501 -3.3104501 2.2667301 1
2.9032731 0.73024201 6.5272732 2
2.8541 -0.91455001 2.33025 2
-0.51165003 -1.489483 20.468018 2
4.1930499 0.80065 1.97425 2
7.4807072 1.528775 1.085681 1
-5.27635 -4.0731502 13.79265 1
2.38975 0.84265 11.02925 1
1.8592499 -3.2627499 20.885799 2
7.6753168 1.261917 -0.091883004 1
1.14925 -0.74515003 10.19315 2
-0.15075 -4.1161499 23.131384 2
2.13785 4.8526168 17.685318 1
-0.87501001 -4.8970499 9.2997999 1
2.9516749 -1.316462 17.5292 2
6.7232499 3.2997501 7.21525 1
1.4389499 -0.80084997 17.11655 2
7.4805498 1.3454 0.49637499 1
2.771383 -1.558117 4.9168172 2
4.3379502 1.5348001 -5.8878498 0
-3.713872 -4.67275 12.292551 1
-7.45785 -1.87745 18.37425 1
5.0488248 0.52572501 -1.31745 2
0.50501698 -0.74675 18.12645 2
2.6912501 -1.94915 18.512249 2
6.0673752 -0.57192498 -3.68525 0
-7.6508932 0.90625 22.695652 1
-7.7017498 -0.86786199 20.091187 1
-7.9073 -0.77890003 20.120251 1
2.713366 0.45725 13.094334 2
-7.7546248 -1.5147001 18.518349 1
5.3069501 0.4921 -3.93695 0
5.847084 0.53018302 -24.325117 0
3.063417 -4.2769489 4.542717 1
4.2168498 -1.20725 0.52155 2
-2.15345 5.118 22.85535 1
1.6954499 -3.536617 21.304316 2
4.6413498 4.0369 13.4625 1
5.2714 -2.1677999 0.0363 1
-7.2955499 -2.2576499 17.699751 1
-8.0816183 0.50233901 22.0758 1
-8.2375498 0.70144999 22.46455 1
7.4525499 0.98199999 0.099299997 1
-4.7240672 3.3176501 22.131899 1
5.9141002 1.9726501 -14.97505 0
5.7065749 -1.143225 -1.93905 1
-0.20375 -1.32885 19.903749 2
3.2309501 -0.12305 14.61515 2
5.2803502 1.40215 -19.473749 0
5.9494171 -0.87674999 -2.863816 1
7.639616 2.283083 3.49455 1
0.49770999 -4.08149 22.50775 2
-3.0539 -4.8713498 11.5543 1
4.1529999 0.67844999 3.2153499 2
7.2166162 2.9426169 6.0967159 1
7.4941702 2.48283 3.9126899 1
0.23115 4.9038501 20.78265 1
4.4260502 4.1209502 13.548401 1
-0.41518301 -1.48865 20.241117 2
-1.1633331 -3.5160329 23.62705 2
4.7405 -1.0524499 -2.4698999 1
2.4928501 0.84334999 8.7308502 1
5.62395 -1.4952 -1.3196501 1
5.4248252 1.100225 -19.865925 0
1.99155 -1.5373501 7.5620499 2
7.4347501 2.6333499 4.40135 1
4.26265 4.1175499 14.109851 1
-0.85377502 -1.7305501 20.7932 2
6.1229 2.0443001 -16.55225 0
3.50035 -4.1385498 4.05865 1
5.4505501 0.053550001 -4.6371498 0
-8.0949001 1.49545 22.768051 1
3.71665 -3.97205 3.7083499 1
-4.8709798 -4.08112 13.490351 1
-7.8593502 0.18695 22.034849 1
-7.5066638 1.0840501 22.723934 1
0.31514999 -1.45025 14.7302 2
5.3922501 0.93344998 -20.397751 0
1.533672 -0.26853901 16.123417 2
5.9015999 -0.90324998 -2.642 1
4.9948001 0.5456 -2.0409 2
7.1531501 0.53415 -2.15325 1
-6.87535 -2.80775 15.94385 1
4.9363499 0.55105001 -0.66329998 2
0.500332 -0.90844101 18.335381 2
5.79285 1.32055 -20.99205 0
5.6153498 1.76255 -14.74275 0
4.1318898 -3.5423501 2.5423501 1
1.11055 -0.72775 10.64635 2
7.2808499 2.84975 5.1729999 1
-6.1023502 -3.6038499 14.91195 1
-3.878664 -4.4957809 12.524893 1
-0.94599998 4.5120502 22.137299 1
0.290095 -4.082005 22.704521 2
-1.4630001 -3.9270501 24.369701 2
6.90275 0.064350002 -3.5292499 1
0.87448299 4.8762498 19.623049 1
1.43545 -3.65255 21.70175 2
5.1273999 1.11865 -18.33205 0
6.9099102 -0.28735 -24.26263 0
-7.1278248 1.5650001 22.2929 1
5.7669001 0.90695 -23.851 0
6.4802499 3.4326999 8.0792007 1
7.5088501 0.91388297 -0.905617 1
8.048872 0.88087201 -24.101406 0
0.2823 -1.29055 14.07885 2
-8.0519514 0.063249998 21.525249 1
7.65905 1.85375 1.64615 1
-6.6403499 3.1063499 22.17235 1
-2.7179999 4.7712498 22.848049 1
6.2760172 2.1358831 -18.726151 0
-6.5290499 -3.1008501 15.6727 1
0.41580999 -1.53167 14.500992 2
0.96135002 -0.82555002 11.17205 2
0.50755 -1.20035 13.10965 2
-6.28719 2.3460901 22.13345 1
-0.27555001 -1.71925 17.01465 2
-3.1616499 4.6276999 22.791849 1
-5.52635 -3.6989169 14.21905 1
1.41905 5.01085 18.82725 1
6.8761101 3.1346099 7.2806501 1
7.2697501 2.8731501 5.85075 1
6.4504499 3.4503 8.78895 1
2.95505 -1.06185 1.77245 2
3.9976499 4.2259498 14.47805 1
3.1946499 -0.28944999 15.65665 2
6.750174 3.25475 7.7184749 1
4.4384499 -3.4426501 2.2046499 1
5.06885 1.0617501 -16.770451 0
-7.3076501 -2.0690501 18.04565 1
-1.4921499 4.4871001 22.7558 1
3.087158 -0.93708301 16.693575 2
1.483083 -4.7168059 6.8927612 1
