# .PCD v0.7 - Point Cloud Data file format
VERSION 0.7
FIELDS x y z label
SIZE 4 4 4 4
TYPE F F F U
COUNT 1 1 1 1
WIDTH 823
HEIGHT 1
VIEWPOINT 0 0 0 1 0 0 0
POINTS 823
DATA ascii
-9.0536499 5.2607999 -28.6408 0
-6.9492502 7.4867001 28.674999 2
6.4210501 -8.4412003 20.428499 1
-7.0020499 3.3025 -18.4203 0
-4.9062099 9.86796 19.50724 2
2.09325 3.4719 -4.1833 1
9.4017496 -8.3646002 11.747 1
-6.1475501 9.6541996 -22.6621 0
-8.4508495 1.3785 -4.119133 1
-5.9138999 -0.47444999 8.0710249 1
-0.74535 4.8239002 -8.6141996 1
-2.4373701 6.4790401 6.3153601 2
-8.5303497 2.2786 -9.0577002 1
-0.64995003 -5.4791002 17.1292 1
9.2912502 -9.4041004 16.5397 1
8.4973364 -7.062458 7.3046999 1
-8.0897503 1.6237 0.2458 1
2.910459 -6.5409098 19.124619 1
6.2211499 -1.85025 0.71915001 1
-6.6043501 1.2492 4.4528999 1
-3.53035 5.2870998 12.1372 2
-3.5048499 4.1413498 0.73005003 0
4.2277498 1.6303999 -1.6681 1
-6.3359828 9.6358671 23.058533 2
-2.9605501 5.9261341 -11.290799 1
-8.2612247 3.8183751 -12.344475 1
-5.2224498 4.7635999 8.6819 2
-5.0606499 -2.1912999 11.1384 1
-5.5484362 4.7008429 2.885057 2
-2.2898171 -4.4452329 15.354599 1
8.1162004 -9.6285753 18.937302 1
-7.80655 7.5499001 -22.5569 0
-3.7155671 6.2596331 14.446716 2
-4.5490499 4.4970002 -7.0832 0
0.50465 4.4189 -6.4892001 1
7.8548002 -6.0936499 5.0662999 1
-4.2568498 6.2498498 17.298149 2
-8.6422501 2.9819 -28.535898 0
9.0710497 -8.0137997 9.3591995 1
-3.7393999 6.2681499 8.0816994 2
9.6331501 -8.8462009 14.035749 1
1.0468 -5.7563 18.410301 1
-4.58285 6.1894999 21.788799 2
-4.3313498 3.7946 -1.1727 0
4.66995 -6.9849 20.0152 1
-6.2272501 4.4288001 -28.610701 0
-5.1873498 4.7160001 6.4898 2
-4.0676498 -2.9420171 12.689834 1
-5.60605 9.8662996 21.3034 2
-8.6958504 1.6583 -7.1301999 1
6.6848502 -3.4105 1.8554 1
-5.5132499 4.7624002 4.660367 2
-5.3626499 4.5546999 0.73720002 0
-4.0135002 6.4802999 -12.49845 1
-3.3118 8.4968243 13.2782 2
-6.57621 8.3239393 -21.793621 0
-5.1278501 4.8253002 10.3236 2
-3.284677 -3.844727 14.090282 1
-2.9262099 7.90662 11.09282 2
-5.4876499 4.4184999 -2.0804 0
-5.1192498 8.7712002 13.5547 2
-7.1431499 5.8729501 -28.637199 0
-6.5893502 9.0414 24.4531 2
-8.4482498 1.2957 -5.6725998 1
-7.2012501 3.2111001 -28.6532 0
-3.8859661 6.4548998 11.296033 2
-5.7267499 3.8954 -6.5591998 0
-3.9135499 5.5036011 6.9007668 2
-7.6554499 1.5634 1.5726 1
-7.1153498 1.47005 2.9633 1
-5.6113501 3.5815001 -18.256599 0
8.9092503 -9.3018999 17.850901 1
-2.3998499 6.9749999 7.5748 2
-6.1017499 4.0370669 -9.0519667 0
4.8150501 0.5596 -1.1008 1
5.6720252 -0.9066 -0.084825002 1
-5.0898499 4.8905001 12.332001 2
7.6616502 -5.2133999 4.1080999 1
-3.9007499 9.1709499 15.84325 2
-8.6391497 1.4543999 -2.4059999 1
-3.38535 5.3628998 13.5839 2
-8.38375 1.7244 -1.1605999 1
-5.02145 3.3813 -14.4428 0
1.40215 3.9398 -5.1501002 1
-0.12075 4.680666 -7.5442328 1
-6.2692342 0.85743302 5.6570668 1
-5.48525 3.9635501 -5.1146498 0
-5.6913171 -1.075933 9.1217003 1
-5.51405 4.5236001 -0.47565001 0
-8.0676003 4.4811001 -13.679225 0
9.4115496 -8.1246004 10.5579 1
-9.27005 4.0728331 -28.652466 0
-4.86905 6.6486001 -13.4982 0
-2.56585 5.718822 4.4741001 2
3.5752001 2.4593501 -2.342 1
-5.5158501 6.4797502 24.541901 2
-4.3234 9.822525 18.446301 2
-6.0742002 0.18375 6.8688002 1
-6.6610498 6.49615 -24.4837 0
-7.1863499 9.1343002 -22.657301 0
-3.92735 6.6348 9.4559002 2
9.50455 -8.5717506 12.8749 1
-3.85765 5.4745998 8.892333 2
-5.4781499 -1.5918 10.1137 1
-4.8350501 6.4583001 20.535601 2
7.0399499 -4.4253998 2.9590001 1
-7.4853501 5.5674 -24.384501 0
-3.0670829 8.3045664 12.090217 2
-6.3059502 7.3091002 27.825199 2
2.70665 2.9309001 -3.3778 1
1.71285 -6.2673001 19.073299 1
0.16185001 -5.6602998 17.8382 1
-4.7273502 4.4712 -8.2657003 0
-4.8776498 9.0511999 15.2165 2
9.5282497 -9.0236492 15.11415 1
-5.2252498 6.6697001 23.0865 2
-3.6554 5.34095 11.118299 2
-2.6113999 7.25775 8.5350494 2
3.7225239 -6.8760042 19.661707 1
-4.2808619 6.4179382 18.932108 2
-5.3067498 4.9341502 11.31435 2
-1.47455 -5.0295 16.316401 1
8.7453499 -7.6461 8.1355 1
-1.32513 5.2596798 -9.2994804 1
-3.4449501 6.1331501 12.9554 2
-4.0416999 9.1334 13.50465 2
-5.22545 4.2891002 -11.5922 0
-5.06955 4.7883 7.4597001 2
-6.1284499 7.0374999 26.54995 2
-3.9755499 5.3568001 7.8991499 2
-5.1888499 4.5953999 3.7572 2
-7.256875 7.0766749 27.85605 2
-8.1072168 5.662899 -28.549997 0
-4.1079502 6.6436501 10.40885 2
-3.80165 -3.4883001 13.394 1
-4.3582501 4.4777002 -5.9682002 0
-4.1614499 6.2530999 16.368099 2
-2.46591 6.133491 5.283391 2
-6.9977498 7.1458998 -22.4466 0
-8.3336496 3.1698 -11.6659 1
-6.4563498 5.298934 -28.555132 0
-6.7666502 7.5574999 -24.2246 0
-5.8871999 3.9102499 -7.4337502 0
-5.9025002 8.724 -23.286049 0
5.2598 0.038649999 -0.4912 1
-4.1123328 6.254334 15.336501 2
-7.3936501 6.8209 -24.8368 0
-6.2894502 3.3310001 -14.83595 1
6.38135 -2.66625 1.1889499 1
5.6553502 -7.3517499 20.046551 1
-5.19945 4.5735998 2.0985 0
-8.4021502 1.3982 -3.2400999 1
-8.4787836 1.847 -8.1379328 1
-5.1585498 3.5050001 -15.2886 0
-2.8961749 5.1289501 2.9024 2
-6.2855248 7.0949998 -24.951599 0
-3.9723499 9.0251503 12.6683 2
-2.9391501 -4.1212001 14.8038 1
-3.4892499 8.7217751 14.064651 2
-3.4876499 6.1187372 12.093475 2
1.02435 4.2255998 -5.8337002 1
-5.2945132 6.278791 -14.107963 0
-6.3438501 8.8849001 -22.43675 0
-3.7265501 5.4390998 14.3667 2
-4.8256502 5.0381999 13.777 2
-3.2714829 4.4885669 1.4194 0
-7.9454169 4.2996659 -12.884868 0
-6.0633001 7.8171 -23.832901 0
6.7327251 -3.8726499 2.50265 1
-5.20995 8.6244001 12.6462 2
-6.3819499 9.3053999 23.753401 2
-4.0655999 9.7484493 16.32625 2
-4.2399702 6.30338 18.122581 2
-5.9538002 9.8654499 22.276699 2
-6.5734501 3.744 -28.650467 0
-6.3728499 6.9987998 28.561399 2
-4.9289832 4.3888669 -10.092134 0
-8.6544504 1.48975 -6.37115 1
-1.53435 -4.5654001 15.7272 1
-4.6415 -2.6987 12.038799 1
-5.1714501 6.5696998 23.892 2
-3.7730501 8.9724998 15.1553 2
-6.9454999 7.7143998 -21.96385 0
3.05475 2.6131999 -2.8106999 1
-5.0865502 4.7680001 9.6126003 2
-3.3420999 6.05235 13.7306 2
-6.8709998 3.303225 -17.67775 0
-3.82195 6.4846001 8.7434998 2
-4.47755 3.9358001 -1.9013669 0
-5.1368499 5.1065001 13.0926 2
-4.5827699 6.4513798 19.843578 2
-6.1406498 3.3115001 -16.16 0
6.0975499 -7.9280601 20.107922 1
9.0571499 -9.4005003 17.192499 1
-5.86305 6.9636002 25.778099 2
-2.7388999 5.3428502 3.7197001 2
9.3219004 -9.22575 14.50145 1
-4.3548832 9.8837662 17.688133 2
8.5006008 -6.6257501 6.74015 1
-3.50335 6.0107999 7.0658002 2
-3.3269501 5.4254999 12.9166 2
6.81425 -8.9919004 20.216801 1
8.65485 -9.5164003 18.422701 1
4.4702749 1.053125 -1.357175 1
-6.8703842 9.6842155 -22.521101 0
-7.2301502 7.7124 26.9736 2
-4.40695 6.6128502 -12.9882 0
-6.6957502 9.0175486 -21.919926 0
-1.7063 5.4553499 -9.7687502 1
9.2333498 -8.1899004 9.9521999 1
-6.2002501 0.40920001 6.0991998 1
2.293478 -6.5048342 18.977623 1
-5.3060498 4.5792999 1.3604 0
-5.3014002 4.7486 5.8519001 2
-3.69455 4.1461501 0.1372 0
9.2258501 -8.5789747 11.104675 1
-4.1096501 3.8773999 -0.60890001 0
-8.3613501 2.9600999 -11.0441 1
-5.33775 4.7581 5.2467999 2
-8.3216496 2.717433 -10.4702 1
-0.35921001 4.8422399 -8.0656404 1
-6.0267501 3.9702001 -8.0623999 0
-6.0390501 -0.083899997 7.4520001 1
-4.4980001 9.7344999 19.030149 2
-7.1080499 8.8297997 25.4659 2
-7.4221501 8.0783501 26.161999 2
-6.5907502 3.1629 -26.567101 0
-5.6869502 6.6686001 25.304701 2
-6.1571498 7.4952502 -24.510626 0
-5.1075501 10.0644 20.211 2
-5.5016499 4.5197501 -1.347 0
-6.6445999 3.5847001 -18.897099 0
-6.4991498 7.6782999 28.375999 2
-2.52665 6.1426501 5.8601999 2
-3.7913499 5.9400001 7.5542998 2
-5.0573502 4.1992998 -10.8548 0
-3.5801499 8.9598999 14.57235 2
-9.2795506 4.7224398 -28.641857 0
1.88925 3.7097001 -4.6521001 1
-5.57165 3.8408 -5.7342 0
-4.6661668 -2.3447671 11.505683 1
-6.1276999 3.30405 -15.5336 0
9.6168499 -8.4603996 12.2476 1
-5.57165 3.5050001 -18.801399 0
-5.0239501 4.7919002 11.7936 2
6.4708161 -2.871634 1.689333 1
-6.1384501 9.0886002 -22.953251 0
-5.3233752 8.4678497 12.135825 2
-6.8930502 1.2691 3.9365001 1
-6.9654999 9.0552998 24.905499 2
8.0847826 -6.4830999 5.7371669 1
-3.015017 7.9617 11.677567 2
-3.8081501 5.3887 9.4822998 2
-0.18584999 -5.3417001 17.382601 1
-2.1031301 5.4832802 -10.122 1
8.8775501 -7.1606998 7.9645 1
1.8985 -5.8843498 18.6728 1
9.0486498 -7.3912001 8.5444002 1
-8.284399 3.3640749 -28.554649 0
-8.60355 1.5750999 -1.8032 1
-7.4102998 6.1303501 -23.11895 0
-2.6607499 7.3289499 9.1177998 2
-7.4872499 5.8279672 -28.249367 0
-3.7018831 6.3385 -12.1078 1
-3.6436501 5.3628998 11.6359 2
-6.1999502 8.9052 -21.8207 0
-8.5057497 2.5000999 -9.5274 1
2.4623499 3.2175 -3.7161 1
-2.5351501 6.9541998 8.1375999 2
-8.6044502 5.7519999 -28.532 0
9.6191006 -8.7101994 13.45015 1
3.9000001 2.0423 -1.96245 1
-7.2927499 7.2902002 27.403999 2
7.8440499 -5.5247002 4.8382001 1
-2.9489501 4.8122001 2.5215499 2
-6.87605 1.6066 3.4093001 1
-4.1775498 6.1553001 19.340799 2
-5.2288499 -1.912967 10.702466 1
-5.0978498 4.8288999 10.8766 2
-5.1644502 4.6364999 4.2501001 2
-7.3452001 3.1375 -22.8615 0
-8.6861496 1.5992 -2.8755 1
-5.3541999 8.572401 13.11345 2
-8.6813498 1.4500999 -4.6687999 1
-2.8099501 7.5510001 9.9611998 2
8.8414497 -7.8632002 8.5903997 1
-3.9726169 6.2580671 14.855801 2
-3.663064 5.502543 10.535501 2
-6.7336502 9.3268003 24.080833 2
-3.0589499 4.5289001 1.9877 2
-4.5465498 5.1016998 14.1616 2
-6.7164502 5.6963329 -28.493065 0
-9.5081167 3.642067 -28.512733 0
-2.7086501 5.7191658 -10.926533 1
-4.7346501 6.3216 22.2211 2
-4.6064501 4.5085001 -7.7154002 0
-5.8150501 -0.75980002 8.6155996 1
-5.9691501 3.1949999 -14.2931 1
-5.4911499 4.9257998 12.5774 2
-7.1556501 6.9960999 -23.354 0
-1.107633 5.0754828 -8.9262838 1
1.33375 -5.9877 18.699499 1
-3.9437499 9.6355257 15.869326 2
-3.92395 5.3425999 8.4490995 2
-8.6808004 1.475975 -5.1348252 1
-4.8592501 4.4801002 -8.9247999 0
-3.2708499 6.0388999 -11.7712 1
-5.3448 9.9260674 20.66655 2
-7.3052249 6.7101998 -25.280399 0
-5.2822499 4.6557999 3.3062999 2
-4.039134 6.6557832 9.9049997 2
-4.2463498 4.4937 -5.5218 0
-5.17835 6.3418999 23.406099 2
-5.3071499 4.5124002 0.15700001 0
-6.9383502 8.1165504 26.1052 2
-2.6087501 -4.2192001 15.1019 1
-7.0029998 7.329 28.251751 2
5.0086498 0.2256 -0.86870003 1
-3.663425 6.2842751 11.703675 2
9.2498369 -9.0836506 15.464962 1
-7.9819498 1.5948 0.73360002 1
-4.0660501 6.54 10.8413 2
-5.7503672 9.9070673 21.848368 2
-8.2636499 4.0068998 -12.74575 0
-6.4956002 3.459075 -11.11285 1
-1.0973001 -5.1630001 16.629349 1
-6.74505 8.6303997 25.617001 2
-8.3919497 3.5587001 -12.0132 1
7.1047502 -9.2927666 20.078299 1
-5.7129002 4.6445498 -0.87805003 0
-4.23911 6.0872998 18.506109 2
-8.4220505 1.9581 -8.5837002 1
-3.6759501 9.4057999 14.9092 2
-6.17345 1.0714999 5.277 1
-6.8220501 7.3259001 -23.833099 0
6.8426499 -3.4525001 2.5715001 1
-7.3582501 1.5096 2.5998001 1
-6.1255498 7.1061001 27.1227 2
-5.2659502 4.7164001 7.0748 2
1.3570499 3.6214499 -4.8543 1
-5.6399498 -1.2744 9.5560999 1
-7.8393502 1.5944 1.1789 1
6.0322499 -1.6149 0.39700001 1
-2.9056211 8.1081276 10.703316 2
-6.1630502 7.3445001 28.406799 2
-0.72920001 -5.1458998 16.852402 1
-2.7911501 5.3026671 3.2822001 2
-4.9190831 6.481267 21.052801 2
-4.05865 5.0879998 6.9232001 2
-7.4663501 1.4949 2.1842999 1
-3.6149499 -3.6575 13.8285 1
-4.1975498 6.4134998 17.690201 2
-6.4857001 1.13595 4.8484998 1
-3.69835 9.4973001 16.1917 2
-7.9199171 5.774601 -28.068733 0
-3.9795499 9.7040997 17.5931 2
5.8832998 -1.34445 0.1031 1
-5.5615501 3.567467 -17.7383 0
-2.638175 5.5249 4.0906501 2
-3.16185 8.1500998 12.4723 2
-6.7340498 8.8083 25.1572 2
-5.2471399 6.2876201 22.695599 2
-2.4781499 6.5820999 6.9096999 2
9.6473837 -8.9679003 14.460334 1
-6.1026502 3.9682 -6.9428 0
-3.8261499 9.6414003 16.7617 2
-7.3111501 7.4596672 -23.628832 0
-3.9572001 6.0657501 17.525799 2
-5.0705781 6.2979822 -13.733118 0
6.30265 -2.2553999 0.74779999 1
-2.5192609 5.8718781 4.9468551 2
-4.4294 -2.8940001 12.48565 1
8.3532495 -9.3511 18.743799 1
7.850275 -9.6430998 19.24865 1
-3.3002999 4.3073001 1.0543 0
-7.9037499 4.5304999 -13.2185 0
-4.4052501 8.7580004 11.9204 2
8.7771502 -6.9769001 7.6155 1
-4.4840159 9.8872986 18.077967 2
-8.2099504 1.5806 -0.19230001 1
-6.4889998 3.3347499 -16.728001 0
-8.1720505 4.1914001 -13.2002 0
-7.47435 7.0138998 -24.492201 0
-5.2781501 4.5904999 2.4942 2
9.1006784 -7.7119861 9.0938444 1
-4.8138499 4.3667002 -9.4281998 0
-1.72855 -4.8406 15.946067 1
8.2302504 -6.1448002 5.8905001 1
-6.4536271 4.108417 -28.492756 0
-4.445025 6.2167749 20.134575 2
-7.8983498 4.5784001 -14.1099 0
-6.20855 9.4007998 23.408701 2
-3.476675 6.1298251 12.489676 2
-3.3638501 8.5655003 13.7225 2
7.4527998 -4.8986001 3.8815999 1
-5.6567998 6.51055 24.9433 2
-8.3151503 1.7201999 -0.56950003 1
2.0729251 -6.11025 19.045376 1
9.4283504 -9.2348003 15.982 1
-5.2492499 4.7322001 8.2339001 2
-4.8870368 9.8842878 19.898314 2
-6.45435 7.1417999 -23.978201 0
-8.4600496 1.4512 -6.8966999 1
3.25595 -6.3687 19.450199 1
-4.0855098 9.0636597 13.12438 2
6.5163498 -8.1866999 20.153099 1
-2.04425 -4.5448999 15.6357 1
-5.7478499 3.9173 -5.3936 0
-4.9812999 4.3628502 -10.472651 0
8.6069498 -6.7402 7.1252999 1
-2.81635 7.7091999 10.6132 2
-4.2992501 6.1181998 19.7022 2
-8.670083 1.477567 -5.9261661 1
-6.3395252 9.1380253 24.1798 2
-3.4818499 6.2102199 14.148039 2
7.7195249 -5.3624249 4.5156751 1
-5.2922502 4.8926001 9.9088497 2
-3.7558 9.3732004 15.503 2
-9.0968199 3.50912 -28.639709 0
-8.4517498 3.0720999 -10.5186 1
4.0234499 -6.7704 19.8678 1
9.28475 -8.4500999 10.7525 1
8.0161486 -5.8750501 5.3309498 1
-2.961575 8.2261248 11.290626 2
-6.5142999 8.6873751 -21.904999 0
-2.60255 7.3564 8.1715002 2
-4.1539001 4.0599499 -0.97355002 0
-4.55445 9.7573004 19.4352 2
0.73025 -5.9018331 18.274567 1
-8.5538502 2.0065 -7.8091002 1
7.2864499 -4.5211749 3.4412501 1
-5.7092171 3.387867 -13.899234 1
-7.2055502 9.4861002 -22.538052 0
-4.6494498 6.2079 21.4249 2
-3.98435 5.9846001 18.2589 2
-8.6489 1.51325 -3.8378501 1
-1.2018501 -4.7902999 16.3771 1
4.5743499 0.70520002 -1.4068 1
-5.5369501 4.4786 -1.70855 0
-5.2996502 4.2396998 -4.9632001 0
-8.6882496 3.3336999 -28.622299 0
-4.32935 3.9804001 -1.4864 0
-4.4351501 6.4106498 19.363499 2
-4.33005 4.4734998 -5.1324 0
3.4607501 -6.5855999 19.673849 1
7.70435 -5.8059001 4.5928001 1
-4.1017499 -3.2125001 12.925 1
0.12602501 -5.7093248 17.483438 1
-5.3003001 3.7038 -15.689899 0
-5.9520502 6.9888 26.1658 2
8.4204502 -6.4317002 6.3867998 1
-6.97685 3.4073 -18.080099 0
7.4486499 -5.4553752 4.2998748 1
-6.1119499 4.0061002 -8.4743996 0
-4.8852501 -1.962 10.9312 1
-0.46215001 -5.1578002 17.0858 1
6.8850999 -4.1066999 2.9497499 1
7.9608002 -6.2550001 5.4962502 1
-3.28193 5.7386198 -11.47326 1
-3.88025 6.4880328 9.1077337 2
-6.0955501 4.0556998 -9.6963501 0
-8.9663 4.9646001 -28.476299 0
6.1670499 -8.1794004 20.4027 1
9.2233496 -7.9157 9.7371998 1
-4.9602499 6.2880001 22.492901 2
-6.36445 4.9828 -28.6679 0
-3.8477499 6.2480998 8.4546003 2
-5.9728498 8.3278999 -23.5313 0
5.6372499 -0.56290001 -0.0638 1
-6.0639501 0.46653301 6.4171 1
-4.4503498 4.4481001 -6.2985001 0
-3.47035 5.3421001 12.6153 2
-6.2440252 9.6918764 22.731949 2
-5.6896901 -0.67720002 8.3063402 1
-8.4383497 1.327533 -4.8952661 1
-5.2828498 4.8249998 7.8759999 2
-8.2204504 2.9201 -28.492901 0
-6.1695499 7.2232199 27.459158 2
5.29215 -0.42289999 -0.61799997 1
-6.38485 6.3909998 25.867399 2
4.7348499 0.89099997 -1.1102329 1
-3.21665 8.2594995 12.7914 2
-3.37095 5.3477998 13.2456 2
7.2448502 -4.2399998 3.1547999 1
8.9692497 -8.7112999 11.279 1
9.2899876 -8.9481306 14.687318 1
-8.4573498 2.1659999 -8.3227663 1
6.0088501 -1.3348 0.5783 1
-7.6894002 7.1259999 -24.2619 0
8.0732994 -9.3249502 19.070049 1
5.7894502 -0.92320001 0.22669999 1
-6.5495501 9.6344995 -22.591299 0
-8.2552891 2.7025001 -10.108541 1
-5.33741 6.3594999 23.69838 2
-6.3838501 7.0576 -25.272049 0
-3.73755 5.6761398 9.1249399 2
-7.01755 5.8456998 -24.381998 0
-6.4049501 3.2226 -17.4569 0
-6.4539499 4.6598001 -28.55085 0
-8.4162502 1.6569 -3.4428 1
-7.5395498 7.6556001 -22.397499 0
-5.5067749 -0.96425003 8.8678999 1
-5.6731501 3.9131 -6.1693501 0
9.4150496 -8.6955996 12.1189 1
8.2351503 -6.7730999 6.5002499 1
-3.62255 6.2045002 7.7823 2
-4.02105 8.9433002 12.3213 2
6.5053501 -3.0042 1.3926001 1
-6.9897499 5.8576999 -22.580099 0
-8.4516497 2.2706339 -8.6692667 1
-6.3885498 0.75300002 5.3557 1
-4.49015 6.2790561 20.5361 2
-7.3151498 8.4514503 25.892349 2
-5.84165 7.4789 -23.8314 0
-4.2816749 6.28755 16.700674 2
5.3412499 -7.2846999 20.007099 1
2.8689699 2.6891799 -3.0643001 1
5.4868498 -0.2332 -0.2334 1
-2.5241499 5.9860001 5.5641999 2
-4.7736001 9.89855 19.0634 2
-2.4747069 6.9060431 7.101172 2
-8.4464827 1.5605 -7.3088331 1
6.46805 -8.6510496 20.134624 1
3.7553501 2.25475 -2.15465 1
-3.5193169 6.0880661 -11.9679 1
-7.6368499 3.1744001 -28.617901 0
4.4070501 1.4811 -1.4497 1
-3.1565499 -3.9547999 14.4529 1
-4.9787502 5.0465999 13.3632 2
-7.38025 5.8259001 -23.0305 0
1.6386499 -5.9147 18.492666 1
-6.6785831 8.9071674 24.860533 2
-5.2711 4.9429002 11.9507 2
-4.1240039 6.3068552 15.648789 2
8.68155 -9.5314503 18.10775 1
-5.2813501 4.5893998 1.6754 0
-2.7149501 7.3724999 9.4260998 2
-5.33815 5.14645 12.743151 2
-4.7165899 3.95292 -2.8936999 0
9.6536503 -8.6646004 13.1399 1
-8.7245998 5.3164501 -28.617649 0
-4.9932499 4.1497998 -4.9892001 0
-7.0634999 7.0556502 28.107498 2
-8.7265816 1.457333 -5.4454999 1
-6.5506501 3.1931 -26.0333 0
-5.9595499 9.6294003 22.4841 2
-5.96245 6.6188998 25.632299 2
-8.3544502 2.3972001 -9.8027 1
-5.3755498 6.244 -14.4931 0
7.7151999 -5.8274999 4.9032998 1
-3.4807501 5.9823499 13.2458 2
-5.38765 4.5100999 -0.1437 0
-2.50895 6.7551999 7.3702002 2
-5.41855 6.5407 22.7477 2
-5.2655501 4.6985002 4.9513001 2
3.32985 2.4770501 -2.5302999 1
-3.11115 7.9994998 12.0622 2
-6.6735501 7.4576502 28.53775 2
-5.38835 4.6097999 1.0642 0
-5.6745319 9.6830654 21.541893 2
9.1300497 -9.3458004 16.8985 1
-5.2773499 4.7460999 6.1973 2
-3.7102499 4.0834999 0.50924999 0
-3.2386999 4.7283001 1.8389 0
7.4598498 -5.3021002 3.8952 1
2.6236501 -6.3773999 18.862801 1
-3.9242499 9.7145996 17.271799 2
-3.59885 5.5383 11.3442 2
9.2130499 -8.7377014 11.8351 1
-6.1435499 4.0545001 -10.06715 0
0.34255001 4.4296999 -6.7793999 1
-8.6566496 1.5649 -6.6961002 1
-5.85005 3.935333 -7.1340671 0
-1.540017 5.157867 -9.4870014 1
-6.9116302 1.64744 3.09938 1
-6.19945 4.1097999 -8.7764997 0
-8.4230003 3.2184999 -11.3088 1
-8.3861504 2.6886001 -9.7349014 1
-8.4204502 1.33425 -3.7588501 1
-3.72965 5.3597999 10.2796 2
-5.2306499 4.8112998 9.1496 2
-3.664083 9.1074991 14.8786 2
-6.7632499 9.2740002 24.378099 2
4.9668498 0.54049999 -0.84320003 1
-6.0751672 0.70754999 5.9081841 1
9.0253506 -9.4261999 17.48855 1
-4.6601501 6.4361 20.294849 2
-7.2670841 8.6603003 25.6854 2
-5.3359499 9.7463999 21.340599 2
4.3878498 -6.9119 19.910999 1
8.9222498 -7.3105998 8.2871332 1
-5.2773499 4.9189 10.6554 2
-4.6543002 3.8583 -2.2922001 0
-4.6817961 6.4614048 -13.282715 0
1.1495 -6.0278001 18.466 1
-8.5082502 1.7289 -1.5707 1
-7.1026502 1.7372 2.8397999 1
-5.8584499 0.40720001 6.6195002 1
-5.2045498 4.7526999 6.7807002 2
5.4980001 -0.75985003 -0.2701 1
-4.3447499 5.0723 14.3726 2
6.3657498 -2.4719501 0.93550003 1
9.6009502 -8.5160503 12.5352 1
7.9195099 -5.7302999 5.0874801 1
-5.4368749 9.8713503 20.937599 2
7.0775752 -4.6830249 3.3185749 1
4.8856301 -7.1512198 20.116901 1
-4.2277498 6.3323002 15.9259 2
-4.7576499 -2.6105001 11.7884 1
-8.4970503 1.8549 -7.4752498 1
-6.4684901 9.49084 23.498838 2
-6.5363498 5.7528 -23.767599 0
0.68001699 4.2610331 -6.1094999 1
-8.7418499 1.4832 -4.3889999 1
-4.8930502 4.3884659 -9.7144661 0
-4.3305502 6.3365502 17.033951 2
-6.38165 3.5311999 -18.793699 0
-6.1448002 9.4731998 22.889999 2
-8.63305 1.4951 -2.0769999 1
0.51975 -5.5432 17.971001 1
9.3171749 -8.3159008 11.47835 1
-6.92345 3.3940001 -28.664301 0
9.4627504 -9.0972004 14.087 1
-4.4561329 -2.7119 12.254933 1
9.4220505 -8.9937 13.5105 1
-6.9650002 3.2665 -18.70035 0
-7.6661501 5.7670002 -24.267401 0
-7.5707159 1.5622 1.9284329 1
9.3425398 -9.2797909 16.28931 1
-6.0378499 0.1045 7.1385999 1
9.1011496 -7.5906 8.8376999 1
-5.4783502 3.5448 -16.921249 0
-3.5167501 5.3589001 13.834 2
4.0925498 1.88325 -1.8304501 1
-5.1264501 9.8903999 20.4321 2
-2.70595 5.6680002 -10.5866 1
-3.69297 5.5142202 9.8977604 2
1.06995 4.0876002 -5.5939002 1
-5.3102999 4.7269001 5.52355 2
-4.6287498 4.77 -7.5358 0
-5.0578499 4.2191 -11.1571 0
-6.3680501 7.4674001 28.0464 2
6.885962 -9.1241999 19.923962 1
-4.0102501 3.9261 -0.3127 0
-3.9058609 6.5000768 9.6990232 2
-2.273314 5.5304642 -10.337708 1
-6.7390251 7.8807001 -21.879448 0
5.8712502 -7.5251002 20.0734 1
5.1187501 -0.0123 -0.77670002 1
-7.2780499 5.8945999 -24.299299 0
-5.7452502 4.6684999 -1.1821001 0
-5.369 3.8865499 -4.8748002 0
-5.1914501 3.5757 -14.8953 0
-8.3633499 1.7578 -0.83969998 1
-6.0131502 -0.32089999 7.7571998 1
-4.1651502 8.8165998 12.0435 2
-8.8680096 5.5253801 -24.695019 0
-5.3729501 4.7493 3.6206999 2
-5.0651498 8.9258003 13.7767 2
6.2204499 -1.8436 0.99489999 1
-5.8893499 3.9149001 -5.8910999 0
-5.0819502 4.4918671 -10.693934 0
-1.92915 5.3705001 -9.9060497 1
4.9062171 -6.9720998 19.8757 1
-4.7164502 4.6915002 -8.1023998 0
-0.58534998 4.9604998 -8.4379997 1
-6.0353489 8.095067 -23.662367 0
9.3075104 -8.1106806 10.304819 1
9.4332504 -9.1083994 15.666934 1
-5.9767499 3.9374001 -7.6911998 0
-8.1164503 1.7571 -0.0055 1
-5.357233 8.6820002 13.4538 2
9.2452497 -8.6106014 11.5887 1
-7.5559502 6.7126999 -25.026899 0
-4.4977498 -2.3411 11.7192 1
-3.62625 5.4024 11.904 2
-5.4918842 -1.522633 9.8452005 1
6.6657 -8.7466507 20.29435 1
-3.31885 -3.5583999 13.8309 1
-4.0344501 9.2744999 13.9242 2
-3.9247301 -3.3038399 13.158101 1
-6.0495501 3.9315 -6.6799998 0
8.4858503 -6.9095001 6.9528999 1
6.4945168 -3.163734 1.932 1
-4.0308499 9.3473501 14.3095 2
-3.3304501 5.9250998 12.710975 2
-4.6887498 -2.1348 11.3311 1
8.30655 -6.2687001 6.1490002 1
-6.2112999 7.3286748 -24.75905 0
-3.9978499 6.6076002 10.1663 2
-5.4051499 -1.7869999 10.2832 1
3.6336501 2.2126 -2.4301 1
-4.3453369 9.6593876 17.867064 2
5.1386929 0.275271 -0.64024299 1
-2.747117 7.477334 9.711833 2
-8.3785496 2.0644 -9.0138998 1
-3.6386831 5.5046768 10.911089 2
-4.9191699 6.3001599 21.322241 2
8.2239504 -6.5177002 6.1287999 1
-2.892575 5.7417998 -11.1158 1
-1.80375 5.2869 -9.5931997 1
-5.3638 6.4629998 24.0343 2
7.4489999 -4.7269001 3.6838 1
-4.2387171 6.504034 -12.768433 1
-6.18645 3.3076999 -15.075 1
3.2648499 2.7045 -2.6856 1
2.5234499 -6.5309658 19.097601 1
-4.8059502 4.5440998 -8.6778002 0
-1.11755 5.2578001 -9.1421003 1
-3.8979371 8.9558496 12.907988 2
9.2339497 -8.3435001 10.4331 1
-3.74475 3.9956999 -0.068499997 0
-7.9106002 3.2669499 -28.546276 0
-3.8663499 6.4091001 -12.2959 1
-3.0617099 4.9036002 2.2573199 2
6.2660999 -8.1224499 20.155649 1
-4.0293498 6.1594329 15.111667 2
-6.8662171 9.0885334 24.523767 2
-2.3912499 5.6996999 -10.6209 1
9.5195999 -8.7385998 13.8323 1
-5.6761999 -1.27885 9.2778502 1
-8.04105 4.0163999 -12.107 1
-7.2962499 5.8962998 -22.7827 0
-2.8598499 4.9025998 2.7907 2
-0.94150001 4.9730749 -8.6797752 1
-3.6930079 6.28895 11.297242 2
-5.5715499 4.45295 -2.3178 0
-3.3903501 6.0216999 14.0047 2
-6.1251502 4.0167499 -9.3038502 0
9.29245 -7.9794002 10.0884 1
-3.73283 9.3092804 15.25884 2
-5.6143498 -1.5316 9.6236 1
-2.7832501 7.6733999 10.3522 2
-6.9093499 6.8635001 28.2654 2
6.09025 -1.5346 0.70950001 1
-9.2300787 4.4882569 -28.506685 0
-4.7653999 6.2806501 20.871799 2
-3.7090499 6.2249331 12.036334 2
-5.1746502 8.5186005 11.9407 2
-6.653276 9.4570999 23.882524 2
-2.2983501 -4.165 15.1269 1
-6.8002501 3.6394999 -28.6387 0
-6.9972501 7.1975999 28.4643 2
-6.9247499 1.3128999 3.6926999 1
-7.0440502 7.52035 -22.086201 0
9.283 -8.3383751 11.070413 1
-5.6497002 3.5578499 -18.501949 0
-3.56285 4.2329998 0.33039999 0
-5.38485 4.5279002 0.4905 0
0.71885002 -5.5767999 18.116899 1
-4.0292001 6.5043001 11.08505 2
-2.4921501 6.9411998 7.8927999 2
8.6714993 -9.3151236 17.925976 1
3.0828969 -6.5112352 19.301138 1
-4.5008502 4.5018001 -6.8395 0
-5.2923832 4.8771 9.5263004 2
-4.4430499 9.8025999 18.7978 2
-7.0464501 1.4469 3.2003 1
6.6422172 -3.648 2.161767 1
-1.29005 -5.0988669 16.489334 1
-5.0590501 3.47405 -14.667999 0
-5.1778498 4.8702002 11.1143 2
-7.9648829 4.4432998 -13.459167 0
-6.37115 9.6135998 23.300751 2
-3.9932001 5.3136501 8.1404495 2
-4.3898501 3.8169999 -2.0977001 0
-4.8938498 -2.2880671 11.290367 1
-6.8450499 1.1652 4.1536002 1
-3.8619499 9.1335602 13.67162 2
1.658 3.6819999 -4.7291002 1
-6.1480951 8.7113667 -23.118332 0
5.815783 -7.9484 20.283865 1
7.6819248 -9.6239996 19.433926 1
-4.8152499 3.7986 -2.562 0
8.7104502 -7.2220001 7.7965999 1
-8.0862894 3.9281149 -12.475414 1
-4.1507502 -2.7327001 12.4728 1
-8.5255499 1.8243001 -7.1866002 1
-8.47715 1.585 -1.3382 1
-8.4238501 2.4679999 -9.2938995 1
-6.2904 0.56449997 5.7095499 1
-5.2371001 3.5120001 -15.519199 0
-4.2449732 6.2556539 18.754276 2
-6.5563998 8.0822506 -21.776501 0
-5.5432501 4.8051 2.6656001 2
-6.4945502 0.89829999 4.8982 1
-8.4521503 1.7938 -7.8670998 1
-3.3846099 8.8787794 13.911899 2
-6.18435 3.3094001 -15.9214 0
-7.2986751 8.2731247 26.055899 2
7.0471172 -4.3386998 3.2544329 1
-0.26795 -5.5562 17.459801 1
-2.5171859 5.892746 4.7059999 2
-4.2026 6.1385002 17.94985 2
-6.9046302 8.6884003 25.29274 2
5.7438502 -0.72390002 0.081100002 1
-5.0953498 4.8063998 11.5635 2
-8.3941498 3.9937 -22.366301 0
-5.15135 4.6188002 3.9937 2
-2.6080501 6.3353 6.4052 2
-1.35495 -4.7768998 16.1922 1
-2.472533 6.508884 5.905684 2
-3.64135 5.679214 10.696771 2
-2.502883 6.531611 6.6762218 2
-5.5869498 6.3744001 24.29755 2
-3.885 5.7161498 7.0954499 2
5.2685499 -0.17990001 -0.3928 1
6.89785 -4.0464001 2.5083001 1
-9.2577829 3.6867001 -28.643198 0
-3.6930499 -3.1884 13.2462 1
9.3492508 -9.2374334 14.867833 1
-6.4235501 9.1034498 -22.492649 0
-8.3912497 3.3339 -11.8301 1
8.8634501 -9.5304003 17.9042 1
-6.375617 1.222433 4.5169001 1
-5.2557001 6.4265499 -13.924299 0
-8.43435 1.36215 -3.5220001 1
-3.5337501 8.7605 14.2961 2
-7.2865829 7.3651328 27.154732 2
-7.2595501 5.6313 -24.426798 0
-3.19525 8.3533001 13.0095 2
0.25035 4.5970001 -7.1861 1
-2.657316 7.3323669 8.8797331 2
