# .PCD v0.7 - Point Cloud Data file format
VERSION 0.7
FIELDS x y z label
SIZE 4 4 4 4
TYPE F F F U
COUNT 1 1 1 1
WIDTH 651
HEIGHT 1
VIEWPOINT 0 0 0 1 0 0 0
POINTS 651
DATA ascii
14.47575 6.6754999 -33.817902 2
-15.71125 2.6935999 20.3214 0
-5.5036802 -3.4841199 4.2976599 0
12.7509 -7.0588002 33.82 1
4.7988501 7.4074001 4.5409002 0
3.4957831 -3.954267 -1.949367 0
7.3557501 -4.3934999 24.8333 1
-8.30445 4.2593999 23.0553 0
13.508076 -2.1364999 28.287201 1
11.3912 1.4382499 22.453251 1
4.6367502 -0.75529999 13.6245 1
6.0473499 -1.915 19.419201 1
7.93925 -1.6117001 -5.7420001 0
1.40565 6.0925999 13.0285 0
9.6314497 -5.5611 29.7017 1
-14.88515 1.5482 15.279551 0
11.09 1.3219 -11.85275 2
11.21525 5.7145 -9.7479 2
10.046683 2.844733 18.313299 1
7.5058498 1.1632 1.7111 1
6.9828501 3.7077 7.8126001 1
-10.23825 -1.503 7.9134998 0
5.667541 1.28934 10.50766 1
13.19415 -4.3800998 31.246901 1
12.45355 -0.1238 25.516649 1
6.36415 1.1308 4.8806 1
5.3870502 -1.1332 16.4359 1
6.7799501 3.4298999 3.2844999 1
11.18825 -6.6272001 31.6366 1
-10.90095 3.8299 22.2981 0
-13.892049 1.066 12.9212 0
3.7767501 7.3206 6.9376998 0
2.20245 6.7378998 10.6557 0
-6.1022501 4.2354999 21.8722 0
-3.6891251 4.5418248 19.702576 0
9.3944502 -0.43059999 -7.4477 2
5.2526498 -3.2904 -3.5021 0
-13.41775 3.7890999 20.8027 0
14.77385 5.3102002 -25.1875 2
15.146 4.49295 -33.690849 2
10.45285 5.2825999 -16.739599 2
-0.50604999 5.0837002 16.223202 0
-15.45715 1.72 17.549 0
8.5239334 5.8789001 -1.683 0
0.41675001 5.3832998 14.5363 0
8.4717503 3.5899 13.6137 1
13.37965 -5.9647999 32.233799 1
0.37795001 -4.2054 -0.1009 0
13.120175 4.5494752 -33.669853 2
9.6383104 3.09512 16.516422 1
6.81005 -3.5497999 23.342199 1
6.1514502 -2.6275001 21.216299 1
7.75595 -4.7444 26.5159 1
8.7708502 2.2052 -6.0145998 0
1.9316 -4.0576 -1.10615 0
6.0220499 2.24895 9.0848503 1
10.56625 5.7434001 -7.6570001 0
-2.6961 -4.0650501 1.93455 0
-9.0660496 -2.1987 6.9450998 0
-6.710176 -2.9063871 5.31745 0
3.2655001 7.0664501 8.6573 0
8.7992496 -5.2122998 28.340799 1
10.71455 1.0249 -10.3039 2
-4.2258501 -3.8008001 3.2154 0
-4.7677498 4.3439002 20.8759 0
7.4784498 2.2637 -2.7921 0
8.1814499 4.1641002 -2.0049 1
10.79815 2.7802 -11.4807 2
6.3935499 2.846 6.3436999 1
7.7950501 1.3426 -0.0068999999 1
11.82725 5.4471998 -16.1831 2
5.9895501 -1.1962 17.8466 1
-15.71035 2.155 18.9631 0
13.22525 -1.31635 27.146 1
6.8948002 6.8678989 1.081333 0
10.71345 4.1069002 -15.7497 2
5.6150498 7.4074998 3.4000001 0
6.82125 2.648 0.1061 1
7.1155 1.2625 3.10585 1
6.29215 2.51335 7.7845001 1
7.6712499 3.8598001 10.6111 1
9.9169998 0.094949998 -8.5458508 2
13.113111 6.1403198 -33.67474 2
7.2856498 4.0165 9.1492996 1
4.9554 -0.047600001 12.47105 1
9.1596003 5.71735 -2.90555 0
4.6136498 7.1875 5.8691001 0
5.4528999 0.83894998 11.69175 1
6.5286498 3.0576501 2.086 1
14.13165 4.7824001 -21.760599 2
15.37925 5.7859998 -33.806801 2
-14.48095 1.1770999 14.142 0
8.0837002 2.7151 -5.0921001 0
10.78435 1.6953 21.361799 1
10.33555 2.489675 19.4825 1
8.7928514 3.4363 14.916901 1
6.5799499 -3.1094999 22.254 1
10.7638 5.5281501 -8.7216492 2
-7.6100502 -2.8329 5.9127998 0
8.6681499 -1.0195 -6.5324998 2
8.4950504 -4.9476671 27.273767 1
13.37855 -2.7302999 29.217199 1
12.890265 -0.72154301 26.310801 1
-14.726163 3.118788 20.358862 0
6.6620498 3.3812001 4.7361002 1
13.56785 -3.7672999 30.480499 1
7.9874501 3.1335001 -2.0504 1
-15.13615 1.6289001 16.295151 0
-3.4474831 -3.7101171 2.543283 0
13.117701 -6.6778498 32.941601 1
8.0983505 5.9681001 -0.73949999 0
10.30915 0.70590001 -9.2448997 2
1.57275 6.4418001 11.7756 0
-9.2684994 4.3017001 23.298349 0
-0.48519999 -3.9337499 0.31044999 0
6.2799501 1.3767 6.7027998 1
11.54065 5.6738 -10.7596 2
-8.2379751 -2.3654251 6.4858499 0
5.9430499 -2.8392 -4.223 0
7.4235501 1.7533 0.97310001 1
5.7681499 -1.825 18.529499 1
6.491416 -2.0878999 20.5362 1
-15.21555 1.5367 18.4785 0
0.59555 5.8892999 13.7962 0
10.55755 2.2428999 20.6311 1
7.8408499 -4.3339 25.720501 1
-10.1807 4.04635 22.774151 0
7.8615499 2.5346999 -4.2504001 0
11.612151 1.0750999 23.233765 1
6.59165 0.81770003 5.6868 1
11.4991 3.717525 -15.730875 2
10.47237 2.5293601 -10.713181 2
-1.91635 -4.0625 1.3502001 0
6.66045 2.9339001 0.89380002 1
6.98985 -2.1526 -5.2224998 0
12.07265 -6.6661 33.529301 1
-7.5047169 4.1209998 22.629501 0
11.04945 5.47925 -12.4814 2
5.3041 -0.89214998 14.14455 1
0.045000002 5.4692998 15.254101 0
11.04695 5.2350998 -17.400999 2
8.3799496 2.7076001 -6.6497998 0
3.6879499 7.329 7.7409 0
-13.09315 0.57819998 11.2783 0
6.9839501 2.388 -0.90499997 2
11.4508 2.7581501 -7.6401 1
6.62925 1.3887 3.7816 1
6.9770498 -3.9281001 24.0049 1
-11.84125 3.8508 21.736799 0
7.6745882 3.8680501 9.8381872 1
8.94625 2.8111 -8.5218 0
-14.96535 1.3291 16.9806 0
6.0332499 1.8212 7.2856002 1
7.4107499 6.6265001 0.58240002 0
7.1749501 1.4602 2.3796 1
8.97785 5.5184002 -2.1614001 0
-6.8738751 4.0465999 22.14625 0
14.63995 5.0984001 -24.3818 2
5.5796499 -1.3433 17.246599 1
6.3521838 2.865766 7.0778341 1
2.5058999 6.8414001 9.8992996 0
11.897784 5.4883671 -17.071333 2
6.4819241 6.8823748 1.691812 0
-3.0545499 4.6373 19.3311 0
4.08325 7.4179001 6.2905998 0
5.1289001 7.2527671 3.8867171 0
14.34725 4.2856998 -33.694302 2
14.85555 5.3042002 -25.9512 2
6.6168499 -2.5762999 21.800501 1
4.5778499 7.4180002 5.2048998 0
9.5658159 0.098700002 -7.8642669 2
9.13445 -5.2722998 29.0422 1
10.95815 1.3118 -10.9237 2
13.571199 -3.1308 29.736149 1
13.61415 -4.9414001 31.253099 1
-0.71785003 -4.2753 0.85089999 0
-12.37155 -0.0094999997 10.1858 0
-11.91465 -0.3346 9.5654001 0
-9.6574497 -1.7506 7.5724001 0
6.0707502 -2.2953 20.053801 1
5.3717499 -0.89700001 15.6803 1
2.7665751 6.9204502 9.2943497 0
7.8779998 3.8659 11.31395 1
7.0929499 -3.1710999 22.782801 1
5.3442502 0.47850001 12.2219 1
-15.30035 1.9473 19.422899 0
-15.82635 2.4414001 19.620501 0
-13.73685 0.89069998 12.3158 0
-2.134717 4.5050669 18.488966 0
11.40515 1.8742 -12.1382 2
8.1578999 3.7230501 12.5009 1
-12.690451 3.6865749 20.885601 0
14.916599 6.2181001 -33.8158 2
7.1140499 3.8429 8.5193996 1
-14.073271 1.134656 13.519689 0
12.939924 -6.1147251 32.725075 1
5.3968501 1.0501 11.0224 1
-0.17475 5.0830002 15.6948 0
-13.86505 3.3796999 20.6584 0
11.499616 -6.3803668 32.428867 1
13.7453 4.1371498 -33.671101 2
15.327351 5.08495 -33.723 2
13.289449 -5.3572998 32.068203 1
10.6595 -6.16505 31.121552 1
-3.2390499 -4.2118001 2.1802001 0
9.1287498 3.2539999 15.9698 1
10.20605 5.6114001 -7.0674 2
11.77615 0.7026 24.2932 1
11.20045 5.6858001 -21.775499 2
11.172484 1.6915669 21.949432 1
6.2097502 0.81110001 6.2758002 1
-1.42075 4.6300502 17.548801 0
10.63975 2.2200501 20.041248 1
13.29665 -1.2526 26.563351 1
6.8979502 3.3408999 2.51055 1
7.6721501 2.3201001 -3.6006 0
10.92655 2.3448999 -11.1181 2
10.49835 0.8344 -9.7996998 2
-1.36155 -4.2049999 1.2362 0
11.65645 5.4724998 -11.35165 2
6.7707 3.4944501 5.2916999 1
10.08145 -5.5633001 30.2523 1
10.54195 5.4312 -18.278099 2
-11.06235 -0.73972201 8.9546452 0
11.57245 0.79960001 23.7302 1
-14.61555 1.1221 15.5375 0
4.9745498 -1.0229 14.5924 1
9.5479498 3.0964999 17.07375 1
7.6409502 1.3278 0.56510001 1
4.6973171 -3.4316339 -3.1682329 0
6.6939502 -2.3564999 21.125799 1
12.61915 -0.1548 24.9835 1
-6.3979502 -3.2708001 5.0348001 0
-13.40175 0.71939999 11.8011 0
7.8765502 6.2932329 -0.34836701 0
6.5896502 3.0160999 1.4376 1
10.1662 2.6719999 18.887051 1
1.45105 -4.1726499 -0.71515 0
13.64935 -4.5356002 30.795601 1
-11.34845 3.8480501 21.985401 0
-15.33625 2.1185999 20.10195 0
8.268425 -4.9284 26.721264 1
13.465168 -2.4876499 28.700285 1
6.1571999 -1.50775 18.324501 1
9.882617 0.31263301 -9.0936003 2
-15.125475 1.48545 17.9471 0
6.8873501 -2.4288001 -4.6929002 0
6.0735502 7.2308998 2.5748999 0
11.04025 5.7168498 -9.2413502 2
13.69885 -3.1684999 29.177799 1
7.4494829 -1.890833 -5.3247328 0
11.54075 5.5085001 -12.1647 2
4.77845 -0.4059 12.9561 1
9.1173496 5.2930002 -7.4828 0
-13.73005 0.76520002 13.3238 0
-15.60905 1.9648 18.481199 0
-5.9628501 -3.4173 4.7097001 0
8.4381504 5.9877 -1.1382 0
11.78935 -6.5029998 33.0886 1
4.9973502 -1.1166 15.2162 1
-14.81465 1.2277 16.3871 0
12.72855 4.8848 -33.613998 2
8.9825497 3.1342001 15.4044 1
-7.124383 -2.7685671 5.5865998 0
-2.19485 -4.1982002 1.9058 0
8.6096497 3.3548 14.0635 1
8.8411503 2.4294 -6.4677 0
-14.60245 1.3549 14.6043 0
8.3427496 3.6486001 13.1246 1
7.5740499 -4.7048998 26.042801 1
3.9488161 -3.6592 -2.656333 0
6.1690502 2.6386001 8.3804998 1
-4.3480301 4.46492 20.443899 0
9.5441504 -5.1402001 29.3009 1
10.1301 0.34965 -9.5397491 2
-0.68645 4.8783002 16.6364 0
7.4374828 -4.3139672 25.342934 1
10.839482 1.1124001 -11.359933 2
14.737269 4.0601211 -33.49538 2
-8.5587835 -2.2484331 6.842267 0
6.3845501 -2.5894001 -4.6230998 0
10.33815 0.70976698 -10.294133 2
10.93065 2.2140999 20.946899 1
9.7996502 2.8968999 17.873199 1
10.7068 0.89340001 -10.9181 2
5.9720502 -1.6998 18.9881 1
-15.26575 2.8793001 20.3873 0
12.68235 -7.4618001 33.556702 1
-15.33355 1.758 18.948601 0
13.0532 5.5101991 -33.618401 2
-3.7953501 -3.8511 2.8491001 0
13.48455 -4.08495 30.8361 1
-0.19935 -4.2859998 0.47189999 0
8.79105 -4.9877 27.6954 1
11.520484 5.2740998 -17.333132 2
6.5567498 1.2218 4.2276001 1
-14.19405 0.88300002 14.3878 0
2.4421329 6.4969001 10.279833 0
5.89645 2.1011 9.5642004 1
-5.1704998 4.3379002 21.125999 0
0.088749997 5.6087999 14.8047 0
-14.858951 1.639933 15.913333 0
-3.95525 4.6068001 20.086599 0
2.8893499 -4.1227002 -1.9586 0
-14.293517 3.3191669 20.476099 0
6.6458502 3.3827 4.0535002 1
-15.32095 1.7338001 17.102749 0
6.3066001 -1.9231 19.905449 1
12.87905 -0.9698 26.6994 1
-5.0453501 -3.6979001 3.9216001 0
13.319516 -4.9310002 31.621065 1
14.32395 3.8162999 -33.683102 2
3.81985 -3.8123 -2.2446001 0
13.26605 -3.5309 30.2318 1
8.8845501 3.4830749 14.473076 1
-9.2247515 -2.0423501 7.3425002 0
11.10605 1.4807 -11.3399 2
-5.73945 4.3060002 21.610701 0
5.6688499 -0.88440001 16.185301 1
6.6448498 2.9365499 6.7442498 1
13.05715 -6.9981999 33.250702 1
10.83455 5.7810998 -8.3571997 0
-10.52265 3.8282001 22.536442 0
9.5260172 -0.082866997 -8.2698336 2
-11.857389 3.73364 21.30724 0
12.16925 -0.0407 25.117001 1
-12.63825 0.30215001 11.121401 0
2.2665501 -4.08395 -1.49805 0
0.76454997 6.0278001 13.3884 0
13.64555 -2.3018999 27.9035 1
8.4918003 4.2909999 -2.2883501 1
12.81165 -0.43900001 25.491699 1
9.3026257 -0.24527501 -7.9235749 2
8.2604504 -1.202 -6.4633002 0
9.0890503 5.3243999 -6.90065 0
13.49625 -1.6571 27.123699 1
6.3144498 2.2221 8.7634001 1
5.7211499 -1.0264 16.9858 1
8.0834503 3.5788 12.1009 1
9.0383501 5.4098001 -2.5747001 0
0.98220003 6.1346998 12.95665 0
5.8063502 7.1455998 3.0195999 0
-13.96415 0.77700001 13.7279 0
6.3954501 0.9594 5.2712002 1
-12.10115 0.1104 9.8785 0
7.3068829 3.82985 8.1398668 1
-9.7886 4.2104001 23.01145 0
12.491924 -6.7522879 33.678162 1
7.4585171 6.2821002 0.34060001 0
-7.950675 4.1538501 22.848274 0
4.926651 -0.84136701 13.960101 1
5.6759501 1.4121 10.9117 1
4.3803501 -3.652 -2.8842001 0
9.1953497 3.4121001 15.0385 1
-7.9094172 -2.6754 6.2508001 0
11.29065 1.2716 22.8251 1
12.7033 -0.33230001 25.943951 1
7.96875 2.6821001 -4.6901999 0
13.45535 6.6234999 -33.804798 2
7.95015 3.8426001 11.7238 1
-4.5398502 -3.7025709 3.469157 0
11.02065 2.0072999 21.499201 1
8.8029499 5.9130001 -1.9867001 0
6.3268828 7.0991669 2.1393001 0
-12.61765 0.2462 10.3964 0
4.3361502 7.2575002 5.5029001 0
5.1387501 7.4246998 4.3105998 0
11.063801 3.8847001 -15.772775 2
13.21645 -5.6443 32.4314 1
3.4389 7.0811501 8.2810001 0
-14.59395 1.1905 16.043301 0
-15.469507 2.527971 19.874371 0
-2.5079069 4.4440141 18.691301 0
7.9071488 -1.291453 -6.0866938 0
10.65235 5.5622001 -8.0642996 0
3.688885 7.1326938 7.2891588 0
7.2609501 1.1798 2.6629 1
13.255051 -6.3235502 32.572449 1
6.1216249 -2.2388501 19.654076 1
10.02385 0.4729 -8.7491999 2
6.7030249 3.2859249 2.9145751 1
9.077424 -5.1534252 27.926899 1
6.8139501 6.9464002 1.46885 0
1.857923 6.3172331 11.518667 0
-1.116962 -4.0841498 0.90727502 0
11.37585 1.7014 -11.7779 2
10.36485 2.1170001 19.7693 1
-14.08607 1.2336 13.92526 0
0.38635001 5.6890502 14.281425 0
13.44915 -5.3793998 31.631399 1
13.2627 -1.95315 28.0347 1
4.2883172 7.4126658 5.8985 0
7.8262501 2.1918001 -2.9912 0
9.9060497 5.4710002 -6.7120252 0
14.727683 4.4537659 -33.527767 2
12.138163 -6.6806722 33.140316 1
10.48575 5.2849002 -16.347099 2
11.22355 -6.3312001 31.8932 1
2.22825 6.3867002 10.83 0
13.30175 -1.55925 27.4492 1
10.42465 2.6640999 -11.0775 2
13.38505 4.1465998 -33.518902 2
13.9312 6.5696998 -33.814899 2
9.9363499 -5.3741002 29.8556 1
-14.6629 2.6679499 20.30995 0
6.4063501 1.1228 6.4000001 1
7.1689 -4.29425 24.492199 1
11.67215 5.5226998 -11.7998 2
14.27755 4.0762501 -22.700001 2
3.2074499 -4.0545998 -1.7115 0
7.4568501 2.2276001 -2.4075 0
2.583817 6.6465998 9.5557337 0
8.4501495 2.8338001 -7.0623002 0
5.3035002 -0.83324999 15.1031 1
2.9420829 7.0585332 8.8670998 0
11.146575 5.7023249 -10.296949 2
4.8522501 7.3217192 4.9111199 0
1.62835 6.2156329 12.078267 0
0.95545 -4.0784998 -0.68260002 0
6.3098001 -2.7337501 -4.2200499 0
10.38415 5.4057002 -17.094101 2
8.7340508 2.1064501 -5.4632001 0
13.033483 5.1110001 -33.60527 2
3.3508 7.2368999 7.9461498 0
-9.8611498 -1.6411999 7.8730998 0
-13.070325 3.6587999 20.877926 0
6.1553502 -2.5508001 20.7187 1
6.9158502 -3.7435999 23.681 1
8.2840004 -1.310775 -6.099225 0
-13.06335 0.48515001 11.84585 0
5.74125 1.62585 10.35865 1
-9.4189501 -1.5226001 7.309 0
6.9821501 3.6298001 7.4487 1
11.38725 5.6540999 -11.0972 2
7.4668498 4.0290999 9.5761003 1
-10.718938 -0.83028698 8.8452749 0
-8.9165497 4.4130998 23.268299 0
-0.49935001 5.2168002 15.8086 0
-6.5488501 4.2206001 22.134001 0
13.54165 -3.3813 30.0044 1
-14.7082 1.4356 14.9475 0
13.460829 -2.92384 28.91618 1
7.3875499 1.4716001 1.4094 1
9.7281504 3.0434 17.4762 1
-3.1665831 -3.9336331 2.4224 0
6.6981502 -3.325325 22.708248 1
10.03895 2.3778 18.712099 1
9.9188576 -5.738378 29.873791 1
9.7196503 0.28235 -8.3028002 2
1.36975 6.2842999 12.7209 0
5.8103499 -1.1165 17.413799 1
-11.68485 -0.50309998 9.3390999 0
-10.60865 3.5009999 22.40185 0
8.9316998 -5.2507501 28.74255 1
11.60915 -6.3783002 32.773102 1
-1.62485 -3.9214001 1.1946 0
0.59044999 -4.2052999 -0.39950001 0
5.4616671 7.263567 3.689817 0
15.29945 5.4463501 -33.728401 2
7.6802001 6.4187002 -0.077650003 0
-6.2425499 -3.1696999 4.7296 0
4.92345 -0.69714999 13.1021 1
7.3769498 3.7241001 9.3460999 1
-5.2835751 -3.4340501 3.939225 0
13.62635 -3.9684 30.1933 1
9.2077503 3.4087 15.4203 1
9.8314514 2.5943999 18.0553 1
6.26085 -2.3211999 20.402201 1
9.43925 9.9999997e-05 -7.5490999 2
6.6859498 2.7386 0.4197 1
5.5503502 1.0093 11.338 1
0.11335 -4.2216501 0.171 0
5.0055499 -3.2602999 -3.181 0
11.115582 1.4434 22.232965 1
10.50495 1.9692 20.4151 1
-2.7386501 4.4981999 19.01395 0
9.5992498 2.7058001 17.316299 1
11.48415 -6.4890838 32.095333 1
6.8537502 3.1166 1.644033 1
-15.5221 1.8925 18.104301 0
12.98345 -0.80669999 25.985201 1
12.531784 -7.0556331 33.510136 1
7.5225501 1.4227 0.87910002 1
9.2300501 -0.58920002 -7.1847 2
6.3218498 0.87599999 5.89925 1
8.2859001 5.8098001 -1.43875 0
-7.2967172 -2.678983 5.8750329 0
9.2629499 5.2286501 -7.9574499 0
-12.69245 0.64131999 11.076361 0
7.3401828 1.3351671 1.961533 1
10.44885 5.6367002 -6.6964002 0
5.9268498 2.3143001 8.6473999 1
8.7637014 2.6601501 -7.6873002 0
-10.508637 -1.055913 8.4827995 0
-3.3984499 4.5538001 19.506599 0
13.279981 -4.7101898 31.289692 1
6.1690502 -1.556 18.6628 1
12.0089 0.45339999 24.64325 1
5.2073498 0.171 12.5456 1
5.6293502 -3.1544001 -3.5564001 0
10.71955 1.89805 21.09705 1
6.80265 -2.6781001 22.0998 1
6.5892501 3.0216999 5.8611999 1
-0.30145001 -4.2206001 0.1506 0
-10.15425 -1.1232001 7.901 0
8.2848501 3.5501499 12.761801 1
10.91515 -6.4412999 31.2092 1
6.02845 2.3631001 8.0445004 1
11.8564 5.4963498 -16.725651 2
6.58605 -2.4935999 21.4751 1
7.9439502 3.5641999 11.5347 1
5.5701499 1.6106 10.0693 1
4.0510612 7.270422 6.6862659 0
7.3204999 3.7477 8.9509001 1
-7.0650001 4.1106 22.414001 0
12.84775 5.9531999 -33.471199 2
3.50105 -3.7103429 -2.2427571 0
5.5967498 -0.9817 16.6789 1
5.8264499 2.0177 9.2489996 1
-14.06745 0.93220001 14.0666 0
-1.62095 4.6304002 17.889 0
6.8470502 3.5718999 5.6066999 1
10.104825 -5.8801999 30.5198 1
15.82635 5.4656 -33.822601 2
2.058064 6.474771 11.100729 0
0.63655001 5.6961002 14.062401 0
11.1017 -6.2817998 31.4944 1
13.35825 -5.6301999 31.893801 1
10.9331 1.68555 21.657951 1
-13.87655 0.9404 12.616 0
9.9223499 -5.8525 30.241501 1
5.5254998 -1.2707 16.8853 1
2.50335 -4.2077999 -1.7334 0
8.7723503 4.447 -2.9075999 1
7.6658502 -1.678 -5.5743999 0
10.96285 2.5181999 -11.6372 2
-12.80275 0.41690001 10.8065 0
6.8992748 -3.150825 22.518375 1
15.110609 5.9349799 -33.69598 2
10.469616 0.976767 -10.094666 2
-12.14825 3.8715999 21.2666 0
9.2759504 3.4212999 16.2043 1
6.49615 -2.3652 20.7017 1
8.5703497 4.3547001 -2.5943999 0
7.58535 3.7651999 10.3071 1
0.237617 5.3411331 14.902466 0
10.48345 5.6594 -7.2214999 0
6.0481501 -2.93855 -3.9365499 0
9.5354996 -5.4394999 29.4154 1
-1.94245 4.5257502 18.233999 0
-10.375999 3.5322001 22.618999 0
10.63305 0.74290001 -10.6458 2
12.87405 -6.8932672 33.490665 1
8.8671503 5.8327999 -2.2892001 0
-2.2835 -4.0489998 1.6386 0
0.83688301 5.7350001 13.657066 0
-5.483417 4.2763672 21.305033 0
-11.889209 -0.12495 9.888875 0
-15.118851 1.65475 16.773951 0
9.312995 3.274811 15.714645 1
8.6839504 -0.83340001 -6.9260001 2
13.19265 -5.1430998 31.816799 1
-7.8207002 4.0451002 22.582451 0
6.1098499 1.5633 7.0251999 1
13.314683 -3.903867 30.642401 1
7.6609502 -4.3196001 25.1227 1
-14.586901 1.34565 15.77195 0
7.8715501 3.7849 10.8587 1
6.3708501 -2.0388999 20.254 1
11.360283 5.5274658 -10.525567 2
5.79035 -1.9634 19.218201 1
11.54035 1.08927 22.932219 1
10.83755 1.204 -10.525 2
6.9956498 1.2168 3.4730999 1
8.9727497 2.97 -9.1441002 0
-5.8426499 -3.2195001 4.2585001 0
-8.2758503 -2.1782 6.7423 0
-15.46265 2.5476 20.212601 0
12.20195 0.27059999 24.9751 1
-13.544049 0.85376698 12.0793 0
1.4763499 -4.0882001 -1.0094 0
14.81665 5.3568001 -25.6021 2
-1.141 4.7525001 17.250351 0
11.3326 1.9697 -12.53625 2
-2.9159501 -4.0230999 2.2590671 0
-13.87665 1.092886 13.2902 0
5.1514502 -0.54229999 13.4406 1
7.6763501 2.2237501 -3.3117001 0
6.6561499 3.3822 3.6171999 1
6.03195 6.9847999 2.4010999 0
3.0490501 6.8527999 9.0634499 0
-10.81375 -1.0229 8.5483999 0
-4.6928878 4.2801609 20.503439 0
5.9268498 -1.3249 18.113201 1
7.7033501 -4.5047922 25.512194 1
-0.135217 5.3044 15.493733 0
4.9520669 7.267817 4.1338 0
9.5051994 2.9347999 16.733799 1
-15.30625 1.7851 17.892601 0
-0.89765 4.8707342 16.884834 0
-10.4283 -1.2637 8.2816496 0
5.7848501 1.806 9.9945002 1
7.2397499 6.7639999 0.8822 0
10.61235 5.3161001 -17.4688 2
10.2612 0.65920001 -9.6612501 2
8.6910496 5.5851002 -1.7515 0
7.2526832 -2.066133 -5.109333 0
13.067483 -5.914 32.499851 1
-14.690575 1.5337501 15.503301 0
5.3105502 -1.1386 16.1497 1
13.055083 -1.14975 26.854881 1
4.6709838 7.1317 5.3216 0
-11.308 -0.59294999 9.1314507 0
7.8277502 2.3298669 -3.8829329 0
11.74125 0.83740002 24.033701 1
13.460751 -1.7471499 27.7885 1
7.0464501 -2.2688999 -4.8924499 0
6.1798501 2.8237 7.5644999 1
3.510483 7.251266 7.4908662 0
6.4314499 1.2043 4.4931002 1
10.3185 4.152925 -15.731325 2
9.1033001 -0.73930001 -6.9665499 2
10.934133 2.538584 -11.338384 2
9.0632906 3.42484 14.6983 1
5.0983748 -1.1169 15.490925 1
5.69835 -3.0938001 -3.9102499 0
8.41325 -4.9162998 26.9949 1
9.3885498 -5.4166999 29.046 1
5.9437661 -1.708746 18.283537 1
6.5633502 3.1891 6.2444 1
-4.2813001 4.4169502 20.10405 0
10.15645 2.4899001 19.189501 1
6.0240502 2.0030999 7.5125999 1
13.358549 -2.3001499 28.492701 1
1.5014499 6.2097001 12.4732 0
1.7839 6.4958 11.253349 0
10.03315 4.2392998 -15.59 2
6.9134998 -3.3255999 22.948299 1
11.36405 1.5805 -12.4822 2
14.10505 4.1198001 -33.626801 2
-2.0521121 -3.8941841 1.539723 0
5.8185501 7.2125001 2.7196 0
10.38435 2.48245 19.765301 1
5.0783501 -1.1311001 14.94125 1
10.33335 -6.0282998 30.6092 1
-4.4489999 -3.6565001 3.10935 0
10.923284 5.6966672 -8.8879337 2
-4.8449001 -3.7037001 3.718575 0
14.89855 5.3375001 -26.231199 2
-14.831218 1.3085001 16.660067 0
10.486917 -6.1445999 30.895933 1
