# .PCD v0.7 - Point Cloud Data file format
VERSION 0.7
FIELDS x y z label
SIZE 4 4 4 4
TYPE F F F U
COUNT 1 1 1 1
WIDTH 762
HEIGHT 1
VIEWPOINT 0 0 0 1 0 0 0
POINTS 762
DATA ascii
11.706035 -22.466433 48.618801 2
-15.93365 9.1721992 12.9331 0
12.5476 -0.5201 24.925501 2
8.9053001 6.1711998 -4.5545998 0
5.91295 22.663799 -40.251701 1
5.3030658 -11.146367 36.904003 2
-7.0153499 1.1666501 0.25960001 0
15.7218 5.5755 -48.648998 1
-2.72015 7.80615 16.1071 0
3.6493671 9.1039 5.0287671 0
14.4313 -14.2046 41.809399 2
1.683267 -1.4767669 -5.0904331 0
13.23264 -6.1190701 33.32729 2
2.9432001 -1.0731 18.97245 2
-10.6521 9.5563002 20.816799 0
11.19 3.3568001 16.533501 2
7.3546 -16.1166 43.169601 2
11.54755 6.2369499 -12.8664 1
-14.0656 6.4861002 7.2792001 0
-10.64155 3.6995001 3.7678499 0
3.99705 1.52185 14.36725 2
-14.89664 10.24798 17.917 0
13.5831 8.5204 -39.654301 1
-6.4622002 7.7076859 19.079987 0
5.987 3.7042 9.8701 2
14.1461 -10.9556 39.064899 2
2.0353501 8.7718506 8.5792007 0
-0.6365 8.2672005 12.96575 0
13.550117 -8.5241499 36.248566 2
4.3427 -9.7188997 33.541401 2
3.76142 -7.6453791 30.492041 2
7.677 2.4102001 -5.7037001 0
10.140158 4.3465281 -7.5051999 2
2.8884001 -2.7227001 22.107901 2
9.0882998 -17.955151 45.501549 2
10.4741 6.5683999 -9.8386002 0
14.2798 -17.0224 42.987801 2
5.0313501 8.8294497 2.29615 0
9.2334003 4.9116998 9.7334995 2
6.0869999 -12.7452 39.445202 2
10.5451 4.2484999 13.7143 2
-14.872833 8.437767 9.915534 0
12.882151 5.9224501 -48.640648 1
8.8662004 0.1033 -14.019 0
13.5025 -20.4221 46.3489 2
-16.47945 9.6584492 15.658 0
7.5297999 7.2086 -1.7067 0
-8.8781443 2.348033 2.076478 0
9.4706001 2.2946999 -12.1444 1
11.4332 2.2207 18.889601 2
11.970666 0.52023298 22.540001 2
13.266757 -4.8793721 31.089972 2
-8.2899876 8.8507748 20.350937 0
7.0139999 -0.32010001 -9.1773996 0
3.5534 -1.4498 -6.5142002 0
8.9292994 0.075933002 9.0679331 2
8.1099663 -0.98799998 11.697467 2
9.2391996 4.1851001 -5.4686999 2
14.0007 4.0839 -48.6287 1
12.2248 5.3497 -14.6965 1
9.7252998 4.4754 11.7614 2
14.2413 -18.5277 44.603001 2
10.0696 0.6893 -15.524 1
10.9466 -18.5079 46.262699 2
9.3439999 1.9677 -10.2109 2
-11.8379 4.9308 4.9445 0
9.8903999 6.1357002 -6.5409002 0
6.31286 -2.85882 18.08386 2
12.04355 1.6515 20.700951 2
-12.667299 6.2411499 5.9738498 0
8.4062004 0.7755 7.4605999 2
-16.632999 10.142 17.423599 0
2.6468999 9.0229492 6.8895502 0
3.4781001 0.66837502 15.865726 2
5.9970999 8.5086002 0.72359997 0
2.9679 -0.1913 17.4093 2
8.6793003 -16.826599 44.183102 2
7.1303501 3.7628 8.3296499 2
4.3298998 4.3128672 -6.4947662 0
5.0043998 -9.9987001 35.221298 2
10.2275 6.1108999 -8.1241999 0
-15.3084 8.7699509 11.4338 0
5.3681002 3.1995001 11.4277 2
-12.0431 9.8459997 19.8848 0
6.5382791 8.0515404 -0.67558002 0
-13.5282 10.264 18.6245 0
-8.0825014 1.1558501 1.40975 0
4.7918 2.5709 12.8795 2
-1.74595 -1.101 -3.32985 0
8.5867004 4.5801001 8.4405003 2
-6.0054998 0.61849999 -0.69730002 0
14.494866 -15.5426 42.418797 2
13.9226 -9.5618 37.7034 2
-14.339951 7.9632502 8.6588001 0
-4.0658002 -0.1024 -1.8214 0
9.7713003 -19.232201 45.943401 2
-16.4072 9.3888998 14.2487 0
8.3570004 2.5386 -7.1334 2
-9.6487999 3.0439501 3.0111499 0
0.39469999 -1.4618 -4.4626999 0
10.7541 -21.311899 47.622398 2
4.4302001 8.9733 3.8873 0
8.0160999 3.4979 -4.9496002 0
-6.1641998 1.3808 1.4032 0
-5.149466 8.2853003 18.708633 0
6.0751748 -0.67702502 -8.2884502 0
13.8928 -19.5219 45.471298 2
-7.1152668 8.572567 19.834833 0
6.3717499 -13.54175 40.446098 2
6.8256998 -2.4410501 16.966751 2
12.9969 -2.5311999 28.0886 2
2.77775 -3.7018499 23.690599 2
0.063280001 8.3422203 11.90106 0
6.2991409 -3.2832999 19.283293 2
13.1833 -5.3839002 32.2491 2
-9.4945326 8.9622669 20.682634 0
11.4473 2.951267 17.678368 2
8.3332996 -0.11505 -12.5592 0
4.7437248 -1.056275 -7.3196998 0
2.6349001 -2.3231001 20.993401 2
1.4396 8.6491003 9.6217003 0
3.7533 -8.5141497 31.31765 2
3.8276 -5.9770999 28.363001 2
7.6898999 3.88515 7.2883501 2
11.4062 1.9116 -13.4616 1
2.6926999 -1.7934999 19.8666 2
13.5262 -7.7017999 35.3853 2
2.6782801 -1.49202 -5.7486401 0
3.9412999 -6.5981002 29.601801 2
4.1055999 -9.6778507 32.450001 2
13.4088 -6.8410001 34.580002 2
10.875 3.8548999 15.0043 2
6.2561002 -3.7635 20.279499 2
7.50105 -0.30344999 -10.35775 0
5.5546999 -11.6957 37.815701 2
14.27238 -17.71246 43.832298 2
-6.5808001 8.9370003 18.982599 0
11.3556 1.635 -10.903 2
8.0601997 6.9391999 -2.5933001 0
-8.4186001 2.1299 1.1322 0
8.6211996 6.5474 -3.6101999 0
9.3304996 5.9951 -5.6715002 0
9.4644003 4.3527999 -6.4681001 2
14.2016 -11.8844 39.907001 2
10.0294 4.448 -8.5205002 2
-13.1169 6.8151999 6.6904001 0
-1.2246 8.1248999 13.7818 0
6.2797999 3.8106 8.90345 2
9.4777002 0.50473303 -14.7234 1
-14.0347 7.4717002 7.6964002 0
15.27034 6.4621601 -48.474861 1
-15.9233 10.665951 17.877499 0
9.1576004 2.2518001 -11.1427 2
9.6160002 4.8207002 10.8397 2
13.676 -10.2949 38.4967 2
8.7557001 2.0216 -9.2620001 2
-12.705718 9.9780827 19.084801 0
10.28615 4.4458499 -10.495649 2
13.0051 -21.1208 46.819099 2
-7.1441002 1.4055001 1.4962 0
9.9790001 -18.3456 46.254398 2
12.4221 0.2418 23.6647 2
13.3466 -9.1233997 37.014301 2
9.0244999 0.53670001 8.1234999 2
-2.06405 7.8318 15.3189 0
4.8629498 -9.8910999 34.302002 2
12.1747 1.08345 21.710152 2
5.9394002 3.112534 10.7004 2
11.7115 -18.3531 45.76255 2
2.92465 -4.6785998 25.310101 2
2.9542401 -3.34812 22.8528 2
12.4226 -21.9963 47.7719 2
11.9204 2.0158999 19.865499 2
-16.6115 9.927 16.547501 0
14.32475 -12.7349 40.834949 2
-0.4939 -1.4315 -4.0264001 0
6.8123999 -12.9749 39.9314 2
2.8987 -0.78380001 18.1432 2
7.8741498 -15.51865 42.763351 2
9.9041748 -19.863899 46.656647 2
2.4796 8.8373671 7.7044001 0
-4.846025 0.166875 -1.29 0
13.075333 5.1120329 -48.539902 1
10.9162 3.279361 15.730815 2
6.9218998 7.6862001 -1.3241 0
12.8603 -6.6476002 33.985901 2
-15.676901 9.0195007 12.13095 0
5.5205998 8.7263002 1.630533 0
8.3255997 1.932 -7.70855 2
5.3799 -0.88789999 -7.8067002 0
3.92925 -9.2983999 31.739399 2
-5.959167 8.4299002 18.9335 0
10.303866 4.4544001 12.913334 2
3.0215001 -3.9412 24.436899 2
6.7101998 -14.6418 41.5788 2
3.5352001 -6.4758 28.891399 2
5.3186998 -10.3602 35.837399 2
12.138 -0.273725 24.17515 2
10.586 1.3256 -15.8389 1
10.6947 -19.2272 45.9991 2
-6.3090501 1.05 -0.025075 0
13.915267 6.9273338 -48.562698 1
-2.2903669 -0.77206701 -2.9026 0
-15.222651 8.7217503 10.6591 0
10.9084 6.2676001 -10.7403 0
8.6465998 0.0163 -13.2251 0
11.1257 6.415 -11.8501 0
-11.4345 4.4833999 4.5067 0
8.2589998 0.13349999 6.9587998 2
-9.3179998 2.8924 2.30235 0
10.49095 3.8515501 14.323851 2
9.3069334 -18.679066 45.842197 2
8.9163494 4.6767502 9.0806503 2
-3.5218999 -0.35910001 -2.2235 0
12.9777 -1.9837 27.6161 2
14.484366 -14.8812 42.130199 2
-14.483383 8.2578669 9.3370829 0
-1.10595 -1.25475 -3.6907001 0
-10.1536 3.6201 3.2519 0
14.4118 -13.470499 41.33815 2
14.575 -16.225 42.752899 2
-9.8093996 9.5340996 20.941601 0
4.0690598 8.9171 4.5005598 0
5.6693001 -10.754 36.455898 2
-5.3478999 0.38749999 -0.8585 0
9.1615 4.5120502 10.29555 2
1.1075 8.6084995 10.2647 0
12.9361 -7.3000998 34.780998 2
-14.30345 10.3748 18.429251 0
13.3589 6.5279002 -48.6059 1
7.44698 -1.91482 14.90408 2
12.96785 -5.8733501 32.748047 2
9.8952999 6.1470499 -7.2234001 0
12.65925 -1.3865499 26.429951 2
0.34119999 8.4756498 11.29335 0
13.228733 -3.6757669 29.538866 2
8.0347004 -0.186 -11.9545 0
-11.473015 9.643014 20.438528 0
6.638 3.5341001 9.3989 2
7.4278002 -0.59179997 9.6350002 2
3.7272 1.2216001 15.1685 2
-7.7809 8.592 20.0126 0
13.33045 -4.35535 30.6506 2
8.3394003 2.6817 -6.4696999 2
-5.100625 8.1351509 18.0716 0
11.578 1.5967 20.2449 2
7.9489999 2.1242499 -6.45295 2
4.4527998 -9.3529501 32.883698 2
14.8028 6.3716002 -38.529202 1
-4.02495 8.0165997 17.240749 0
3.4567001 -5.2879 27.0049 2
-10.92905 4.1777501 4.1856999 0
3.3715999 0.2642 16.868299 2
6.5077 -0.6649 -8.7577 0
10.54455 -20.7377 47.338097 2
6.2104998 -11.7291 38.1992 2
9.6705999 -18.1478 45.655701 2
7.2241998 -0.45629999 -9.8135004 0
-16.125799 9.1798 13.5315 0
6.4288001 -3.0560999 18.666451 2
7.059 -2.2411499 16.326351 2
13.297767 -5.0811329 31.678934 2
7.2651 -14.3823 41.467098 2
5.7242498 -11.3411 37.317848 2
5.1483998 -10.8984 36.132801 2
3.6503999 -5.5180998 27.602501 2
13.9147 -12.1802 40.365398 2
-8.9031219 8.9177561 20.526611 0
12.0197 5.2426 -15.2707 1
12.1211 4.9700999 -16.1674 1
1.5465 8.8055 8.9457998 0
9.7309999 4.3516502 -7.0173998 2
12.218 -22.4324 48.294498 2
12.6269 -21.6145 47.305099 2
9.0978756 6.115375 -5.1257 0
10.91955 1.306 -7.9562001 2
7.5088 3.8206999 7.8615999 2
11.4596 -22.205099 48.137299 2
4.5317669 2.1005001 13.146267 2
12.5695 -0.9199 25.666201 2
3.0922749 8.9145756 6.5063882 0
12.0605 5.8407998 -14.3743 1
6.6627498 -2.6612 17.534149 2
10.4828 6.2494001 -9.3385 0
2.1891 -1.6803 -5.4713001 0
13.8365 -8.8889999 36.791698 2
11.3471 3.1854999 17.150999 2
-13.9532 7.3688002 8.6372004 0
-1.274467 7.9074001 14.322867 0
8.8899002 2.0725 -9.8603001 2
6.8803 3.6487999 8.8816004 2
8.5684996 -17.451799 45.129101 2
7.6915498 -0.3116 -10.91655 0
5.7740002 -12.0426 38.421101 2
8.0222998 -16.142599 43.382 2
-12.4413 5.5560999 5.5915999 0
10.254351 -20.314751 47.047001 2
8.2031002 2.6359 -5.7522998 2
12.2985 0.4691 23.008301 2
3.13148 -1.31812 -6.0514002 0
8.1464996 -16.983601 44.0462 2
3.0992 -4.2607999 24.961901 2
14.0122 -9.9842997 38.074501 2
8.4090004 4.8656001 7.0769 2
13.3921 4.5906 -48.581501 1
5.7248998 3.5771 10.4638 2
3.0739 -5.302 26.591801 2
11.8063 2.3117001 19.336399 2
6.3175669 -13.240434 39.929836 2
11.6791 2.6566 18.567301 2
3.118175 -5.1155 25.69035 2
4.4429002 1.7886 14.1696 2
3.52001 0.26938999 16.26012 2
11.4002 6.0718999 -12.3577 1
3.4656999 8.8843861 5.5143428 0
11.0944 6.21665 -11.2673 0
6.7709332 -14.3069 41.077366 2
10.7987 6.2863998 -10.2049 0
8.8736 4.1996002 -5.0647998 2
6.2172999 3.2788 10.1187 2
6.1613598 -12.6687 38.913422 2
-1.68935 7.9053249 14.869675 0
14.2607 -17.196301 43.6749 2
8.6817999 4.9432001 7.9952998 2
-0.75255001 8.0911503 13.52375 0
14.750501 6.7721329 -48.481033 1
11.8997 5.7859998 -13.4387 1
4.4565001 9.0199509 3.2716 0
10.0874 -0.3757 2.8469 2
12.7518 -1.5726 26.918301 2
-16.361799 10.3688 17.9074 0
-4.3233619 0.168387 -1.37905 0
9.0419998 0.2332 8.5562 2
10.148033 4.4784012 -9.9869661 2
-10.9175 9.6744003 20.3759 0
6.9026999 -13.35565 40.285797 2
4.7568002 -10.3292 34.892502 2
4.35075 -9.8893499 33.0425 2
4.6689329 8.8765669 2.7744 0
11.3321 -22.10195 48.665684 2
10.3484 6.1658001 -8.6302996 0
10.053 4.6087999 12.1451 2
6.5353999 8.2096996 -0.17910001 0
4.7129998 -9.5791998 33.913799 2
-11.8876 5.4219499 5.1314502 0
6.2578001 8.3835001 0.29710001 0
10.1106 4.4974999 -9.1121998 2
7.753767 3.0566671 -5.2425671 0
7.8501 7.1451001 -2.1005001 0
11.1666 -21.610201 47.9902 2
9.5048752 4.4450998 11.301226 2
3.9112329 0.92636698 15.541333 2
-7.5697999 1.1331 1.4602 0
6.9630661 -15.070633 41.668964 2
9.3566999 2.1643 -10.6754 2
14.2159 -11.4172 39.488098 2
8.9193001 4.5486999 9.5812998 2
3.14165 -0.39265001 17.939751 2
7.6620002 -16.475901 43.518902 2
4.1959 1.8487 13.7363 2
13.8318 -9.2272501 37.161003 2
-5.9847002 7.8492999 19.0277 0
6.2059002 3.8192 9.3982 2
-15.48905 10.42915 17.81975 0
2.1285291 8.6976423 8.0908289 0
8.8452997 0.67040002 7.6657 2
-15.1774 9.9376001 17.6532 0
14.1057 -18.0704 44.473999 2
12.124801 -0.50666702 24.671701 2
14.077 -10.6163 38.714401 2
-8.1481094 1.7161 1.28126 0
2.9143331 -4.439867 24.518667 2
14.6442 4.5440998 -48.587101 1
7.2693 -15.5806 42.590698 2
-16.5856 9.3813 15.2681 0
5.5113001 2.7420001 11.5286 2
3.2174001 9.1768999 6.0268002 0
10.4235 -18.147499 46.283199 2
8.539834 -17.272882 44.308399 2
4.605 2.2207999 13.6297 2
9.9940004 4.3172002 -7.9801998 2
8.5845003 1.9716001 -8.6399002 2
6.4728498 -12.5331 39.252853 2
-6.6455002 1.333133 1.427333 0
-2.3418 7.7406001 15.69595 0
2.9022 -1.4091001 19.6791 2
9.1981001 4.3044 -5.9278998 2
3.5353999 -6.4948001 28.416201 2
12.4223 0.38119999 22.492001 2
15.35112 5.8970399 -48.61396 1
12.5062 -0.2095 23.767401 2
11.1892 2.5940001 17.8423 2
15.10748 4.8825011 -48.654381 1
13.253562 -6.8901501 34.137089 2
2.6729 -2.7411001 21.694099 2
10.0844 6.2171998 -7.6943998 0
2.7683001 -4.0214 24.028601 2
13.1766 -2.8482001 28.871349 2
3.0483999 -1.8465 20.4312 2
-14.8575 8.6394014 10.39035 0
5.7547998 2.8971 11.1417 2
8.7259197 -17.89522 45.226021 2
6.7266998 -13.88891 40.510616 2
10.857481 3.23476 16.246799 2
13.4234 -6.4308 33.5975 2
13.3185 -5.5869999 32.783199 2
4.0198002 1.273 14.8263 2
5.5470219 3.3067219 10.912788 2
4.0335002 -9.6597996 31.990601 2
13.5318 -9.3769999 37.462399 2
9.4378004 4.8462501 10.4181 2
-13.8997 7.6538501 8.1754494 0
12.5601 -21.1476 47.327499 2
10.97945 2.9584501 16.894001 2
12.2385 0.84069997 22.3769 2
-16.745501 9.7191 16.0128 0
8.5167999 -16.572901 43.852501 2
5.73735 -0.90025002 -8.0748997 0
3.9224501 -8.9031334 31.530968 2
7.12888 7.348979 -1.5317 0
9.119029 0.495029 -14.274572 1
3.7488999 -7.0500002 29.5564 2
7.3325601 -14.924321 41.8708 2
15.0798 6.0644999 -37.463799 1
-3.3731999 7.8951001 16.814199 0
3.2327001 -4.6894999 25.744499 2
2.94065 -3.31915 23.296051 2
10.815 4.0040002 14.5913 2
10.6149 1.8138 -15.9637 1
9.6337996 0.44170001 -15.1314 1
13.79 -11.7259 39.906502 2
-12.44165 9.8873501 19.527401 0
7.9958 -16.492599 43.839001 2
2.7648001 -0.93610001 18.5935 2
9.2234001 2.2976 -11.576 0
13.6769 -20.1478 46.0522 2
12.077968 1.4463331 21.093534 2
3.8485 -6.4264998 29.195499 2
14.324 -16.047667 42.371265 2
5.7456002 -11.0172 36.7985 2
5.2351999 2.89855 11.8302 2
7.30582 3.9324999 7.4909201 2
-10.0449 3.2083001 3.1559 0
-12.308599 5.9591999 5.6929498 0
6.2937002 3.4531331 9.6877003 2
13.3428 -3.5869 29.948799 2
7.5637999 -15.7416 43.105301 2
12.93565 -4.9566498 31.478451 2
9.4542999 -17.726151 45.505001 2
11.555099 2.75705 18.16675 2
-4.7214499 8.2924986 17.940552 0
13.717 -19.113899 45.460899 2
3.4484 -5.0528998 26.496201 2
3.7331331 -7.3185 30.138334 2
8.4638996 1.91645 -8.1133986 2
5.0107999 -10.0038 34.6875 2
8.3015327 2.3053 -6.6690001 2
10.9659 1.3142 -9.0377998 2
0.53696698 8.6880999 10.8992 0
-3.2033999 -0.51639998 -2.4582 0
14.2352 -17.3743 43.2897 2
6.699667 -2.3367169 16.532017 2
-1.2613 -0.98224998 -3.40485 0
5.328475 -11.49235 37.297249 2
11.04375 6.2927999 -12.3005 0
-10.2084 9.5607004 21.0786 0
10.720917 6.4474659 -11.095867 0
9.6034002 5.961 -6.0539999 0
13.4105 -7.3084002 34.896599 2
9.2032003 -17.5837 45.175701 2
10.283736 -20.108101 46.682373 2
1.4434 8.8683004 9.9792004 0
13.2862 -3.3331001 29.3041 2
8.4097996 6.7672 -3.0957999 0
-15.6778 9.1277113 12.535588 0
11.8307 2.1115 18.9695 2
10.1944 4.0734 13.5675 2
8.4671001 4.5895 7.9324999 2
5.4577122 -11.116813 36.511761 2
-7.4141002 1.3703001 0.61290002 0
14.3254 6.9963002 -48.5214 1
13.1359 -2.6514001 28.5051 2
-16.252434 9.4641657 14.643033 0
4.5582399 -10.103439 34.073982 2
10.9962 3.6796999 15.5148 2
14.2858 -12.6038 40.4417 2
4.0510001 -1.2654001 -6.7782998 0
-11.3961 9.8441 20.082899 0
4.9267998 -10.470249 35.70145 2
3.83845 -6.2959499 28.672501 2
-11.466 5.0156999 4.7818999 0
6.684257 -0.2798 -8.8810577 0
5.1027002 2.8815 12.221 2
0.76336002 8.7044401 10.55128 0
12.8747 -5.5685 32.4501 2
12.1772 -1.1249 25.8085 2
9.7722998 -19.3946 46.3214 2
8.0373001 3.8480999 -4.605 2
4.1114998 -6.9155998 29.7988 2
6.2641001 -3.5439999 19.9079 2
8.0407 2.2842 -5.8876672 2
8.8832998 6.4243999 -4.0065999 0
-14.665751 10.38165 18.22855 0
3.3401 -5.7786002 27.686001 2
14.2943 -16.868299 43.4342 2
-5.0380998 0.52209997 -1.2314 0
10.445101 4.2729502 13.2922 2
-16.64975 10.086375 16.9207 0
2.6740501 -2.5302501 21.345301 2
-3.003 7.8336 16.399099 0
-15.9189 9.4277 13.78595 0
-15.0986 8.7307491 11.0869 0
13.8165 -19.8009 45.8731 2
-9.2405996 2.4974999 2.2425001 0
12.8332 -6.1925998 33.340801 2
8.3084993 6.3141332 -3.4965999 0
-7.4885478 8.3614683 19.707468 0
-0.3707 8.0930004 12.71295 0
11.8393 -22.4473 48.149101 2
12.4833 -0.156 24.4809 2
2.113589 -1.316344 -5.2405448 0
-13.2247 6.4387002 6.5903001 0
11.1232 3.5030999 16.1052 2
4.9306002 2.07285 13.09425 2
14.04565 -19.138351 45.209499 2
8.8795862 1.8885 -8.8994284 2
6.4745159 -12.90715 39.512085 2
13.2938 4.1731 -48.6138 1
5.8821001 -11.5312 37.653599 2
13.3616 -4.4927001 31.128099 2
-16.3708 9.8954 17.5973 0
-14.069 7.0839 7.6065001 0
8.8901434 -17.134914 44.442146 2
8.5441999 -17.2987 44.7061 2
12.8228 -1.7947 27.3013 2
9.7679005 4.7179999 11.4484 2
13.941601 -11.713742 39.512573 2
5.07232 -1.04536 -7.5429602 0
11.8859 5.38905 -14.926001 1
12.856936 -2.4958 27.719063 2
9.3416996 1.9119 -11.0633 2
6.7632999 7.85285 -1.0045 0
3.4633 -1.1871001 -6.2177 0
8.8920336 4.8608999 8.6932001 2
4.7500672 -10.242066 34.5089 2
1.45576 8.5569401 9.2397203 0
11.0842 -18.3571 45.878151 2
10.8105 1.0921 -6.9766002 2
14.325299 4.3233199 -48.523277 1
-9.4924421 9.302886 20.925871 0
14.3331 -16.6847 42.787102 2
5.0103002 2.6173 12.5581 2
2.7393 -2.9849 22.354 2
9.6943007 6.0942001 -6.8743339 0
7.2068 -14.1312 41.176201 2
12.1053 -0.098540001 23.72224 2
-2.9087329 -0.643933 -2.6770999 0
15.469525 5.2811618 -48.675552 1
-14.2966 8.2076492 8.9569502 0
3.2474999 -5.5412998 27.2265 2
-5.4777999 8.4907999 18.698099 0
2.6013 -2.1675 20.640499 2
-3.7091 7.9202328 17.0361 0
8.2816439 0.128786 -12.138971 0
7.8252001 2.6445999 -5.4341998 0
13.088799 6.2743592 -48.495865 1
3.3922999 -6.0588002 28.235399 2
8.0963001 2.4539499 -6.2761502 2
10.6591 6.2515249 -9.7220249 0
7.8840499 3.107317 -4.8856168 0
3.6823001 -5.7841001 28.065399 2
-4.3325748 8.1395998 17.54315 0
4.6286998 -9.5714998 33.334099 2
7.9411998 6.5917001 -2.7004001 0
3.6844001 -7.9861999 30.830601 2
7.5214 -0.040899999 -10.707251 0
-0.12515 -1.522 -4.2336998 0
6.6815 3.9990001 8.2999001 2
-5.32935 8.2432003 18.35675 0
13.62025 -8.1137514 35.89555 2
-2.474175 -0.5492 -2.6400499 0
-12.9622 6.4345999 6.1146002 0
-6.1016831 0.72219998 -0.34525001 0
4.3425999 -1.1709 -7.0015001 0
9.1431999 4.8260999 9.3760996 2
9.8755999 4.4249001 -6.6416001 2
12.0534 5.8077002 -13.9978 1
3.3023 -0.1111 17.2404 2
0.0491 8.3648996 12.2773 0
12.9613 -5.30335 31.955101 2
-8.6906004 2.5321 1.2648 0
0.73040003 -1.4852 -4.6321001 0
12.89115 -6.8748999 34.284401 2
9.3264837 -18.296766 45.62653 2
3.3115251 0.092100002 16.517725 2
-13.9515 7.7880001 8.6068001 0
-5.5648999 7.9937 18.823601 0
5.8715401 -11.89228 37.856438 2
8.4710331 0.1654 7.266233 2
10.69765 6.5475502 -10.5184 0
14.298225 -13.12795 41.067497 2
14.7831 5.6427002 -36.801498 1
6.5471501 -3.0486 18.30505 2
-8.6492996 2.2054 1.573 0
-11.1398 4.6215 4.3234501 0
4.1462498 9.0816994 4.1041999 0
11.0176 6.5057001 -11.4906 0
-13.71165 6.3752999 7.3060002 0
14.241401 -18.061533 44.129597 2
-6.6577001 0.92745 -0.047350001 0
14.8284 5.6826 -37.266201 1
12.2465 -21.751699 47.385799 2
-11.7142 9.6688004 20.0152 0
14.092667 -18.788801 44.860233 2
-8.5096397 2.30446 1.91818 0
-2.0592 -1.0211999 -3.1547 0
4.3420749 -9.695075 32.731625 2
5.1220002 -10.149 35.532902 2
-8.5588999 9.0302 20.5734 0
11.1004 1.5066 -9.8549004 2
3.6657 8.7652998 5.1630998 0
13.2912 -7.9514999 35.806301 2
4.1117001 -9.3517256 32.287971 2
-14.480577 8.2911224 9.7486448 0
3.0779669 -5.1212001 26.049467 2
13.63335 -8.9124012 36.488647 2
-2.6979499 7.8439002 15.73695 0
-16.050224 9.4280243 14.1216 0
7.1662998 7.7456002 -1.0663 0
9.506155 4.286211 -6.1166329 2
4.1106 -7.191 30.146 2
-9.4972496 2.7386501 2.5866001 0
14.706051 6.0810499 -37.627201 1
10.3364 3.9258001 14.0083 2
-8.1135702 8.6579094 19.894705 0
13.4267 -5.3762999 31.836 2
-13.898451 10.3055 18.471649 0
8.0326004 6.8295002 -3.0737 0
13.3203 -8.2644997 36.164398 2
-15.5447 8.7831001 11.7006 0
8.2705002 -16.3881 43.637199 2
2.9393001 -1.2175 19.2983 2
7.8404002 -0.29609999 -11.3715 0
5.9621 -12.25535 38.704399 2
13.1354 -7.5179 35.237801 2
3.6070001 -6.7612 29.405399 2
12.1823 5.5411 -14.1938 1
5.6546001 8.6759996 0.77179998 0
10.1594 4.4773998 -9.6324997 2
-0.48820001 8.1545 13.2675 0
9.1515999 6.2756 -4.7873001 0
-13.3919 6.9879999 6.8302002 0
12.164249 6.2886 -39.625351 1
-16.4671 9.8791256 16.159399 0
-5.6826 0.4984 -0.86540002 0
-3.5023141 -0.095229 -1.880071 0
3.441767 8.9622002 5.8631001 0
14.473801 -13.90565 41.554802 2
3.8195 0.74610001 15.8266 2
7.2382998 -2.2492499 15.93755 2
12.0252 1.7833 20.1035 2
8.2263498 -0.0067500002 -11.7255 0
11.377366 -21.715668 48.276432 2
8.3246498 0.1638 -12.87005 0
12.06786 1.09988 21.30962 2
-0.87620002 8.0269003 13.8419 0
-12.0484 5.3442998 5.4289498 0
-11.522 4.8448 4.4860001 0
13.6624 -8.1969995 36.237 2
2.9844 -2.994 22.6758 2
9.9315004 -0.68709999 4.9594998 2
6.8593001 -14.6187 41.1973 2
11.4833 -22.693399 48.484001 2
10.4421 0.25440001 -1.0736001 2
15.5684 6.3783002 -48.626999 1
6.9643998 -15.3305 42.214001 2
3.2418001 -0.35069999 17.550501 2
8.7185993 -0.12416 9.2853804 2
3.8601501 9.0679998 4.7291999 0
9.8023005 0.736 -15.1825 1
12.6042 -1.1213 26.184799 2
-6.28158 8.1252403 18.941319 0
-15.860025 9.2962255 13.3492 0
12.883 -5.9805002 33.076599 2
12.0969 5.0532999 -15.7228 1
2.90045 -3.6613669 23.2731 2
-10.8426 3.9291501 3.9590001 0
10.5005 4.4713502 -11.856199 1
9.7006207 -18.521532 45.854862 2
11.2051 6.1166501 -12.05805 0
8.5504999 2.2063999 -7.5558 2
2.1909001 8.9583998 7.8374 0
14.1607 -17.6782 43.513 2
6.6575999 -13.26965 39.99765 2
6.2315998 -3.3697 19.6042 2
12.7532 -20.992901 47.091301 2
10.087151 -19.689049 46.4319 2
4.7268572 8.6816711 2.5038431 0
13.2794 -3.9180501 30.28845 2
2.9453499 -4.5415502 24.8573 2
14.9776 6.5247998 -48.628399 1
1.1673 -1.5235 -4.8751998 0
13.1225 -6.5450668 33.692699 2
-0.62760001 -1.228 -3.793 0
14.47015 -14.5068 41.94915 2
3.0037 -3.7846999 24.000799 2
12.2163 -22.2148 48.040401 2
8.5584002 0.1345 -12.6328 0
13.2399 -20.8862 46.5891 2
-1.4092 8.0594997 14.0581 0
4.8726001 -10.3129 35.3839 2
6.274425 -2.862 17.740799 2
4.2428999 8.7819004 4.2089 0
2.70855 8.8474007 7.2697001 0
8.3703995 4.62115 7.4685001 2
8.6515999 0.099600002 -13.5806 0
10.1395 5.9333501 -8.5234499 0
10.7009 4.0091 14.1235 2
12.2128 1.0007 22.0317 2
3.5827 0.92659998 15.5677 2
4.4549751 -9.7819748 33.883526 2
9.3541498 4.8657999 10.10005 2
13.698966 4.2449002 -48.686283 1
-0.87846702 8.2697334 13.277699 0
8.6540003 0.1866 -12.9439 0
10.4228 0.99159998 -15.8196 1
9.7515001 4.3821998 -7.3431001 2
9.2844505 6.0225501 -5.9962001 0
7.0837202 -0.28321999 -9.4953804 0
13.5762 -9.8470001 38.007 2
11.7164 5.9424 -13.0683 1
-10.4498 3.5543001 3.5466001 0
5.8139501 8.6253004 1.0524 0
0.3263 8.4081001 11.6124 0
8.6898594 0.51928002 7.9096599 2
1.7638 8.8920498 8.7145004 0
9.2271004 0.34086701 -14.540633 1
12.3346 0.37630001 23.3186 2
13.5216 3.5225999 -31.541599 1
10.2462 4.4892998 12.5946 2
12.9446 5.5706 -48.621201 1
10.73005 -18.539776 45.947876 2
10.1998 6.0436001 -9.1506004 0
6.5391998 7.9275999 -0.37529999 0
0.47714999 8.3498001 11.0091 0
-12.6191 6.0525999 5.6759 0
11.244801 3.0618501 16.740349 2
3.3557329 0.52249998 16.127167 2
3.1645 -0.0174 16.963499 2
-3.8724999 0.093999997 -1.9901 0
9.2553997 1.8684 -10.597 2
2.7497001 -3.2131 22.6434 2
5.2799501 8.8133497 2.0715499 0
10.7901 6.6019001 -10.8228 0
7.3505998 -0.31209999 -10.074432 0
6.7465 -13.997 40.812099 2
9.3929005 6.0093002 -5.3573999 0
12.554251 -0.76160002 25.3489 2
12.677043 -21.302099 47.055855 2
3.4119 -5.3319998 26.649151 2
-0.14025 8.2994499 12.57325 0
6.8941998 -13.548559 40.540337 2
