# .PCD v0.7 - Point Cloud Data file format
VERSION 0.7
FIELDS x y z label
SIZE 4 4 4 4
TYPE F F F U
COUNT 1 1 1 1
WIDTH 879
HEIGHT 1
VIEWPOINT 0 0 0 1 0 0 0
POINTS 879
DATA ascii
2.2820499 16.751051 19.930149 2
-1.05725 24.06535 -59.103951 3
25.746349 -26.451651 58.83075 2
-2.1394501 17.285151 -19.75675 1
3.34865 -6.72925 43.78035 2
-24.17215 24.514151 6.3343501 1
-7.8740501 14.33075 41.723751 0
-5.1006498 25.212049 -1.0883501 1
9.8794994 9.7512493 36.110249 2
18.285851 -9.5300999 54.831249 2
-3.3011999 7.0819998 29.70145 2
-16.697783 17.366051 -3.515717 1
-11.149599 23.75135 11.659599 1
13.20485 1.63465 46.912651 2
16.72863 -20.461391 56.348774 2
-20.7507 25.8535 16.7523 1
9.35355 -13.67035 49.96735 2
-2.1429501 17.73625 30.336451 0
-8.6581497 14.94945 -9.3193502 1
4.84865 19.535749 11.63865 2
-0.70365 22.81365 -13.02365 1
-3.66225 11.83935 22.991751 2
24.310282 -18.684517 57.207287 2
9.40765 14.92365 21.83025 2
-4.13275 12.88785 35.464352 0
-1.4231499 18.63895 7.9737501 2
-21.19735 20.60335 1.18805 1
-25.464451 25.583351 12.43855 1
1.07505 22.584249 -18.98465 3
9.0166502 12.542999 30.690001 2
-2.0405829 3.317817 34.107616 2
1.1524 -3.2677 39.622299 2
-15.22855 24.61305 15.60735 1
-2.2487299 12.518169 28.48653 0
21.112949 -23.255701 58.212475 2
14.845301 -2.1401 50.10215 2
7.8471999 17.13715 17.53965 2
-3.19345 24.461451 -5.3007498 1
-7.8738499 12.5319 45.856102 0
-6.4905 15.6419 37.851547 0
-4.55475 16.859249 33.8661 0
-1.73905 18.564051 -9.1084499 2
11.42495 -15.39175 53.042252 2
14.040051 -17.756901 55.064049 2
25.300034 -22.513367 57.946503 2
-0.46434999 -0.11485 37.561649 2
-9.5372 24.631701 8.4138498 1
-18.85025 18.776649 -0.96945 1
-22.70565 22.88265 3.38925 1
2.9433501 20.051001 8.7388 2
-1.90535 17.276251 12.80635 2
7.2021499 -10.94885 48.93325 2
4.8536501 -8.5915499 46.259548 2
-1.1882499 12.48325 25.22645 0
-0.63045001 19.560749 4.61445 2
-2.0950501 22.600149 -52.235649 3
-2.5559161 16.316618 -16.505951 1
-5.6849499 12.99185 39.676449 0
-23.642651 26.36775 15.29295 1
-6.2480502 25.379351 2.1710501 1
-11.18665 14.95815 -7.4123502 1
12.24255 4.1369829 44.095852 2
-24.80765 25.06085 9.3644514 1
-17.892651 24.734299 17.23185 1
1.3455499 16.871899 22.8937 0
19.843224 -11.973475 56.063801 2
22.6506 -15.94215 57.139648 2
1.18855 16.92885 -12.22085 2
-0.56805003 17.57395 27.54015 0
-14.45015 16.306326 -5.2701502 1
1.49015 20.67835 2.9586501 2
8.9334488 11.4637 33.697701 2
2.2939501 -5.2407498 41.135624 2
2.60835 15.94155 17.39925 2
-12.902901 24.26185 13.6091 1
2.9377501 15.71355 13.68015 2
-0.68695003 20.288349 -7.4065499 2
-5.2526498 15.14125 -11.75545 1
2.13515 14.18305 2.5431499 2
11.33685 7.2061501 39.92075 2
-0.18885 23.00585 -15.31785 1
-7.5225501 12.99905 43.603249 0
1.2788 23.309299 -59.104 3
0.63704997 17.70455 1.50565 2
-0.86145002 22.64925 -10.88035 1
-7.2266502 25.020149 4.0755501 1
-3.62205 13.04705 21.225349 2
-6.84835 14.69175 -10.42565 1
-3.8073499 8.1727505 27.964149 2
-0.61795002 21.99885 -59.126652 3
0.65764999 17.622351 24.824751 0
-12.85955 16.00585 -6.6093502 1
10.66075 8.6789503 37.737652 2
-3.8505499 10.58025 24.66625 2
-2.59535 12.79055 30.50445 0
2.51425 16.123501 11.55625 2
-8.5056496 25.032949 6.5186501 1
-3.07005 5.9435501 31.38825 2
-25.473351 26.179901 14.40555 1
2.6977501 20.447451 6.7098498 2
15.89515 -4.3529501 51.640549 2
-3.5710499 12.74605 33.554249 0
21.00695 -13.60355 56.654949 2
1.12025 17.92655 -18.335449 3
0.33425 -1.73 38.485802 2
25.474451 -24.555849 58.299618 2
13.64805 0.0601 48.498699 2
-6.37395 13.16325 41.59185 0
-1.51995 2.1142499 35.543648 2
-10.184 24.104799 10.1011 1
-2.4944 4.6530499 32.8867 2
3.0381501 15.99695 15.62465 2
-0.11745 12.54975 20.20175 2
6.8455501 17.789551 16.112749 2
1.89025 17.52935 5.5453501 2
-23.330925 23.672852 4.8931751 1
1.68185 20.4259 4.8757 2
16.9888 -7.3077998 53.624702 2
1.24845 21.014151 -50.330952 3
3.9556 20.061699 10.1568 2
-5.1577501 16.752649 36.00845 0
-0.97105002 19.203751 6.4059501 2
0.33265001 22.802549 -16.938351 1
9.1821499 13.51055 27.88735 2
-1.50295 19.858524 -16.901474 1
-2.93975 15.93555 -14.90005 1
11.874226 5.1287498 42.688301 2
19.710115 -22.260948 58.063049 2
-0.60124999 20.784451 -14.30855 2
2.0434501 14.57175 0.96224999 2
-4.6075501 25.244749 -2.8117499 1
-2.09445 23.51265 -7.2490501 1
-0.80315 17.31625 -20.67355 1
-1.50341 18.115829 9.5040703 2
5.3554502 19.246149 13.30135 2
-19.315601 25.437901 17.4557 1
0.47894999 24.6492 -58.77705 3
-25.284349 25.39735 10.84755 1
12.24945 -16.373249 53.971352 2
-9.9022503 15.0875 -8.3504515 1
9.5676498 14.07615 24.53685 2
8.8779507 11.865493 32.102535 2
23.486216 -17.362684 57.026852 2
9.0939493 10.696651 35.033375 2
-1.79355 12.50805 26.89505 0
1.42185 21.852949 -20.29085 3
-1.00475 20.260151 -8.8963499 2
8.5440502 16.45035 18.69335 2
1.51615 16.482849 -9.1394501 2
9.2026501 12.83905 29.24135 2
15.46505 -3.4231501 50.504749 2
-8.4651499 13.235975 44.703499 0
2.3076501 16.596849 7.8412499 2
-3.0471499 12.68785 32.19075 0
0.23835 19.942799 2.65785 2
-4.1274638 24.735977 -4.126193 1
-15.649117 16.85795 -4.4198828 1
3.4890499 20.564751 0.54605001 2
-16.51215 24.812851 16.708851 1
11.66565 6.3102498 41.340851 2
18.093349 -21.244049 57.24165 2
9.4611502 14.34675 23.179449 2
10.875018 7.6970391 38.707336 2
-5.4300499 25.42345 0.23864999 1
24.513451 -25.5182 58.8475 2
22.301588 -24.05567 58.241547 2
9.7871504 -14.11695 51.464249 2
-8.5385504 13.82925 43.268951 0
2.6528499 16.51045 18.65765 2
17.501883 -8.4979334 54.082184 2
-8.0621252 24.8881 5.2789001 1
-24.626949 24.860901 8.0763998 1
13.4174 -16.7451 54.443001 2
1.25175 16.57415 -10.41255 2
-1.27005 17.764351 29.056049 0
-1.60285 19.341749 -13.84805 1
18.952202 -10.5259 55.374901 2
-6.8937502 13.64625 42.63905 0
-4.1064501 15.51305 -12.73895 1
9.0574503 15.56945 20.31325 2
-5.3552499 13.17015 38.425552 0
-6.0274501 16.071899 36.6749 0
-2.6126499 15.46435 16.51325 2
10.68065 -14.77425 52.253948 2
-4.7325168 12.919617 36.707382 0
12.5151 3.2848001 45.082851 2
12.81865 2.44385 46.045151 2
6.33355 -10.24715 48.371849 2
2.5964501 -5.8791499 42.657848 2
-2.27825 16.57345 -18.69315 1
-1.7614 19.892399 -15.7225 1
-2.93945 17.57095 31.37875 0
-0.37584999 22.61245 -14.16195 1
-12.08165 24.01605 12.78775 1
-7.1845498 14.73325 40.781651 0
14.92025 -18.55245 55.644852 2
15.910851 -19.674564 55.975281 2
6.49895 18.428049 15.19025 2
5.9181499 18.76795 14.19575 2
3.0353501 15.34695 12.22435 2
-6.6688161 15.247017 38.932617 0
-3.4995501 17.307449 32.836151 0
-1.05915 22.773951 -9.7808504 1
24.718168 -19.7041 57.439579 2
25.252451 -21.421551 57.713848 2
-4.9175501 16.84325 34.924252 0
-1.42035 18.143551 -8.0013504 2
8.688817 -12.70945 49.890812 2
-2.31545 16.418051 -17.59375 1
-0.51972097 19.519865 3.509407 2
0.87234998 -2.6742749 38.734924 2
0.91114998 17.980949 -19.41415 3
-6.1222701 25.23473 1.0632499 1
-11.99575 15.29475 -6.7637501 1
-22.497299 26.2437 15.464575 1
-13.508211 15.92897 -5.73737 1
2.1205499 16.945749 6.82125 2
7.8934498 -11.69315 49.432652 2
-0.57569999 22.6485 -11.922 1
1.02785 18.31155 -20.757851 3
-3.64505 11.12335 23.765949 2
16.224251 -5.3182502 51.887951 2
1.86255 16.4741 20.94865 0
18.910648 -11.503901 55.727798 2
2.57635 20.215651 7.72015 2
-3.9096501 13.03735 34.476749 0
-3.61605 8.5363503 27.02755 2
0.72055 18.50205 2.85165 2
-0.15915 12.79135 19.199949 2
-23.917351 24.565065 7.3636498 1
-19.617149 19.295349 -0.55075002 1
25.296381 -23.620316 57.98325 2
19.018049 -21.590549 57.515049 2
25.680651 -25.503851 58.533951 2
-15.91155 23.97785 16.08205 1
-7.8791342 13.737301 42.533684 0
-1.9667 22.752651 -7.8724499 1
-0.03675 -0.92685002 37.928452 2
1.6224999 16.556099 21.900749 0
2.9260001 15.90315 14.6567 2
-1.147917 12.308517 24.104185 0
17.55475 -20.54575 56.831551 2
-17.2759 17.9345 -3.0127499 1
-7.5223498 13.12575 44.62545 0
-5.97645 13.15535 40.727951 0
-1.7837501 17.48365 11.81205 2
-2.43415 12.59245 29.471451 0
1.20435 17.616949 -16.255051 3
2.93485 16.176649 16.545349 2
-23.6495 24.161699 5.6395998 1
-2.0651169 3.9039171 33.245586 2
-8.4555502 13.29395 45.632549 0
-3.34975 15.79925 -13.78675 1
1.3828501 -3.8863499 40.271648 2
9.2025499 13.63135 26.96785 2
-2.7210829 15.138783 17.364416 2
-0.69765002 19.304501 5.5364499 2
0.29734999 17.099318 25.478918 0
-21.528351 26.06715 16.054251 1
-0.28534999 22.866716 -16.275452 1
-8.6620502 12.18495 45.57505 0
3.7458501 -7.43115 44.814949 2
-1.326517 16.918116 -19.863951 1
3.1949501 -6.5013499 42.927448 2
8.6785831 15.882751 19.479517 2
-2.21805 22.74645 -54.32605 3
17.463249 -9.3152504 54.563301 2
-25.50135 25.76495 13.30995 1
11.6806 5.5349751 41.919678 2
-22.319851 22.27495 2.86835 1
-1.08205 20.195551 -9.77845 2
13.340584 -0.71931702 48.810917 2
-1.04255 18.83185 7.1964502 2
1.87755 -4.5894499 40.62315 2
4.688417 -8.0948172 45.496952 2
-0.50844997 12.510483 21.147751 0
-3.1888499 6.46525 30.701651 2
-3.5267501 12.47765 22.049982 2
9.49755 13.79265 25.56735 2
-1.173807 18.312893 8.7371502 2
1.26085 17.386351 -14.88365 3
24.940248 -26.297117 59.075317 2
-0.35065001 24.54015 -59.016098 3
19.57395 -12.75985 56.259548 2
14.463317 -1.5336829 49.541882 2
-18.51375 25.489151 17.741299 1
8.5064497 12.20235 31.282249 2
-2.1215501 12.6881 27.664316 0
20.184549 -13.42875 56.53595 2
12.12895 -15.58855 53.47105 2
-4.05825 10.01535 25.377649 2
2.5775001 -5.6182499 41.837151 2
-1.27469 17.64323 28.140131 0
-23.059399 23.3521 4.1111999 1
5.0346498 19.469549 12.56685 2
-5.0981498 12.94845 37.667648 0
9.0995302 15.092771 21.07865 2
22.033051 -15.24915 57.00885 2
-2.72755 14.21855 19.029949 2
-2.77755 16.156601 -15.6748 1
1.06665 24.165649 -59.072849 3
5.62075 -9.3691502 47.216549 2
-2.3908501 22.76745 -51.496552 3
1.84495 20.67065 4.1174502 2
-1.41205 18.621849 -10.53515 2
-14.478184 24.414583 15.09995 1
21.342899 -14.307975 56.871826 2
-13.59555 24.06465 14.04495 1
-0.66079998 0.50604999 37.083599 2
-14.8729 16.51985 -4.6168499 1
1.09805 19.289949 -1.426 2
4.0679169 19.453382 11.447816 2
-6.1463499 14.98005 -10.88335 1
-24.931601 26.437201 14.92765 1
5.1444502 18.64135 14.08405 2
-8.9980497 24.916451 7.79705 1
9.0671501 14.69345 22.50445 2
-8.2705498 13.44087 43.900829 0
-10.82275 15.31085 -8.0161514 1
-20.43825 20.27545 0.32984999 1
-18.95265 24.744949 17.49295 1
-0.98615003 22.688299 -59.079147 3
23.084436 -16.691101 57.029408 2
15.70945 -3.7613499 51.167049 2
-0.15475 17.835051 26.51535 0
-1.266917 18.047884 10.279583 2
-7.55655 24.721849 4.7169499 1
-0.12075 18.805349 0.69755 2
-4.2378502 17.102051 33.20615 0
25.03525 -20.62015 57.507351 2
9.4853497 10.43075 35.636848 2
-1.58065 12.39505 26.09185 0
0.70655 16.9114 24.477501 0
10.4263 9.1018009 37.113701 2
-9.8758497 24.558849 9.4696503 1
0.13315 22.00355 -59.040352 3
12.04305 4.6671 43.448799 2
2.43325 20.672449 5.8448501 2
-2.44765 23.43605 -6.5754499 1
-3.55355 17.378651 31.88065 0
-6.99755 15.07995 40.071548 0
-25.036751 25.62665 14.64245 1
-24.868851 25.19805 10.26455 1
2.27755 16.330151 19.31785 2
-2.94245 12.84605 21.626751 2
11.96595 2.8120501 45.237251 2
-18.259949 18.296249 -2.0234499 1
4.3362498 19.30975 12.12085 2
-7.8914499 14.53375 -9.5423498 1
13.42985 0.18695 47.789249 2
1.1350501 18.134451 -17.593451 3
-1.7176501 16.71785 -19.14115 1
-17.247351 25.062149 17.157949 1
-0.333 18.323601 -21.2794 3
1.13135 16.746651 23.62545 0
1.30435 20.46105 3.6212499 2
5.5053501 18.383249 14.80195 2
8.0432997 16.686249 18.065201 2
22.97625 -24.18425 58.452549 2
14.666751 -18.151617 55.105316 2
13.52975 -17.45175 54.503849 2
2.0357499 14.41635 1.74865 2
-3.7254 24.699249 -4.7184 1
1.47805 18.02405 4.30475 2
9.0238504 12.78085 29.930849 2
14.02825 -0.69674999 48.99865 2
-11.71005 24.00415 12.09165 1
20.64175 -22.5751 58.227303 2
-0.83885002 20.255449 -8.2062502 2
12.15705 2.36605 45.755051 2
-7.9800501 24.98275 6.01685 1
15.26125 -2.7456501 50.539951 2
-7.2267499 13.098 42.9389 0
9.0428495 10.86065 34.347252 2
11.23365 7.43225 39.256248 2
2.4744999 16.160425 18.071325 2
20.2565 -12.582 56.2425 2
-2.9224501 5.5012498 32.027851 2
23.830629 -18.077892 57.090351 2
-0.03585 12.92225 17.45665 2
24.087942 -25.092274 58.500412 2
3.9098499 -7.4668498 44.14085 2
-24.014549 23.85165 6.21385 1
-16.501551 24.150949 16.515249 1
1.25815 17.500851 -15.57795 3
-2.4877999 17.448 30.857849 0
13.272317 0.96378303 47.168751 2
-16.277851 17.316401 -4.0555501 1
-5.2375498 25.41165 -0.44835001 1
-5.30375 13.18325 39.143349 0
-15.85615 24.640701 16.2325 1
-5.9779501 16.008249 37.469849 0
12.98865 -0.016550001 48.267551 2
11.465325 6.8725748 40.506275 2
3.36675 19.808649 9.9369497 2
8.3018866 -12.332095 49.482559 2
9.5851498 14.27105 23.843849 2
-0.00465 17.17675 26.233749 0
-3.6134501 9.9741497 24.82415 2
15.69085 -5.4643502 52.265602 2
16.517752 -5.909184 52.485882 2
20.721649 -13.16655 56.239052 2
4.4400501 19.664249 10.87455 2
5.6339998 18.699249 13.55645 2
3.6659501 20.081051 8.9108496 2
-1.41535 22.34865 -9.2751503 1
20.69315 -14.19985 56.838848 2
-21.703449 21.66235 1.83105 1
-3.47245 7.4974251 29.092825 2
-2.4495749 4.8899999 32.2649 2
5.287025 -9.0473747 46.731125 2
0.83784997 22.501051 -58.986149 3
9.30585 13.12635 28.46155 2
3.7356501 19.6399 10.7536 2
9.2947502 13.89535 26.28125 2
12.61255 2.5785501 45.340752 2
1.63665 17.829451 4.9622502 2
-1.08921 23.309109 -58.915367 3
16.665501 -6.3178 52.981201 2
-0.85584998 12.3784 22.67675 0
-7.3303499 12.65625 45.523651 0
-7.5738502 13.45905 44.057549 0
-0.64579999 20.686451 -13.079451 1
-3.7205501 7.8138499 28.55335 2
2.55035 13.21625 7.09235 2
-6.47715 25.075397 1.6528749 1
2.2706499 20.46155 5.1289501 2
9.28403 -12.97747 49.867893 2
-1.7289 23.11915 -8.3419504 1
3.0165501 20.283251 7.2589502 2
-3.7520001 15.93775 -13.19275 1
12.304226 3.6894 44.545975 2
-6.3516502 15.60195 38.472149 0
3.06075 15.650499 13.058399 2
-18.493851 18.545349 -1.4861 1
-3.7328751 9.4849253 25.6315 2
12.95105 -16.36615 54.135948 2
4.67345 19.053617 12.882983 2
-2.4988749 13.088024 29.9272 0
5.91855 -9.6585503 47.691849 2
2.12375 20.259251 6.20435 2
4.2683501 9.2081499 21.407351 2
-20.72295 20.62965 0.77644998 1
-10.91435 24.15555 11.20515 1
-7.3076501 14.58945 41.639648 0
-0.26324999 22.813551 -13.57755 1
-3.1698999 13.6137 20.132099 2
6.8311 -10.5768 48.554001 2
-14.8569 23.876801 15.2535 1
-24.50585 24.939369 8.8336697 1
-1.6638499 18.445749 -8.4879503 2
12.71025 1.22015 47.209049 2
-3.83095 9.0361996 26.73295 2
19.611383 -21.929117 57.550816 2
-1.87823 3.33217 33.511711 2
-8.8140497 24.84045 7.2153502 1
-6.9629502 13.05755 42.385151 0
18.543537 -21.635487 57.095978 2
-8.9461508 14.703416 -8.8371162 1
21.697889 -23.91609 58.248291 2
1.7122999 16.937376 21.319775 0
20.1255 -22.8377 58.032303 2
-24.299484 26.377251 14.935184 1
17.922365 -8.9204874 54.494545 2
1.923 20.3652 5.6188998 2
-7.1677499 15.17225 39.495152 0
23.22455 -17.996849 57.18745 2
-2.97735 24.15995 -5.7804499 1
8.5220003 10.71995 34.623352 2
-17.84395 18.14855 -2.63675 1
-2.3089499 12.95225 28.90365 0
1.1946501 22.19915 -19.537649 3
1.01895 17.77355 -17.123449 3
8.9051504 12.06075 32.673248 2
1.56025 -4.02355 39.712051 2
-3.9640501 17.12475 33.740349 0
-2.75635 12.65765 31.06645 0
-4.17875 25.155149 -3.7016499 1
14.01955 -17.226851 54.764351 2
-3.5262499 24.089251 -4.9719501 1
-0.36379999 17.3116 26.7143 0
13.00775 2.08055 46.47945 2
0.10533 22.70841 -17.521351 1
7.5428829 -11.435718 48.976948 2
0.83805001 22.50495 -18.44475 3
-11.99305 23.55525 12.42475 1
-18.400749 24.972549 17.422951 1
0.098650001 22.87925 -15.82515 1
0.13875 17.70985 1.86985 2
17.271448 -7.8913832 53.901814 2
-0.4474 12.70645 19.73955 0
-7.1740499 13.58775 43.457249 0
-11.69523 15.46109 -7.2518902 1
19.073259 -11.109757 55.325035 2
-0.13865 21.491051 -59.12645 3
10.13235 9.4706497 36.76545 2
24.290718 -19.299204 57.26572 2
-12.85785 15.63295 -6.1589999 1
-15.887317 16.945948 -3.8275831 1
-13.90335 16.080601 -5.3351002 1
-0.1001 22.9088 -14.749451 1
-4.53825 12.70705 36.068451 0
3.1686499 15.56335 14.19405 2
-21.735401 26.112251 15.5112 1
-23.068401 26.350651 15.4391 1
19.467649 -11.37225 55.827049 2
3.5315249 -7.051825 44.281281 2
-9.4967995 24.3465 8.9155502 1
-12.51475 24.098949 13.21235 1
-1.80225 17.773451 10.81095 2
-1.61335 23.096951 -59.10635 3
6.078083 18.36935 14.738183 2
3.71065 20.05615 9.5057497 2
1.99735 16.988449 7.52145 2
0.33289999 -1.46815 37.975903 2
-16.917299 17.494999 -2.9368501 1
25.071451 -23.11063 58.112511 2
-3.6126001 12.157499 22.515751 2
4.3362498 -8.0693502 44.995251 2
-3.4530001 8.0640001 27.48695 2
-4.1896501 12.72485 34.922352 0
2.86835 15.73205 16.098351 2
-12.54745 15.56475 -6.7843499 1
-1.73695 2.4724829 35.09602 2
-25.349649 25.780149 14.02185 1
9.2883501 13.825351 25.020285 2
-13.76565 24.45705 14.41355 1
-7.6557159 14.555917 40.526352 0
-15.22135 16.83445 -4.93015 1
2.0899 -4.71105 41.130997 2
-22.11685 25.78285 15.24535 1
18.579901 -9.9387503 55.082901 2
3.0065501 20.705151 0.29464999 2
-0.50405002 19.664902 4.0775499 2
-5.5584502 16.37985 36.423649 0
0.074450001 12.86483 18.696289 2
-4.66605 15.29335 -12.27115 1
-0.70714998 22.771671 -12.451231 1
-2.8963499 12.76415 31.658649 0
1.6336499 16.87785 22.35635 0
-1.9256001 23.3312 -7.7844501 1
2.02335 16.37385 20.405149 0
13.50385 0.73834997 47.789951 2
21.643517 -14.767784 56.955151 2
-1.31135 12.22965 24.748949 0
17.732515 -9.7223167 54.825817 2
-6.8981829 15.490983 38.491886 0
-4.9305501 25.10635 -1.7119499 1
-7.74295 12.88295 44.179951 0
-1.66905 3.87555 33.629951 2
-0.22215 -0.59794998 37.447048 2
10.11795 -14.38625 51.814751 2
-0.87664998 24.386351 -58.693851 3
-6.69695 25.249149 3.1524501 1
-10.272699 15.2935 -7.99405 1
12.02365 4.1294498 43.564949 2
-14.487125 16.7493 -4.9348998 1
-1.67375 19.22555 -13.31505 1
-7.2751498 14.59475 -10.04355 1
-9.5769501 15.07735 -8.8012514 1
2.60425 16.46105 17.632549 2
-3.1921501 12.89065 32.841049 0
-10.58785 24.21015 10.77125 1
6.50665 18.044748 15.653283 2
-7.5267501 14.82835 39.955349 0
-0.96745002 12.23775 23.434549 0
18.56175 -11.11565 55.51075 2
6.3575501 -10.10335 47.69545 2
9.0026503 11.98315 31.312651 2
25.262749 -21.94025 57.872799 2
25.647167 -25.896259 58.906967 2
-17.8951 25.224499 17.46335 1
16.45805 -7.5187502 53.629101 2
8.894474 11.667449 33.066948 2
15.16055 -19.02355 55.760448 2
-4.5819502 25.277349 -2.2720499 1
6.31985 17.7232 16.223049 2
2.5046501 -5.1276498 41.618 2
3.3243501 20.30875 8.4608994 2
13.81315 -0.44885001 48.479252 2
-17.29525 17.754049 -2.4388499 1
14.520143 -2.0964711 49.682686 2
0.58335 -2.23665 38.821049 2
-4.97545 16.649549 35.520149 0
-0.61865002 22.575951 -11.34675 1
-13.47685 16.275949 -6.1373501 1
1.07485 -2.85725 39.18935 2
-3.9207499 10.87765 24.23415 2
9.3743496 -13.5602 50.483902 2
15.886749 -4.8923898 51.703087 2
-2.2383499 16.720175 -18.0651 1
3.1872499 12.49135 10.69795 2
-0.66525 20.715651 -13.79095 1
-5.7996502 14.97265 -11.27775 1
-0.23161 0.10251 37.078693 2
7.22405 17.71505 16.561649 2
12.59495 -16.76465 53.851452 2
11.50193 6.5058098 40.878368 2
10.99515 -15.02805 52.71685 2
1.20965 17.52215 -14.36475 3
-5.342617 16.615616 35.122448 0
-19.36735 18.984449 -0.88644999 1
-8.0863504 14.083591 42.129669 0
-1.699425 2.9582751 34.278126 2
-3.13943 17.064428 31.862829 0
7.6005502 17.41695 17.057449 2
3.3067501 19.847 9.2167501 2
1.44495 16.773451 -10.85055 2
3.0464499 -6.3910499 43.410149 2
-4.5157499 25.095316 -3.3124831 1
10.65665 -14.36845 51.84285 2
-12.34945 23.57715 12.83405 1
-24.522352 25.219717 9.8829498 1
2.0262499 20.74575 4.6645498 2
22.732899 -24.112652 57.965652 2
25.60005 -24.064251 58.21455 2
1.09375 18.314751 -18.67115 3
-1.19415 18.42835 9.2395496 2
-22.892689 23.51659 4.5670099 1
16.3088 -19.932899 56.276848 2
-19.88415 19.69475 -0.37875 1
0.4659 17.1553 24.898676 0
9.0041504 15.83315 19.88245 2
24.6784 -20.207251 57.385601 2
2.8712001 -6.1002998 43.022751 2
-3.2799499 13.36905 20.562349 2
-3.0843501 14.46515 18.767349 2
2.14747 16.722672 8.3211699 2
-20.887075 25.824175 16.094526 1
-0.44885001 17.768551 -20.72785 3
3.70755 -7.08465 43.780182 2
8.9164495 15.02025 21.668751 2
17.16715 -8.7943497 54.315552 2
-6.72925 25.333851 2.6119499 1
22.907938 -17.290577 57.045067 2
-24.301588 24.709436 7.7244749 1
-3.2946501 12.54125 21.43825 2
-1.49535 12.22205 25.569349 0
-1.21685 17.115501 -20.47205 1
-0.48278299 17.704584 27.062983 0
2.6799171 15.89775 16.87565 2
8.9844503 12.21575 31.75655 2
-0.89244998 22.530849 -10.39425 1
-3.894383 9.4864168 26.105917 2
15.01305 -2.66465 50.112751 2
2.76915 20.125351 8.1832504 2
-1.0359 1.3103499 36.337799 2
-4.4242501 16.95615 34.505951 0
-1.0156 18.834202 7.7593002 2
-25.596251 25.45945 11.58365 1
-3.2325499 23.77795 -5.4625502 1
1.15455 21.013149 -51.355949 3
25.600651 -25.026951 58.39835 2
0.80785 17.43655 24.06505 0
-1.65 17.973598 9.9710503 2
-2.0606999 4.24755 32.834675 2
-3.7778499 12.76315 34.00415 0
17.12405 -20.636351 56.602551 2
22.271 -15.71155 56.923248 2
0.98645002 17.746651 -17.89715 3
-20.275949 25.764549 17.09355 1
-8.2458992 13.89595 42.879448 0
-3.30845 17.258751 32.38625 0
-8.2844257 12.671775 45.528824 0
14.52725 -17.68825 55.177048 2
24.840302 -22.692051 58.213451 2
18.103001 -21.626499 56.88485 2
18.25045 -9.2669497 54.390652 2
-13.24265 24.413349 13.92325 1
-1.90025 17.64905 29.770451 0
4.9330502 18.834049 13.52615 2
-1.14385 18.21035 9.8160496 2
0.087323003 17.488422 25.705402 0
10.873751 8.2450504 38.337547 2
-24.61425 25.97135 14.91445 1
2.2799499 16.19545 18.856649 2
4.20755 -7.8125501 44.593151 2
-1.0703 17.672262 27.707964 0
-1.099883 18.754517 8.3063507 2
-5.7709498 13.15135 40.25185 0
20.01045 -12.98985 56.203152 2
11.76665 4.6238499 43.00235 2
-8.6939001 13.127 45.1077 0
0.91423303 21.087717 -50.6996 3
-18.97135 18.938049 -1.40115 1
-24.078026 24.49555 6.8422251 1
9.2522497 15.42795 20.72365 2
-21.899899 22.15695 2.5553 1
21.08025 -22.75885 58.235451 2
-9.0888996 24.574051 8.2667999 1
1.679975 20.291302 3.885 2
-3.1566501 15.85425 -14.30405 1
-2.6407001 23.862101 -6.36655 1
-7.7557502 14.50695 41.255451 0
3.4881499 -6.8580499 43.346649 2
-1.6795501 22.588051 -8.5223503 1
22.98155 -24.64905 58.364651 2
-25.665951 25.98715 13.73745 1
16.75285 -6.910675 53.228653 2
-2.4818001 16.513599 -17.1628 1
11.650283 5.9271841 41.659882 2
-14.120251 24.43005 14.7224 1
5.95083 -9.6842499 47.100269 2
2.88135 13.06325 8.18855 2
-0.56269997 19.4561 5.0672498 2
1.493283 20.289717 3.2270169 2
-7.8427501 25.07445 4.9079499 1
1.20805 22.216249 -59.032749 3
-1.4608999 17.652451 28.642099 0
-1.507 23.063499 -8.8793001 1
-23.86405 24.264851 6.0430498 1
-21.328548 21.2915 1.4456 1
-1.426883 17.677816 11.49315 2
-2.0859001 22.04365 -44.6297 3
1.1294169 20.504784 2.716783 2
1.31055 16.453251 -9.5574503 2
-8.2508755 13.099799 44.216824 0
11.23945 6.75455 40.116966 2
-3.9333999 24.3393 -4.5100999 1
9.6472006 10.12095 35.951202 2
0.08365 24.711201 -59.013 3
11.514151 -14.951799 52.92485 2
-1.6643 3.5056 33.909203 2
1.05545 17.059349 23.960449 0
-0.1486 20.114052 2.84535 2
4.3631501 19.93585 11.24115 2
-0.875907 22.281448 -58.868416 3
0.72504997 22.778151 -18.09025 3
-0.308617 18.550116 1.0331171 2
13.62175 -1.07285 49.223949 2
1.49485 -3.4748499 39.39315 2
-1.8239501 22.15885 -48.524052 3
9.2776175 13.501698 26.532717 2
16.268425 -5.52355 52.472397 2
-15.29405 16.56745 -4.4257498 1
-2.9256499 16.31855 -16.23455 1
-20.0888 19.7805 0.0359 1
-1.97565 12.38085 27.29525 0
3.68767 19.677349 10.30007 2
13.2705 -0.3308 48.58025 2
12.96275 -16.778749 54.425152 2
15.44235 -3.36605 50.956551 2
3.14095 15.90155 15.05875 2
5.0021501 19.35305 12.12765 2
-15.54135 24.22665 15.99345 1
-0.26934999 22.69125 -13.07995 1
1.54835 20.46925 4.3968501 2
1.103567 17.102634 23.319448 0
14.240184 -1.137217 49.386051 2
-25.622549 25.657351 12.85615 1
9.4031496 14.59565 22.141951 2
-6.1493502 13.32415 41.207851 0
8.94205 11.2473 34.094902 2
-3.2557499 6.78335 30.22085 2
-1.4341 22.539249 -9.6891994 1
2.8062999 15.664351 12.448549 2
-5.6936002 12.888451 39.237949 0
24.698101 -25.918325 59.104126 2
-23.476629 23.93663 5.27983 1
-6.9545498 13.42245 43.090851 0
-10.06125 24.474751 9.8707504 1
12.92855 0.28665 47.916485 2
-9.7706499 24.138451 9.5878496 1
1.1483999 17.933701 -16.5681 3
-2.0100501 12.82865 28.26725 0
9.4822006 14.52405 22.7679 2
24.85125 -21.042999 57.601749 2
17.242851 -7.7613502 53.474251 2
-17.898998 18.415451 -2.2599499 1
21.492081 -23.488321 58.261364 2
-19.89255 25.62945 17.341499 1
1.1120501 18.40325 3.0439501 2
5.66925 -9.44485 46.62265 2
9.1953497 13.70335 27.40835 2
8.4943333 16.067785 19.117533 2
10.434425 8.6868753 37.353622 2
9.4520502 13.54235 25.93325 2
15.75765 -4.2716498 51.18055 2
-0.88437498 0.929775 36.722378 2
-2.70945 13.31665 31.520649 0
-8.256525 24.84395 5.6763248 1
1.6745501 20.687599 3.5249 2
2.3770499 20.223551 6.9209499 2
-1.517083 18.423349 8.4775162 2
8.2890015 -11.949375 49.257599 2
-1.42225 1.8497 35.8867 2
2.04655 -4.9323502 41.513451 2
-1.60115 18.28405 9.1052504 2
-8.4258499 24.843451 6.1254501 1
-16.912149 24.923599 16.902451 1
-0.13124999 17.6954 26.0805 0
-2.79265 16.21895 -16.866949 1
-6.87815 24.90365 3.36115 1
-11.686128 23.854994 11.671884 1
1.39595 18.19985 4.9520502 2
-7.8657842 12.720483 44.695984 0
-3.8894999 17.147949 32.704102 0
23.37805 -25.06225 58.401348 2
-0.420917 19.687918 3.11485 2
13.23995 1.04775 47.622452 2
9.57195 -13.82245 50.946449 2
-4.4266 15.6988 -12.4128 1
-0.94711697 20.15785 -10.309949 2
-1.7780499 19.973949 -17.35145 1
16.928017 -8.4613829 54.086079 2
-2.9788499 23.574751 -5.9540501 1
-2.10605 22.471251 -51.746052 3
-6.5623999 15.05635 -10.5809 1
-1.62695 17.38615 29.25725 0
1.02755 21.64595 -20.63715 3
-25.2729 25.501877 12.05015 1
-3.3017499 13.39125 33.11805 0
-16.272583 17.130484 -3.6620171 1
-1.4294 13.33965 19.42985 0
2.1113999 16.372 19.80485 2
-13.11485 15.98145 -6.1901498 1
-0.103283 22.882383 -16.66925 1
4.1319499 -7.6911922 45.054508 2
-0.83125001 20.54665 -12.71345 1
1.73485 -4.1806502 40.615452 2
-7.1567502 25.103281 3.6403501 1
11.82675 5.5338001 42.327202 2
9.4689999 13.95005 24.10935 2
1.4629 23.898701 -58.963654 3
-11.31625 15.36385 -7.4865999 1
12.27518 3.2674301 44.633877 2
-16.918999 17.826099 -3.22965 1
1.0982 22.042799 -20.078026 3
-22.31765 22.642183 3.170584 1
-18.279976 18.686176 -1.84115 1
-0.88575 20.2246 -9.3082504 2
-2.66045 17.12145 31.22275 0
-22.881651 23.093451 3.7200501 1
-5.6139498 25.26045 0.59074998 1
15.55535 -19.281349 55.841949 2
12.147484 -16.140482 53.625988 2
2.5650499 20.479168 6.3037901 2
0.51115 22.25235 -58.865849 3
-8.78965 24.56835 7.5467501 1
1.5067 -3.55035 39.826199 2
20.701372 -22.886148 57.88744 2
-10.4869 24.000999 10.383551 1
4.6905251 -8.3166752 45.861126 2
0.44659999 13.0745 17.832951 2
-5.2670002 13.173 37.25095 0
1.74865 16.5385 21.462349 0
-14.06843 16.32605 -5.7150302 1
6.1378002 18.20845 15.14625 2
12.893496 1.673172 46.518402 2
-4.35465 13.03095 35.81345 0
13.58785 -17.063351 54.663849 2
-6.71135 13.15895 42.058151 0
3.4295499 20.42905 8.8735504 2
3.08495 20.41555 7.7375498 2
0.64155 24.40255 -59.078251 3
-2.33689 17.31039 30.488888 0
-4.884625 13.103926 37.054775 0
-2.8331001 14.9328 17.7145 2
-6.1498499 15.57135 38.103649 0
-1.84875 2.85005 34.656853 2
-20.506096 20.282087 0.87355 1
19.9114 -12.442551 56.046368 2
2.8556001 16.27235 17.320801 2
-6.7375498 15.343651 39.335098 0
-2.72435 14.03195 19.479851 2
11.915512 -15.8815 53.260792 2
-2.1335001 23.106651 -7.4390001 1
17.586849 -21.083349 56.807652 2
-5.3175249 13.082775 38.018101 0
-3.6722 11.4475 23.50305 2
-2.1661501 22.767851 -52.627949 3
-3.75635 16.95455 33.420151 0
-21.922951 21.89555 2.0992501 1
-2.7061501 5.2128501 32.321548 2
-2.5178831 20.903948 -19.702217 1
-3.2950499 17.21265 31.507 0
18.090582 -9.9625168 54.851318 2
7.4805279 17.109505 17.309206 2
2.5551 -5.6504002 42.31395 2
