# .PCD v0.7 - Point Cloud Data file format
VERSION 0.7
FIELDS x y z label
SIZE 4 4 4 4
TYPE F F F U
COUNT 1 1 1 1
WIDTH 1028
HEIGHT 1
VIEWPOINT 0 0 0 1 0 0 0
POINTS 1028
DATA ascii
23.523199 -43.355049 67.729347 0
3.3659999 42.706249 78.629448 3
6.3874998 41.40295 -78.507652 1
17.88464 -6.1070099 63.855968 0
7.9801998 30.348351 7.4112501 0
2.6324999 5.2488499 52.950851 0
11.1751 -25.956051 66.782654 0
-14.4777 33.49585 -20.821251 2
17.051901 8.1238499 45.60635 0
9.0263004 29.99135 39.86755 3
7.3007998 39.744751 64.176651 3
4.3355999 -7.4356499 59.71825 0
22.815901 -30.66205 70.157654 0
0.3242 30.43005 -2.8650501 0
-6.3790398 41.079987 -11.159651 2
20.036699 -17.650049 68.652351 0
3.7309 13.73035 44.604752 0
-1.6312 29.878151 37.300152 3
0.1197 19.0837 27.430099 0
12.1141 22.276016 27.862917 0
-20.452 38.623749 -14.61875 2
15.0915 15.14025 39.130249 0
-2.1198001 41.435753 -19.476501 2
7.9865999 34.79015 57.073849 3
6.280201 33.933651 -7.9257832 0
10.0291 27.248299 15.25075 0
17.274599 -36.499748 68.791649 0
-7.7665 31.194651 -24.89395 2
3.2265 39.683651 -31.909849 2
3.97855 39.9077 71.3442 3
1.9542 16.79105 37.612751 0
0.69440001 32.374149 -33.436649 2
-10.2509 40.173149 -4.8605499 2
-0.37650001 22.56345 18.474951 0
7.0525498 17.34025 26.564449 0
2.5936 35.689949 61.20945 3
-24.4179 41.937248 -4.0924501 2
-1.3442 28.31115 30.90555 3
24.176701 -36.859249 68.616257 0
17.1637 5.6586499 51.475849 0
17.471649 -0.93379998 60.124352 0
4.4524999 36.291752 -19.897551 1
8.9367332 -20.475883 65.729179 0
11.7803 24.38835 20.48695 0
5.74085 -12.98385 61.749252 0
-22.707399 40.76685 -9.6037502 2
1.0349 39.460152 -23.99115 2
-2.7249999 31.354851 -27.912249 2
-16.992201 41.243549 -0.14714999 2
0.5927 28.90505 2.88485 0
6.2971001 25.636049 18.37685 3
5.5644999 35.353249 -12.74295 1
3.3780999 37.739651 66.619507 3
20.5401 -39.814449 68.539848 0
-0.67180002 32.282349 47.851151 3
3.6563001 -3.0882499 58.202549 0
3.0337 1.69705 55.762249 0
21.682899 -26.24505 70.266953 0
4.4589 43.008652 74.380951 3
5.9959998 41.62315 67.906853 3
-1.1181999 30.551483 41.893417 3
20.619801 -22.05895 69.754852 0
-20.462601 41.690449 -2.3982501 2
7.1310501 -16.75535 63.9016 0
2.4993 33.224049 -36.908451 1
0.74699998 26.75905 18.73315 3
16.65995 2.3066499 57.928551 0
18.623199 -9.3745499 65.76545 0
12.2263 23.227249 24.17415 0
19.226801 -13.89885 67.811653 0
-8.1534996 40.510448 -7.93575 2
8.4629498 27.25255 27.5159 3
13.8946 17.715651 36.924252 0
-0.12980001 32.465351 -29.934349 2
3.1433001 15.52105 41.637249 0
13.1184 -28.293249 68.314552 0
15.836666 -33.530251 68.898018 0
7.9498 12.28335 37.262051 0
23.90925 -40.101402 67.929977 0
8.8437004 29.232651 10.98575 0
1.1835001 17.287201 34.49155 0
8.1812 29.881849 45.187649 3
4.9229999 39.084549 -35.794552 1
0.6591 18.44305 30.53405 0
-4.7094002 41.618851 -13.95465 2
1.7908 26.79715 15.36255 3
-0.40259999 21.138849 21.27445 0
-0.092500001 19.9489 24.343349 0
16.052151 12.46125 41.056602 0
4.3333001 39.086048 -78.608345 1
16.472967 9.705883 43.06712 0
0.85500002 34.21595 55.177952 3
-3.3715 41.685349 -16.675249 2
17.94175 -3.50155 62.172249 0
7.5620999 31.586651 51.123348 3
5.3083 42.448952 70.674248 3
7.5521002 33.107948 54.7267 3
1.8854001 35.049583 58.52335 3
1.8886 27.45635 11.6846 3
-0.72079998 27.353649 25.321449 3
8.6787758 30.252399 42.565277 3
-19.247799 37.102448 -16.44635 2
3.9574001 26.934151 8.3805504 3
-23.85 41.476151 -6.69875 2
8.3134003 27.94075 33.981949 3
4.3625002 34.841251 -36.039749 1
18.602301 -11.70185 66.765846 0
2.0931001 39.03595 -26.253851 2
9.8064003 23.678749 24.081949 0
-0.91579998 28.014351 28.476151 3
-9.8905497 31.737425 -23.737175 2
10.1965 -23.832649 66.156052 0
5.5632 29.70175 7.6841502 3
19.0541 -38.064651 69.014153 0
3.8554001 40.907452 73.539352 3
4.2108002 33.648651 -6.3938498 3
-12.4967 32.76355 -22.066799 2
21.8918 -41.657051 68.091003 0
5.7955999 13.03095 37.533249 0
8.7362499 29.1534 37.749649 3
-12.0318 40.54525 -3.4521501 2
5.7277999 34.824249 -10.41775 1
-15.0749 40.845398 -1.3149 2
-0.1788 32.915352 50.217751 3
4.2287998 42.421349 76.532547 3
7.0924001 32.092251 0.87765002 0
3.0948 36.879848 64.526253 3
0.41620001 31.039551 -5.05515 0
8.3739662 27.699316 29.646818 3
8.0184002 -18.68605 64.92765 0
8.2045002 36.691849 59.362251 3
-18.952099 41.50745 -0.91004997 2
6.6178002 33.416649 -4.1925502 0
2.68595 39.511497 -29.901951 2
-1.3852 28.73875 32.94635 3
5.2613502 35.513153 -14.9105 1
0.28964999 29.498001 0.92105001 0
1.1104 17.651617 32.461254 0
12.7733 20.42975 32.470852 0
4.0587001 42.329529 -78.462082 1
-16.48962 34.872032 -18.903971 2
5.6475 28.93025 10.18735 3
6.3213501 -14.70495 62.730801 0
-1.257 29.24065 35.160049 3
13.956467 -30.112749 68.658081 0
4.9822001 35.870449 -45.359951 1
7.5360999 32.553398 52.839249 3
11.82415 23.728399 22.324726 0
4.537734 42.482113 72.51545 3
14.9294 -31.759552 68.925652 0
0.0294 26.880449 21.22695 3
6.8933001 40.591049 66.315247 3
6.1701999 33.88905 -5.9787502 0
0.25999999 30.002951 -1.0194499 0
-22.302999 40.597752 -11.44405 2
-9.2954502 40.147598 -6.4822998 2
-7.3195 41.084251 -9.5047503 2
7.6399999 26.539049 24.994249 3
3.5184 11.23855 47.844254 0
1.6418999 26.961849 13.45265 3
4.0144 39.595951 -33.677448 2
11.84272 22.71949 25.91239 0
7.8931999 38.168251 61.689651 3
5.309 30.772751 4.8166499 3
-21.4104 39.79015 -13.05665 2
4.9802999 27.09095 10.88745 3
13.3903 18.60055 35.408249 0
14.481251 16.4681 38.088699 0
4.0134001 12.88515 46.15855 0
16.8778 5.2481499 53.276249 0
1.3779 32.742149 -35.003551 2
24.029598 -35.0443 68.8535 0
5.7629671 39.837482 -77.904381 1
3.6259999 14.72455 43.183552 0
-0.0176 24.56535 14.37385 0
11.8703 -27.28825 67.601151 0
2.9605 8.6593504 50.256851 0
-0.20039999 23.38195 16.989651 0
4.3127999 27.47085 6.7686501 0
3.155333 40.303753 -78.482811 1
5.0174999 34.248852 -34.49765 1
15.6878 13.85025 40.199451 0
5.7572999 25.758051 16.335251 0
5.29 25.97945 13.84635 0
0.50585002 33.770752 53.329948 3
-1.2963001 41.086048 -20.871149 2
24.238749 -38.492851 68.355804 0
16.3778 -35.11095 68.786652 0
23.555315 -41.719833 67.757027 0
7.5321002 13.69865 35.00565 0
7.9750671 30.298651 46.749187 3
-11.13175 32.348297 -22.8659 2
7.1609001 15.20435 32.07835 0
4.8875999 -8.8752499 60.178596 0
2.6285 16.105551 39.94305 0
-0.84490001 27.76055 26.853649 3
10.5329 26.43055 16.51445 0
0.090949997 19.498051 25.9046 0
8.8642502 28.68045 35.7094 3
7.5173001 30.89045 49.72205 3
4.5636001 41.541851 74.914398 3
-6.4347 30.93755 -25.65485 2
5.3703499 -11.624901 61.091751 0
6.9136 25.939051 21.849951 3
3.924866 -4.4838171 58.929749 0
-0.34220001 27.279051 23.805349 3
0.19840001 32.408352 -31.978451 2
3.1478 0.28705001 56.67905 0
-15.4127 34.26865 -19.81315 2
-0.30469999 21.91515 19.858749 0
12.2324 21.595751 30.036751 0
-1.064 30.25845 40.396149 3
-1.7273 30.168051 38.92625 3
2.9765 6.4526501 52.0821 0
5.4260998 30.44805 6.2916498 3
-23.1786 41.088551 -8.0423498 2
18.216 -4.9235501 62.984348 0
16.7092 3.3373499 56.847149 0
19.5784 -15.34845 68.159248 0
7.9228749 35.677723 58.266129 3
4.1117001 39.156551 69.974548 3
-13.4276 40.62215 -2.1982501 2
6.6090002 32.664848 -0.52155 0
0.28685999 18.700611 28.960831 0
11.4485 25.13595 18.98715 0
0.1602 40.037151 -22.840549 2
4.1349001 -6.0320501 59.466648 0
8.3198004 27.52025 31.07045 3
-18.290834 36.308048 -17.157282 2
8.7405996 28.24185 32.66235 3
22.4147 -29.30695 70.24865 0
4.9387999 35.705498 -16.282299 1
2.1970999 39.30645 -27.62435 2
20.8552 -23.420851 69.974449 0
3.7158 38.386349 68.268349 3
7.6508999 38.99575 63.055248 3
6.6431999 25.703251 19.93605 3
7.9497671 26.910452 26.29245 3
-17.603701 35.472149 -18.03055 2
5.4054999 42.421101 -78.253555 1
12.2854 21.253349 31.489651 0
9.3712997 27.82725 14.22955 0
-23.5833 42.485649 -3.1944499 2
-19.634501 37.904716 -15.44205 2
8.2549 12.848283 36.087017 0
23.1691 -32.284649 69.84005 0
21.053049 -24.841099 70.102554 0
3.5142 -1.7145 57.479267 0
6.7585001 33.167648 -2.9145501 0
0.0068000001 33.315552 51.83345 3
7.8754668 37.340649 60.424015 3
18.625401 -36.857552 69.100647 0
9.0652504 28.683949 12.240499 0
20.211201 -18.953751 69.080353 0
-8.7015495 31.756624 -24.165401 2
0.2649 26.81995 19.99375 3
0.2225 25.849449 11.83575 0
18.495234 -10.499618 66.301582 0
5.9699001 34.808151 -11.64495 1
18.4914 -8.1785498 65.220253 0
18.3339 -7.1827502 64.453552 0
4.2491002 40.37925 72.458153 3
2.9888 41.710403 -78.517654 1
-1.1932 28.2463 29.6483 3
-21.518951 42.225151 -2.8148999 2
7.6689 30.77095 6.2825499 0
19.0299 -12.67795 67.355148 0
17.1807 7.2792501 47.5033 0
3.4396 33.917751 -37.216949 1
20.308434 -20.909817 69.554115 0
8.3223 29.79475 43.622749 3
10.490967 23.513216 23.090284 0
-1.319 31.313049 43.70245 3
3.649467 37.334183 65.484749 3
-11.308816 40.07053 -4.3206329 2
19.765949 -16.51725 68.443748 0
0.72149998 31.49165 -6.09865 0
-0.30059999 26.98435 22.36195 3
17.116899 6.3909502 49.520248 0
0.702075 30.740576 -3.9265001 0
5.7153001 41.895649 69.225952 3
19.907379 -38.917389 68.907417 0
-24.2747 41.573849 -5.1821499 2
12.3837 21.765949 28.90365 0
3.747 11.98125 46.820148 0
2.7983 4.2649498 53.772148 0
16.8283 3.38585 55.710949 0
-4.1497998 41.666649 -15.06185 2
-1.4014 29.177851 33.99725 3
2.4658 35.338848 60.13625 3
7.4398999 26.18465 23.926849 3
-0.38589999 20.532249 22.915051 0
2.3478999 39.090649 -28.81295 2
21.128849 -40.862175 68.334549 0
-0.5596 40.49987 -21.93771 2
1.951 33.037949 -35.947151 1
-0.27540001 23.93565 16.01675 0
22.6819 -42.445751 68.117851 0
4.6359 36.231651 -18.805349 1
8.7330494 -19.48275 65.312256 0
12.7537 20.003349 33.66465 0
-20.722401 39.221352 -13.684999 2
5.4605498 25.9161 14.91805 0
-4.6185002 30.906851 -26.789949 2
-0.879067 31.731985 45.902348 3
8.1868 27.29705 28.564251 3
13.0316 19.413151 34.702351 0
8.3793001 29.384451 10.03045 0
16.8766 6.2957501 50.65995 0
5.3748999 38.87825 -78.626549 1
16.582001 10.52085 42.36795 0
4.4509001 26.12915 11.26785 0
17.2675 -0.10105 59.50555 0
5.5922999 29.704849 9.4713497 3
5.08495 38.266449 -36.438202 1
0.92834997 17.96665 31.473949 0
7.1998 26.00215 22.85775 3
16.67845 1.54505 58.645752 0
7.7716999 30.15955 8.6721497 0
5.2199001 34.778351 -35.454151 1
-1.0019 31.993851 -29.285049 2
3.3317001 10.42075 48.64735 0
-0.072899997 25.38505 13.69835 0
2.9268 39.684052 -30.89395 2
17.115801 7.6354499 46.504951 0
23.8776 -33.882751 69.245354 0
21.959724 -28.307623 70.336746 0
5.4377999 35.624649 -13.76235 1
-12.89835 40.10815 -2.8954 2
6.7472668 -15.874583 63.494648 0
2.8396001 7.84725 50.88805 0
5.1002998 42.600349 71.699951 3
2.8979001 35.837448 62.220051 3
3.5025499 39.429501 -32.845699 2
3.3483 14.721149 42.17725 0
0.92460001 34.230652 54.194752 3
1.51645 34.292599 55.903103 3
0.51859999 32.94875 51.07695 3
3.7765999 43.310051 76.88945 3
4.8813329 -9.8612833 60.311283 0
16.347601 11.59325 41.640049 0
9.1236 30.094749 40.880852 3
6.2695498 33.3568 -5.1703501 0
-22.2838 40.631302 -10.4673 2
-0.1082 32.373348 -31.061449 2
-1.47135 29.543301 36.302498 3
17.777599 -1.7435499 60.84375 0
20.8055 -25.751949 70.27845 0
16.99015 8.58535 44.77285 0
6.0057001 40.5299 -78.55455 1
5.6373 29.360649 8.5718498 3
6.7316999 25.973551 20.84325 3
0.92519999 26.74865 17.799549 3
12.6772 -27.460449 68.060852 0
3.91466 38.086208 67.315109 3
17.8071 -2.7251501 61.651749 0
2.890275 3.12025 54.667824 0
-0.84609997 32.080448 46.916851 3
5.4917998 14.15975 35.475349 0
3.2082 9.4050503 49.644348 0
-16.189899 40.956249 -0.51045001 2
2.7701001 6.8652501 51.279049 0
6.5086999 33.02705 -2.0092499 0
23.439001 -33.082218 69.460381 0
-20.0562 41.824451 -1.56515 2
-1.909 31.687599 -28.510101 2
1.4522001 34.919151 57.575451 3
17.044701 4.46595 53.991051 0
-8.5494003 40.704552 -7.1285501 2
-18.090799 41.782951 -0.44354999 2
9.4511003 28.28845 13.20765 0
5.9098001 38.68935 -67.509598 1
4 38.82325 69.02095 3
8.3388004 27.724051 32.024052 3
3.3599501 36.533653 63.519447 3
-1.1671 29.92165 38.25135 3
7.2122998 14.91985 31.14805 0
11.925301 23.113651 25.0245 0
14.646575 15.665475 38.538673 0
-9.5714998 40.32555 -5.6375499 2
4.7360001 42.867451 73.532852 3
7.9583998 12.9016 35.238403 0
10.5735 -24.69175 66.115349 0
4.0235 13.30895 45.36615 0
4.6532998 33.457451 -7.3421998 1
0.56363302 33.68145 52.434147 3
8.3751001 28.30135 34.94355 3
1.8573999 35.341049 59.484749 3
8.9570503 28.938599 36.55735 3
2.1011 27.08095 12.70085 3
7.5635328 30.637482 47.455647 3
7.566 32.698349 53.881149 3
3.9914999 41.455151 74.25145 3
11.8995 -26.470451 67.076851 0
5.9481001 34.42495 -8.5732498 1
1.3245 17.09745 35.335449 0
7.8302999 33.641449 55.497749 3
3.277025 0.90670002 56.050068 0
4.2519002 43.229851 75.874451 3
-5.9124188 41.10611 -11.89447 2
3.31055 -0.87709999 56.887627 0
11.9427 24.058649 21.528151 0
3.9367001 -2.48315 57.646801 0
-22.6271 42.504051 -3.30235 2
1.7819 16.970751 36.785851 0
2.7353001 15.51565 40.564598 0
5.2017002 -10.84065 60.777851 0
-0.98720002 27.83345 25.98395 3
-5.6641002 31.023951 -26.024549 2
7.6521001 -18.00935 64.384651 0
15.239533 14.517349 39.701481 0
0.90939999 32.131149 -8.2572498 0
5.9868999 34.146751 -7.0770502 3
24.0886 -40.936352 67.882553 0
-23.1199 41.030998 -8.9034004 2
10.990367 25.649885 18.481249 0
9.9563999 -22.98185 66.181351 0
5.8896999 -13.68965 62.289848 0
-14.2169 40.716648 -1.89245 2
-3.3792 31.135151 -27.41785 2
16.879999 9.0430498 44.067249 0
7.8495998 34.304848 56.3894 3
9.1751003 29.60685 38.682049 3
16.859301 5.5486498 52.489052 0
-13.273225 33.043327 -21.643848 2
9.4228992 -21.443399 66.080505 0
20.289 -19.99295 69.30645 0
12.130234 23.538116 23.086752 0
5.7672 -12.13405 61.621449 0
7.4430499 30.7362 48.756001 3
12.130969 21.079937 30.68211 0
7.5086999 31.547199 50.232048 3
3.7511001 41.756851 75.578651 3
5.4400501 30.29595 7.1209502 3
9.0115004 30.21925 41.80925 3
10.69005 26.0975 17.274399 0
24.078899 -39.311169 68.100906 0
-0.0019 20.40785 23.66345 0
6.8129001 -15.07295 63.320549 0
0.68674999 31.649101 -7.6303501 0
16.289951 -34.296898 68.843246 0
-1.9823 40.956249 -20.19635 2
2.7191999 5.6893501 52.264919 0
-10.5575 32.018951 -23.34915 2
16.8776 -35.758652 68.823952 0
22.907499 -31.46265 70.012253 0
-0.1451 19.712851 25.12495 0
6.707725 32.115448 0.075175002 0
20.1376 -22.7139 69.833252 0
12.2861 22.667749 26.59445 0
5.3985 32.571049 -3.6847501 3
4.2665329 -5.0974832 59.336487 0
0.089500003 25.917549 12.62895 0
12.8966 -29.04705 68.133247 0
8.6371002 30.31785 44.14925 3
4.5334001 36.282051 -46.688801 1
-5.151967 41.308781 -13.360383 2
5.8276 34.660851 -9.5178499 1
-15.7524 34.71685 -19.17605 2
15.7111 13.17565 40.630249 0
-23.9723 41.77375 -3.4475501 2
6.3659 25.81835 19.14805 3
-11.908534 32.487003 -22.524683 2
6.8738999 32.745251 -1.26545 0
13.6431 18.23875 36.38345 0
-2.2649 41.345051 -18.704451 2
20.478951 -24.29755 70.101593 0
13.472925 -29.495251 68.501404 0
2.4477501 34.917801 59.062199 3
0.52859998 31.488449 -6.87465 0
-0.76800001 27.887951 27.627951 3
15.4111 -32.35545 69.109848 0
-0.13349999 22.95335 17.83555 0
1.5005 37.230103 -36.12035 2
0.25740001 30.230049 -1.8943501 0
0.97320002 32.516449 -34.372952 2
-3.0143001 41.648151 -17.50465 2
-0.66750002 27.451099 24.55275 3
0.565 39.647652 -23.40465 2
7.70122 35.27739 57.644409 3
8.3668003 29.81325 9.0201502 0
11.6079 24.704651 19.80685 0
-1.49326 29.884632 35.511929 3
0.73079997 18.28595 32.14455 0
5.6495671 41.698181 -78.32618 1
5.3937998 42.073853 69.894745 3
8.6506243 28.701874 11.498718 0
1.4323 26.780649 16.44235 3
1.9313 38.967449 -26.99645 2
4.0682001 37.56385 66.350151 3
0.3924 18.369249 29.82515 0
2.6338 35.284851 -33.79285 1
12.5382 -28.21715 67.831848 0
4.7002659 42.304047 71.133057 3
-0.35479999 22.189751 19.162951 0
23.662901 -42.626148 67.82975 0
-13.8385 33.33765 -21.17695 2
18.072651 -5.3410001 63.621597 0
3.7216001 43.265549 78.283653 3
-7.0882502 31.0434 -25.25515 2
10.1339 22.985451 24.12055 0
-20.695368 42.026417 -3.0186501 2
0.64429998 32.711601 -32.6637 2
3.1447001 3.88255 54.305401 0
7.6637001 -17.149899 64.233047 0
0.1603 18.860149 28.13435 0
24.2388 -35.884319 68.739479 0
-23.918526 42.020924 -4.6300001 2
3.6271 39.71175 -78.606247 1
20.010401 -21.54085 69.787048 0
7.9025998 32.149052 51.939251 3
19.4508 -17.209049 68.615547 0
1.1554 39.398048 -24.796949 2
2.9544499 2.4876499 55.212749 0
7.8200498 36.155548 59.049751 3
7.6462002 26.44525 23.236851 3
1.8229001 39.07325 -25.453251 2
-15.6889 41.21365 -1.19565 2
0.90965003 17.556252 33.3503 0
14.66185 -31.075901 68.941345 0
4.7371998 42.614552 -78.446953 1
-0.1611 27.1591 23.1173 3
-19.895 38.494015 -15.120317 2
8.0472002 26.96125 27.005751 3
2.7837999 4.5525498 53.03215 0
1.8972 26.871899 14.658 3
17.889 -36.854618 68.890747 0
8.6582003 28.09075 33.374352 3
-1.7081 28.306049 30.140051 3
10.8538 -24.073851 66.33625 0
-0.2212 21.54925 20.720051 0
-0.14740001 33.133049 50.895649 3
0.32519999 29.233749 2.22175 0
2.4526 16.332951 39.196751 0
8.5939999 29.815849 41.28265 3
23.495449 -34.533649 68.934601 0
0.53189999 27.01305 19.36035 3
16.881699 4.5331001 53.300247 0
6.4145002 41.286949 67.356247 3
4.402 43.181751 75.186348 3
-0.4614 32.703449 49.608051 3
18.095734 -7.721817 64.839546 0
4.4171 41.968651 75.661751 3
7.6939998 13.25365 35.965248 0
8.4821997 28.56875 34.24255 3
16.6238 2.8296499 57.465149 0
3.7806001 11.38165 47.17675 0
11.9468 22.62385 27.203251 0
8.0369997 30.0924 46.086849 3
-1.2618001 31.28285 44.394249 3
-1.040625 40.679127 -21.469749 2
5.4225998 34.76585 -12.40235 1
5.8298001 25.899851 15.50425 0
8.1506004 12.04875 36.539349 0
-1.6479 28.14455 29.132549 3
22.2453 -31.138651 70.157898 0
11.8686 23.61495 23.719151 0
7.4761801 30.48439 6.8832302 0
7.98915 29.7402 9.5867004 0
12.4673 20.658451 31.904652 0
4.6560998 39.153549 -35.118149 2
10.249 26.835251 16.04355 0
5.3374 30.54995 5.46135 3
7.2926002 39.325798 63.638649 3
4.4338999 40.675049 73.043503 3
-23.243601 41.944649 -3.4303501 2
24.4179 -37.47715 68.491653 0
0.33109999 26.01825 11.19165 0
-16.94622 35.14529 -18.497189 2
5.2767 31.798849 2.84565 3
-0.25299999 32.15295 48.58075 3
17.517599 -35.79295 69.013451 0
17.060801 0.92804998 59.154652 0
19.892151 -18.453701 68.775253 0
-0.25236699 20.853851 22.292685 0
8.1202002 29.953899 44.3615 3
-21.873068 40.309315 -12.104183 2
17.026249 4.9286499 52.6619 0
8.8451338 29.710115 39.293781 3
18.117001 -6.5616498 64.365349 0
-0.75870001 31.396549 45.343048 3
-13.969 40.153549 -2.1366501 2
3.1071999 36.14325 63.04845 3
8.6447001 27.978251 31.419849 3
11.0736 -25.40555 66.354347 0
15.8017 -32.882648 69.022453 0
21.887199 -27.385851 70.27655 0
8.4025002 30.480249 45.352951 3
-1.6772 30.421051 40.065849 3
7.816 26.75095 25.66785 3
3.2632 9.88025 49.144348 0
9.2282 27.746149 13.50515 0
19.078201 -13.288483 67.624245 0
8.7206669 30.322083 43.500454 3
6.0689001 25.665051 17.14665 0
6.8762002 40.459049 65.553352 3
7.3864002 15.20785 30.585251 0
21.452299 -25.640249 70.186852 0
1.11745 34.5648 56.64735 3
2.2049999 16.34815 38.01865 0
3.5055671 36.447346 -31.486084 1
6.1655002 34.527649 -10.79605 1
18.439501 -37.59045 68.967552 0
7.9073 12.634816 36.671917 0
7.1395998 40.03965 64.840446 3
7.8389001 38.625 62.323551 3
8.0635004 30.18055 8.0295496 0
22.864965 -32.896751 69.691048 0
14.286433 16.920382 37.523483 0
5.3027 -9.3498497 60.355598 0
-19.4792 41.621552 -1.26185 2
8.7431002 27.71615 30.628151 3
1.5592 17.17095 36.135349 0
11.658899 -25.905701 67.26635 0
3.8526001 41.62355 74.855553 3
5.5165 39.436401 -78.341354 1
17.920101 -4.33285 62.879101 0
12.6821 20.02545 32.994652 0
5.6736999 34.871151 -11.07975 1
-0.28216699 27.354383 21.696785 3
3.7914 40.285351 71.919647 3
17.6695 -3.3464501 61.582352 0
3.5420001 -0.29054999 56.993549 0
4.5612998 41.16925 74.290047 3
5.1595998 35.494751 -15.72525 1
4.9194999 35.84655 -17.06015 1
18.749649 -10.9513 66.666199 0
-17.470699 41.640148 -0.27085 2
8.2040997 36.99815 60.004951 3
1.5919 26.92275 14.10645 3
3.518913 42.047836 -78.29216 1
1.0728 17.704651 34.030449 0
7.3400002 32.177151 52.221649 3
6.3677001 33.945148 -6.6173501 0
14.1292 -30.84795 68.467346 0
7.37675 33.924 56.11095 3
6.445024 40.866726 66.658524 3
19.4701 -14.51795 67.993553 0
3.7744999 14.43875 43.88385 0
1.7503 34.561951 57.15535 3
5.9741001 41.632648 68.564148 3
-10.7977 39.748249 -4.5192499 2
-9.2684498 31.828201 -23.908375 2
19.342199 -38.693882 69.052254 0
-10.25625 40.0495 -5.4696498 2
-1.38715 30.279202 37.794552 3
17.495621 -1.56847 60.322571 0
8.7921 29.757549 40.40855 3
8.3631001 29.423849 10.64625 0
16.825199 -34.766048 69.035149 0
3.8113999 42.235649 75.962852 3
1.6862 27.431999 12.302 3
-13.0654 40.667999 -2.6986001 2
19.944767 -20.521418 69.24675 0
10.3062 23.46685 23.78005 0
10.1985 -22.463051 66.402153 0
-2.693733 41.509312 -18.28775 2
4.8667998 26.648151 11.46595 0
0.4675 32.578251 -31.101351 2
-16.3302 41.436749 -0.86245 2
7.8422999 32.879051 53.365952 3
2.6733999 41.194752 -78.423447 1
3.3141 37.553349 65.946747 3
1.0202 32.850647 -33.638451 2
-1.147 29.98085 38.969849 3
12.0768 -26.685684 67.620613 0
2.1870999 33.418652 -36.36795 1
3.4446001 38.633751 68.756447 3
8.6847401 29.08515 37.083912 3
7.3797998 31.875851 51.628948 3
11.49365 24.2236 21.037951 0
-3.8882 31.030899 -27.098301 2
-7.9144001 40.856651 -8.3770504 2
16.2903 10.78625 41.883049 0
-9.0496998 40.250851 -7.0711498 2
-9.9999997e-05 19.15675 26.82585 0
5.9081602 41.10157 -78.285606 1
7.5827999 33.265701 54.0979 3
17.681433 -2.2842829 61.254547 0
4.2750001 39.467651 -34.46505 2
9.6764507 -22.259251 66.126297 0
23.1259 -42.862999 67.973 0
6.5437002 25.935049 17.91485 3
-7.5647502 40.948547 -8.9709501 2
17.0324 6.9676499 47.997452 0
20.3305 -39.337551 68.991249 0
-6.67665 41.2071 -10.490499 2
3.615 -1.10025 57.356049 0
8.4801998 29.94195 43.061649 3
0.3055 26.9347 20.6957 3
-19.468475 37.545422 -15.894225 2
6.1357999 34.58025 -10.05075 1
7.9195499 37.690277 60.909996 3
17.2134 5.8484998 50.874702 0
-0.74470001 31.150351 44.692249 3
5.6768999 13.43325 37.105148 0
2.9514 15.299299 41.114998 0
-1.24315 28.52165 31.4559 3
-0.56529999 31.75725 46.500549 3
13.4721 -30.041349 68.26075 0
3.4809 15.12165 42.59845 0
17.2707 6.7748499 48.638248 0
-1.024 30.362049 41.13065 3
4.1525998 42.778149 78.227951 3
14.272782 15.894634 38.139786 0
3.8489399 12.272989 46.315868 0
7.237 26.090151 21.37845 3
2.7776 36.577648 63.276649 3
16.2279 9.9814501 42.605251 0
3.0195999 5.6598501 52.776451 0
20.722401 -22.758751 69.904747 0
8.1103992 30.757198 47.268501 3
3.1921999 8.2251501 50.603451 0
0.2454 29.654551 0.35495001 0
-1.3581001 30.17515 36.871449 3
16.761999 7.1968498 46.67025 0
18.5207 -8.6832504 65.666748 0
-5.3945999 41.50095 -12.77925 2
5.7460999 28.31085 10.70195 3
-11.6601 40.467152 -3.898217 2
8.7679663 29.495316 38.275883 3
8.9067001 -19.893749 65.784752 0
6.0604 26.112915 16.770485 3
-0.36140001 31.894751 47.18605 3
3.5274 39.132751 69.557251 3
5.0939999 31.248449 3.12885 3
4.9783001 25.89385 12.99745 0
16.713301 6.80795 49.365051 0
7.4499998 30.75185 48.172749 3
8.4222002 30.482349 44.740051 3
7.4105501 26.162149 22.0548 3
2.3864 39.240349 -28.25305 2
4.9836998 35.941551 -46.827351 1
15.27975 -33.005898 68.804153 0
8.1796503 27.53335 27.935301 3
3.6691999 42.509151 78.035149 3
7.5858002 34.377949 57.01495 3
8.9750996 28.41625 12.90605 0
20.356449 -23.69355 70.069946 0
8.2126999 -19.225849 64.982452 0
21.650801 -41.08165 68.176849 0
0.90025002 33.870399 53.745773 3
13.4043 18.974251 34.970249 0
0.067400001 25.662251 13.14445 0
7.8982 31.063917 48.88448 3
13.4668 18.19635 35.80965 0
3.7716999 -3.8935499 58.52005 0
-21.0872 39.663799 -13.665051 2
0.34119999 30.607349 -3.5011499 0
4.26015 41.232399 73.781448 3
-8.65275 40.364052 -7.6964002 2
11.325999 -25.316727 66.860451 0
9.8584003 -21.65275 66.387047 0
9.4306002 -20.791149 65.766449 0
-8.2951756 31.2659 -24.689999 2
7.4252 15.58705 30.16095 0
4.1694002 42.536785 77.086823 3
8.6458998 27.54285 29.171949 3
5.1176672 -10.323684 60.544147 0
9.8396997 27.54425 14.62365 0
16.6292 8.5349503 44.33625 0
2.63605 39.478149 -29.26405 2
7.026916 31.310652 3.348942 0
22.4655 -29.899384 70.214417 0
1.2963001 26.77445 17.21105 3
0.65640002 32.730949 -32.065151 2
12.3105 -27.641951 67.64975 0
18.696949 -9.9590998 66.27845 0
-21.8932 40.45615 -10.8829 2
-3.4231999 41.501549 -16.142349 2
-5.0534 30.866949 -26.430149 2
19.692175 -15.887601 68.285751 0
8.3080006 27.88105 32.651699 3
8.08955 -17.968449 64.737305 0
3.0062001 4.9985499 53.292252 0
-1.5349 30.751751 41.408951 3
-1.13595 28.08905 27.2537 3
0.30489999 29.329651 1.45875 0
8.3983002 28.453251 35.483749 3
5.2128501 34.6936 -34.778954 1
17.204901 5.1827502 52.19545 0
0.24250001 32.871151 50.590248 3
5.3509002 35.679649 -14.38325 1
-4.4833002 41.606449 -14.61645 2
11.01375 -24.86475 66.484497 0
-23.914633 42.12925 -3.94245 2
8.3000002 27.55205 30.329849 3
2.1324 35.61805 60.487148 3
3.9240501 42.889198 76.550598 3
16.377199 1.84725 58.285648 0
-0.99720001 30.92915 43.081848 3
14.8939 -32.290749 68.757645 0
-0.87879997 31.146549 44.002151 3
-0.19840001 23.47225 17.64185 0
23.87875 -36.339851 68.57795 0
12.0505 22.21195 28.87405 0
16.720699 3.61255 56.208752 0
-22.698299 41.940849 -3.3164501 2
-1.2471 30.15185 39.821949 3
18.534351 -38.250999 69.08255 0
21.010799 -23.951151 70.036049 0
14.5325 -31.680483 68.544617 0
7.6900001 33.65575 54.960548 3
6.09515 -13.1011 62.160252 0
-0.1512 23.61035 16.447451 0
-12.537601 40.467052 -3.1661501 2
12.86605 19.28915 34.150398 0
-2.3118861 31.678392 -28.131893 2
6.1002669 -12.509084 61.853016 0
6.1869998 -14.04805 62.586651 0
-1.0391001 28.21875 28.972651 3
3.6034 36.61805 64.004951 3
-0.29136699 40.274685 -22.360617 2
0.44800001 30.100149 -0.20975 0
5.9844999 34.304852 -7.6537499 3
17.242201 0.44084999 59.454151 0
19.0452 -12.16485 67.172348 0
-1.4195 27.97595 28.24465 3
6.2679 33.46455 -4.6071501 0
5.4891329 34.676285 -11.863017 1
-0.93935001 30.839901 42.318649 3
4.5394001 -8.5143499 59.968449 0
0.40000001 19.32045 27.97575 0
20.943083 -25.338768 69.917671 0
7.3604999 31.089451 49.24295 3
21.6971 -26.87915 70.291046 0
12.51495 20.9452 31.03895 0
-1.1378 28.26325 30.40815 3
7.1258998 -16.112099 63.797447 0
7.5207009 31.897924 50.640972 3
2.8316 39.387852 -30.454149 2
11.8885 23.545851 24.70565 0
12.2891 21.59025 29.44615 0
-15.1607 33.745251 -20.361349 2
3.5434 10.55505 48.173351 0
2.9377999 33.468349 -37.096951 1
2.2883 27.276251 11.34385 3
16.8041 3.8919499 55.537151 0
0.56889999 30.28035 -2.4133501 0
0.2552 19.83185 25.45875 0
19.6441 -18.905149 69.033249 0
-6.6753998 40.90485 -9.9052496 2
7.8790998 32.60545 52.433151 3
0.83740002 18.354851 31.02965 0
18.324499 -5.8089499 63.672451 0
7.9038 30.240351 47.273849 3
5.0464001 31.747549 1.8089499 3
8.6807499 28.116249 32.122398 3
4.9177999 38.958351 -78.371506 1
12.3264 -27.09705 67.902451 0
-22.090599 42.44915 -3.12515 2
8.7763996 28.177851 33.88195 3
15.8598 11.90755 41.062351 0
4.1771002 42.840199 74.851898 3
1.6414 32.980049 -35.523251 2
3.6118 42.49535 77.440849 3
8.0713997 26.76475 25.197849 3
13.7775 17.23535 37.106949 0
0.4799 33.141251 51.680248 3
3.447 37.943451 67.119247 3
4.6886001 42.866951 72.84185 3
0.3946 31.116449 -5.5752501 0
3.1088669 40.901566 -78.457382 1
-1.4220999 28.54775 31.95035 3
-1.4759001 29.09955 34.70385 3
0.96689999 34.364052 55.669151 3
0.35519999 30.86245 -4.30125 0
3.9691 -3.3796501 58.56525 0
6.5327001 33.901051 -7.1132498 0
16.8372 2.5729499 57.017948 0
-1.5552 41.209351 -20.43285 2
7.8397002 26.582251 24.181549 3
6.3517342 33.279419 -3.7637839 0
7.8425999 31.250601 49.528 3
0.70660001 34.1572 54.664047 3
6.3432999 40.817249 -78.238853 1
7.2181001 15.24385 31.55685 0
-0.1355 24.576851 15.42745 0
5.6482 31.34565 4.60675 3
-0.064000003 25.080851 14.43255 0
5.2315001 31.143101 3.94275 3
3.1856999 15.01475 41.779751 0
6.47085 33.675598 -5.5286999 0
16.7269 8.1647501 44.92765 0
3.9059 39.500549 -33.17905 2
7.8305998 31.992149 51.40065 3
6.9201999 32.75095 -1.85735 0
3.0692 37.129749 64.978851 3
3.5220001 -2.71225 57.873249 0
16.834 4.5215502 54.513851 0
-11.6121 32.163651 -22.79845 2
17.2383 -0.4948 59.839348 0
20.201799 -19.49905 69.184547 0
-20.478752 38.876125 -14.169624 2
22.331402 -41.920723 68.148499 0
0.14591999 33.314507 51.327568 3
3.5165 38.146149 67.637047 3
3.8907001 14.21605 44.332951 0
23.118099 -33.487301 69.366898 0
12.0152 21.153549 30.183849 0
7.9419999 30.127451 45.570549 3
0.5201 19.12475 28.789351 0
2.6261001 35.53685 60.720451 3
4.1831002 -6.5398502 59.522049 0
2.8521669 35.932049 61.658386 3
-24.107449 41.548347 -5.7301998 2
-1.1589 29.804649 37.484852 3
2.3236499 34.788597 58.479202 3
-9.6900997 40.002651 -6.0158501 2
17.2131 6.1655502 50.188148 0
4.8386002 42.689117 72.129356 3
7.6110001 13.44325 35.440651 0
2.6928 35.170448 -33.008549 1
5.8666568 34.296436 -9.0601206 1
16.597401 9.2895498 43.624649 0
-18.6595 36.559601 -16.9112 2
8.5467672 28.689749 36.107849 3
-10.7905 40.281349 -4.70015 2
4.3663001 42.122849 76.143852 3
-23.732401 41.224251 -7.4260502 2
-0.61739999 32.533649 48.789749 3
3.9354999 40.62825 72.95665 3
0.88029999 33.520649 53.09565 3
2.9925001 7.3650498 50.917351 0
0.69875002 27.115749 18.06485 3
7.3779998 32.65345 53.413151 3
-21.6299 40.151749 -12.76985 2
14.4056 -30.572451 68.788849 0
-22.69878 40.879547 -10.09605 2
7.3415499 33.530403 55.436401 3
17.110901 4.0314999 54.864651 0
16.681101 7.7428498 45.726452 0
6.1114001 41.582649 -78.128494 1
10.6999 26.110849 17.77545 0
23.912169 -35.508533 68.696709 0
0.50650001 30.0599 -1.45005 0
-0.12620001 19.321051 26.317949 0
21.390699 -28.04755 70.389252 0
-1.3974 32.086849 -28.763651 2
12.2526 21.99745 28.25145 0
-0.0117 32.650452 -30.380751 2
6.3887 33.24485 -3.2704501 0
18.069 -3.9523499 62.598949 0
8.5473003 -19.927349 65.445847 0
3.36234 14.651271 42.697208 0
4.4345002 40.84705 73.524353 3
16.8909 5.8724499 51.828548 0
3.2975669 8.9196997 49.662766 0
-3.8636501 41.723648 -15.67185 2
20.6626 -40.291901 68.515503 0
7.7090001 34.789051 57.574551 3
4.5348001 -5.5215001 59.2789 0
-6.0696249 31.255836 -25.564938 2
1.3787 34.784248 56.292049 3
-0.063500002 22.51045 18.92885 0
12.8603 -28.575951 67.931854 0
-20.261801 42.05925 -2.1410501 2
12.2331 22.85075 25.64325 0
2.3152001 16.44665 38.727051 0
-15.4683 40.66375 -0.99575001 2
7.0658998 -15.45115 63.504299 0
-22.683849 40.9655 -9.1187496 2
3.2593 -0.24025001 56.59565 0
-0.56459999 32.17395 -29.766951 2
-17.938801 35.932251 -17.57815 2
1.5287 34.89505 58.058151 3
5.5623002 13.86705 35.96685 0
-12.7934 33.078548 -21.838551 2
5.3930001 26.25415 14.23735 0
-1.4594001 30.991051 42.93565 3
-20.0984 38.053848 -15.40495 2
17.786301 -5.1205502 63.293949 0
1.1241 33.867451 54.44965 3
2.3666 35.306503 59.661247 3
-15.89675 34.378647 -19.492451 2
3.0273671 3.449517 54.121319 0
6.9759998 32.379349 -0.23035 0
16.96035 -35.292297 68.948105 0
20.0968 -39.308502 68.568054 0
23.688499 -41.186951 67.775146 0
-5.5932002 41.205448 -12.24455 2
0.4842 29.61335 1.80755 0
7.4252 26.31105 22.51445 3
7.5173001 38.26955 61.97575 3
14.694077 15.324429 38.875717 0
3.94575 43.188202 77.864601 3
6.7683001 -14.57685 63.028851 0
-20.014999 41.489052 -1.90745 2
0.56664997 33.916496 52.875748 3
8.0923004 35.997849 58.58165 3
2.0487001 26.901751 13.70065 3
-1.7674 28.50185 31.02705 3
3.3910999 0.63085002 56.425251 0
2.7597001 15.95715 40.380749 0
7.7159672 37.880116 61.305649 3
6.3161998 34.29855 -9.4918499 1
10.1988 23.83095 23.29615 0
16.2642 -33.722549 68.992249 0
5.5022249 13.739201 36.715424 0
3.8952 39.336849 70.420753 3
8.6358995 27.37575 28.42705 3
8.4927998 29.649349 9.6515503 0
3.0800669 36.174618 62.502186 3
5.271667 42.037418 70.352814 3
0.89784998 17.692375 32.884476 0
18.3825 -11.24145 66.748352 0
16.886971 7.3361688 47.134621 0
22.108501 -28.922625 70.256554 0
1.3938 26.933649 15.58295 3
11.537086 23.878448 21.693274 0
7.4144001 38.765549 62.715752 3
18.5681 -12.13375 66.958603 0
3.0930669 39.30862 -32.241787 2
4.3992 -7.89185 59.823349 0
-10.9721 31.976851 -23.127451 2
-0.2341 21.27215 22.07515 0
-0.63744998 27.5287 24.0753 3
-14.6124 40.775452 -1.64255 2
11.3136 25.307751 18.506149 0
6.1623001 34.014252 -8.8253498 1
3.4372001 1.34405 56.1199 0
11.949834 21.705116 29.076181 0
16.548801 -34.57225 68.551102 0
7.3561001 31.33115 49.75695 3
5.2192001 35.798752 -15.37155 1
2.7125001 6.3989501 51.697552 0
0.074100003 19.97385 24.78125 0
4.2845001 39.556648 70.84285 3
