# .PCD v0.7 - Point Cloud Data file format
VERSION 0.7
FIELDS x y z label
SIZE 4 4 4 4
TYPE F F F U
COUNT 1 1 1 1
WIDTH 1098
HEIGHT 1
VIEWPOINT 0 0 0 1 0 0 0
POINTS 1098
DATA ascii
-16.733601 42.977501 -108.8282 1
41.50536 -54.263958 46.49012 3
6.6750998 -5.7375002 42.2864 3
29.728399 -25.325199 53.238499 3
-5.2133002 22.55835 23.3946 0
-41.615799 45.073898 -33.2994 2
3.1169 32.204597 72.398193 0
3.3719499 54.096771 108.78925 0
-24.619699 43.5028 -39.338402 2
12.5221 -21.768848 49.055702 3
27.873966 -43.091164 51.17915 3
-1.6251 23.943199 40.393997 0
22.28755 -9.1164999 45.615387 3
-3.15785 7.3643751 20.80505 3
-33.970135 36.964298 -48.935902 2
18.071899 -0.73699999 34.8008 3
-10.1776 32.356201 67.8162 0
2.7414 29.9694 58.435001 0
-5.9064999 37.5826 81.405197 0
19.397575 -33.071014 50.614796 3
1.878633 1.6768 32.983566 3
7.1179118 14.914412 17.386662 3
39.1245 -44.146599 50.853149 3
-13.9883 26.7862 44.370399 0
33.832901 -34.829617 53.405163 3
-31.629492 43.189884 -31.71805 2
4.1475501 50.301552 99.431648 0
3.0569 37.094601 85.350502 0
-20.313368 43.566357 -48.058289 2
-8.9665003 19.157801 0.16419999 3
-27.4802 33.739735 -53.664135 2
-5.3138499 30.385124 -13.10365 3
-13.8992 30.3346 -26.177401 1
-5.3521752 12.13545 14.079775 3
-17.3255 34.434601 -63.38015 2
-11.6537 25.6511 -14.7463 3
-14.5669 41.413452 -60.8619 2
-16.372984 40.682583 -88.619202 1
33.096012 -48.584457 49.92308 3
-11.646 30.422501 60.988098 0
-7.0555172 18.3986 7.3571329 3
3.57375 19.055799 12.11805 3
-8.1489 34.3251 -24.678301 1
-3.3836999 40.668125 87.350922 0
23.603298 -38.094002 51.138081 3
-3.1761 27.0443 -4.4731998 3
0.32835999 21.903721 7.2596202 3
-22.092899 32.9049 -56.633598 2
-17.064699 42.1945 -53.155499 2
5.1919999 -1.0165 38.363201 3
7.9165001 -11.2273 45.294201 3
10.145124 -16.452049 47.625153 3
1.087025 45.575378 97.614578 0
27.429701 -20.0889 51.813801 3
24.1029 -13.4267 49.042801 3
3.3118 31.6236 66.627602 0
-40.641399 43.864502 -38.928902 2
1.658 27.179701 53.561298 0
-37.119148 40.1166 -45.654152 2
4.0735002 40.8097 89.163101 0
5.3301001 45.917801 94.186096 0
-9.6951504 28.015949 -6.9363499 0
-0.44080001 24.827751 45.701698 0
-9.8485327 21.741167 -4.3351998 3
2.98 50.944302 104.5077 0
-0.33989999 3.7593999 28.5716 3
-12.7916 28.0194 -20.974501 3
-7.6627998 35.452301 76.668701 0
-16.6145 41.761398 -99.363602 1
-6.6712499 32.437103 -20.2176 3
19.840824 -3.68975 38.190727 3
-8.5991001 33.860352 72.28875 0
21.083433 -6.348033 41.859303 3
-9.7922001 27.072901 -1.0285 0
-36.222099 44.437199 -30.7251 2
-1.863687 23.646355 35.144924 0
-10.8649 23.9445 -9.9422998 3
-3.5973001 22.874001 28.5453 0
16.823128 -29.387705 49.561878 3
-13.4023 43.628101 -106.049 1
14.472799 -25.669201 48.842701 3
2.7277 34.988098 81.7136 0
2.9396 33.214401 76.491898 0
3.1001401 30.919159 62.508415 0
37.282001 -40.737999 52.290699 3
-16.6476 42.451302 -103.8552 1
9.3828001 11.5053 24.5937 3
-15.342517 35.370731 -66.896515 2
8.2495003 13.3537 21.0432 3
-12.4181 29.542299 57.119301 0
12.325263 7.1454368 30.618212 3
-9.9252014 28.6989 -12.1345 0
25.673588 -16.900455 50.280647 3
-39.110043 42.856415 -42.415024 2
-12.1959 23.8067 30.983 0
16.0075 2.8124001 33.473999 3
-8.3317003 30.807301 -9.1426001 0
-2.0379 42.013901 90.811203 0
-13.469744 24.976343 36.857887 0
1.4481 48.1366 100.8265 0
-26.807224 42.852623 -36.081154 2
0.6706 25.830601 49.792301 0
-10.4307 29.5975 -17.225 0
4.5462999 43.201401 91.902 0
-10.44595 31.542751 64.285652 0
-6.9035001 29.0431 5.4856 0
-13.1324 40.944901 -65.897903 1
-13.0086 28.548 53.200901 0
-7.5658002 29.6992 -2.1106 0
-14.12575 35.849548 -63.061348 1
40.608501 -46.704601 49.0196 3
35.371189 -37.885906 52.958282 3
-0.62699997 44.218201 94.9226 0
-16.450399 41.113701 -95.559799 1
-12.1069 26.830099 -17.978399 3
-8.0764999 30.536501 -5.3274999 0
38.912651 -52.637699 47.861649 3
41.627449 -50.6105 47.393768 3
-30.191092 34.918476 -51.931168 2
-29.376026 42.600571 -34.098003 2
3.4928999 0.67320001 35.803001 3
35.70705 -50.35305 49.1502 3
-7.7183328 25.489532 14.250633 0
-8.4216003 26.715599 1.804 0
-13.613125 25.974899 41.276924 0
-2.5328 23.1143 32.0508 0
-18.924299 43.084999 -50.828674 2
-38.4995 45.1353 -32.7132 2
-10.106983 23.384567 24.352568 0
4.119 53.485802 105.945 0
-24.6306 32.916698 -55.188999 2
21.183399 -35.418598 51.046799 3
4.35115 51.884399 102.11595 0
-9.0038004 23.7197 19.153999 0
1.979 20.630501 9.8772001 3
-7.7329001 26.4188 9.3966999 0
2.502167 34.103733 79.091637 0
-8.5790997 31.279499 -11.91555 0
-13.399189 27.317429 47.071358 0
-9.8579998 32.593948 -20.626549 0
-6.4351501 22.660549 19.89595 0
14.262 5.3248 32.382801 3
-12.063633 27.504934 1.451533 0
1.060275 2.830575 30.709976 3
-13.2842 24.1413 33.532001 0
33.019001 -32.192001 53.396999 3
-9.4715004 25.9669 4.5311499 0
-21.191299 43.850201 -45.650398 2
-5.1261001 10.7506 17.551399 3
11.20895 -19.358351 48.4184 3
-13.9102 41.337402 -63.272652 1
-3.5095999 27.7813 -6.8381 3
-15.7155 40.182076 -103.88934 1
-3.6606891 8.6272459 18.679823 3
-1.08705 43.052551 92.800598 0
-16.049826 41.203251 -55.128273 2
21.43148 -7.913693 43.665253 3
-9.2790003 34.883499 -26.7554 1
28.8356 -23.1541 52.755402 3
-6.3730001 27.525349 13.71115 0
-14.95625 41.242001 -58.51535 2
-14.7124 43.958801 -108.0405 1
-11.243 24.313126 6.3611498 0
-38.256401 41.685699 -44.284203 2
-10.1039 29.091099 -14.63225 0
-0.60600001 23.09725 5.1106 3
-10.4888 24.041901 8.9904003 0
-15.244 39.798302 -100.7744 1
19.1514 -2.2296 36.2547 3
18.136126 -31.123674 50.188374 3
-13.6637 25.849201 38.937 0
-4.7701998 29.6499 -11.0397 3
23.147188 -11.647201 48.173271 3
-20.367849 33.515999 -57.94075 2
41.260338 -48.603203 48.140465 3
-13.1428 41.913631 -104.04234 1
-1.226 4.6364002 26.2808 3
13.638525 -23.718651 48.957077 3
2.9517 36.594398 83.266197 0
-2.5276999 6.3511 22.570499 3
2.8901 31.31065 64.596001 0
-41.081726 44.239998 -36.903725 2
37.619522 -51.364643 48.868107 3
4.0523 52.738998 104.0103 0
-5.5883999 30.818899 -15.1375 3
4.5896001 17.817499 13.4327 3
6.2682672 15.875667 15.643901 3
-7.1956 33.251701 -22.0382 3
1.14296 26.498322 51.668499 0
7.0379 -9.0584002 44.154202 3
-34.109432 44.078041 -30.382416 2
-15.0144 37.503799 -61.7188 1
31.8792 -47.130898 50.647797 3
-8.9511986 27.7665 -5.0657001 0
-2.27985 25.588749 -0.4201 3
-9.3881245 20.794102 -2.106225 3
-16.26185 40.293053 -86.458252 1
-11.1903 24.7276 -12.0214 3
-5.9506001 31.7257 -18.130301 3
-17.74135 34.162151 -61.178398 2
29.394775 -44.607082 51.138958 3
38.149555 -42.634159 51.690304 3
-11.654143 23.553734 29.095137 0
-25.709499 42.9734 -37.720703 2
-2.7301781 26.383591 -2.664289 3
25.035 -15.1206 49.378601 3
4.9461002 49.301601 97.944702 0
-7.9436998 25.1724 12.2894 0
-7.8376999 18.0159 4.8705001 3
-4.8404999 10.91805 15.6003 3
26.413998 -18.60042 51.070404 3
7.0801501 -7.31745 43.349998 3
-1.2665401 24.12022 42.268982 0
4.3221121 41.58622 90.894043 0
-6.8467999 29.099051 11.4191 0
3.2986 32.102798 70.501404 0
-9.3549004 23.559601 22.620501 0
-22.8902 43.5191 -42.373901 2
8.6038494 -12.8257 46.0951 3
-9.5937996 27.28615 -2.8799 0
-16.459599 41.437149 -97.426498 1
24.578484 -39.661514 50.583817 3
3.2026999 31.49135 68.728149 0
-1.0635999 23.9491 3.5137999 3
-35.1805 37.908699 -47.730301 2
-9.1636 25.1989 10.2761 0
-7.0883002 29.145201 3.6471 0
-5.8075948 22.83066 21.67996 0
22.49885 -10.51115 46.777451 3
9.4776993 -14.712049 46.863602 3
-6.4161 15.931 9.257 3
-8.3037004 34.770699 74.847504 0
-5.3743 38.4109 82.9832 0
-41.5952 44.446098 -34.9809 2
-13.3066 28.1884 51.296398 0
4.906425 44.398174 93.376396 0
-36.127499 39.280998 -46.855099 2
4.603343 -0.12487 36.898899 3
-16.3943 41.430698 -93.855103 1
-5.8596001 14.8042 11.0908 3
-0.94260001 24.362 43.9487 0
-1.733712 23.714012 36.881798 0
2.3378 28.733398 57.299049 0
-15.0019 38.830101 -90.2127 1
-9.7763004 32.8806 69.366699 0
26.6523 -41.649799 51.003201 3
6.5626998 -4.2279 41.394901 3
-8.3049002 18.621599 3.1492 3
3.5211999 39.336449 88.645248 0
15.3596 -27.3281 49.025398 3
-9.6473999 26.385099 2.8506 0
14.87525 3.9012001 32.934101 3
-7.6659498 28.2794 1.6379499 0
-25.887888 33.625458 -54.42329 2
-10.665811 23.375566 25.887255 0
3.1150999 52.097298 105.64835 0
-15.607512 41.054375 -56.846889 2
-13.6518 31.407349 -27.431049 1
-11.90045 26.503601 -16.10425 3
-14.935 40.0144 -102.3696 1
-10.265 29.808498 -18.8146 0
20.2637 -4.5580001 39.515099 3
-8.7757998 31.4723 -15.9988 0
39.854908 -45.389538 49.832439 3
-7.5142999 29.5839 0.31310001 0
3.0009999 30.554399 60.964401 0
-13.156475 24.56448 35.129593 0
-9.0632 33.340202 70.706253 0
1.8672 27.697001 55.13995 0
-27.934601 42.837002 -34.846901 2
-13.0239 28.363701 -22.503599 3
-19.7941 43.189999 -49.504002 2
-40.0047 43.372601 -40.791599 2
-13.639867 35.932865 -64.604935 1
7.8951001 14.1707 18.921301 3
5.2066998 47.312199 95.715302 0
3.624737 52.957561 107.32204 0
1.167267 21.129566 8.6542006 3
-4.6511159 22.64455 25.131584 0
36.382828 -39.406429 52.727097 3
10.7164 -18.037001 47.784 3
-7.1445999 36.169998 78.4468 0
-6.7790999 16.9107 7.6241999 3
34.544498 -49.4482 49.581001 3
-4.07652 9.5890474 17.558578 3
-30.101299 43.062798 -32.828148 2
-7.3786001 17.397301 6.1841998 3
-37.237999 44.374001 -31.8559 2
-22.055019 43.636154 -44.43058 2
2.5708001 1.1892999 34.222401 3
-23.924049 43.410183 -40.915501 2
34.653851 -36.17675 53.3456 3
-7.5032001 33.863602 -23.363001 1
-1.661793 23.844915 38.906525 0
31.465549 -28.910801 53.47575 3
-10.0057 21.5529 -6.2925 3
-4.1141 22.708967 26.9377 0
-14.5159 39.193001 -93.684303 1
-9.1114998 23.5578 20.62365 0
-6.5724001 36.867798 79.922073 0
5.9176998 -2.1015999 39.6674 3
-23.325266 33.095318 -55.850128 2
-15.3319 38.827202 -88.642303 1
-2.1364889 23.445621 33.712524 0
-9.6669502 28.17535 -8.5337 0
16.852051 1.6959 34.092201 3
-7.5805998 19.365326 4.3855748 3
-9.5152998 32.4412 -22.2127 1
3.3048 38.166 87.045097 0
1.0833 47.054901 99.276398 0
-17.9328 42.722698 -51.8125 2
-7.6342001 22.8902 17.0627 0
-11.3206 25.840099 5.5244999 0
2.8229001 34.0285 77.670097 0
-7.2494998 18.966299 6.0525999 3
-7.9338999 34.166302 73.514397 0
-0.12105 25.0888 47.116199 0
-8.4087 25.7645 8.3247004 0
-2.9654 23.0033 30.373699 0
2.3856001 48.742802 101.9614 0
-16.805401 42.423401 -105.2961 1
2.8051 50.0373 103.4536 0
-6.8589001 28.4282 12.7009 0
-12.5962 23.925995 32.341644 0
-16.823099 42.7281 -107.4625 1
-2.1380999 5.5809999 23.871599 3
-31.278481 35.400032 -51.238255 2
-7.6999002 29.82 -3.8841 0
17.288759 0.44756001 34.469337 3
-3.9604001 28.308701 -8.161067 3
-7.1308999 27.6359 9.2025986 0
-9.7882996 25.6985 6.0359001 0
10.2738 10.3468 26.903 3
8.7763004 12.9314 22.2271 3
-16.740101 41.957199 -102.5906 1
-13.90675 40.919571 -64.631577 1
30.8396 -46.251099 50.746201 3
20.698849 -5.4875498 40.885349 3
-8.6974506 27.307201 -1.864 0
1.6037 2.0201001 31.646301 3
-6.4502001 26.5329 15.0148 0
-8.5841999 31.204901 -10.578 0
-13.634 26.973301 45.645401 0
-4.4253998 39.716801 85.822098 0
-8.9093666 20.353767 -0.94213301 3
3.0897999 32.842201 74.979103 0
-10.95185 23.2934 27.99655 0
5.2512989 17.042 14.2811 3
3.0675671 32.628868 73.649902 0
-13.4194 43.724201 -108.135 1
-20.884899 43.3797 -46.8922 2
2.51004 30.147419 59.712959 0
-16.619101 42.228199 -100.6321 1
-5.7252998 31.2306 -16.562201 3
-8.1253996 30.4646 -7.8976002 0
0.234 3.2249 29.7778 3
5.1405001 48.2887 96.811897 0
9.0972996 11.9603 23.3517 3
-15.76825 38.983002 -66.709198 1
16.349001 -28.1751 49.347401 3
-11.9464 30.0555 59.412601 0
0.21269999 25.598301 48.5256 0
-10.519199 23.5406 -8.6760998 3
-16.86865 41.316002 -54.097187 2
-9.9002514 28.511299 -10.86525 0
-17.0334 34.4492 -64.620697 2
-17.853901 34.391201 -59.933201 2
33.373775 -33.6492 53.488472 3
22.130501 -8.2759008 44.680431 3
0.48069999 44.181099 95.526901 0
-8.3901243 19.337675 1.557675 3
-14.7866 38.333801 -85.847702 1
-10.2159 26.9939 -3.9375 0
22.716999 -37.260799 51.404202 3
-29.0697 34.3699 -52.737499 2
-3.4440601 27.341053 -5.6454201 3
-15.126326 36.577026 -66.619202 2
-8.1118002 30.383699 -6.5549002 0
2.8229001 19.639601 11.113116 3
-12.5717 29.1779 55.887299 0
-11.3569 30.933599 62.766399 0
-1.3967 42.732498 91.6157 0
-9.6557999 21.2691 -3.197 3
21.4223 -6.898025 42.8927 3
-11.0328 25.351101 6.9319 0
-7.2312999 28.8316 8.3710003 0
-9.9106503 32.434399 -19.44215 0
-8.6190004 31.268 -14.8328 0
-8.9032249 34.482376 -25.695675 1
-37.581799 41.065498 -45.0485 2
18.318901 -1.7812999 35.533951 3
11.112 9.0903997 28.6845 3
-32.930748 36.505974 -49.766876 2
0.62454998 45.071201 96.654053 0
-13.425683 25.800802 40.126266 0
-3.4860001 7.9745998 19.639601 3
-5.8425002 13.8845 11.8154 3
-6.8085999 28.979601 7.1217999 0
-12.2625 29.800699 58.329102 0
-13.7153 27.763599 48.953899 0
18.809624 -32.08955 50.455811 3
11.994 -20.755501 48.849701 3
-13.675 36.0653 -65.744003 1
-21.167442 33.394028 -57.129845 2
2.121525 28.120548 56.171127 0
-11.2941 25.3027 -13.4079 3
-14.711 41.3493 -59.623299 2
2.4048829 35.63295 82.595383 0
17.3953 -30.280199 50.0023 3
30.340851 -45.1875 50.882347 3
-5.9130001 15.1958 10.0272 3
-19.396412 33.684147 -58.616089 2
-2.6530499 41.727303 89.906097 0
22.061787 -36.304497 51.203827 3
-14.4778 40.021751 -103.39719 1
1.4114 46.124149 98.541199 0
-10.1888 29.292101 -15.7352 0
-14.2136 41.332901 -62.061199 2
39.817146 -53.081291 47.367558 3
4.0854998 53.828632 107.97073 0
-22.405201 43.650299 -43.369751 2
-1.6454 5.1054001 24.955534 3
36.654549 -50.91605 49.26815 3
-13.7671 25.426201 37.823399 0
4.5861001 51.277298 101.13445 0
13.2677 -22.684324 49.024452 3
-1.9201 25.826599 0.59249997 3
-39.923264 43.434566 -39.675529 2
-9.6233997 26.8169 0.19220001 0
3.3462 31.3097 65.582352 0
-14.7631 36.118999 -62.1768 1
-13.256399 40.902351 -103.59155 1
4.8561749 46.2616 95.096901 0
-4.2912002 28.806101 -9.0602999 3
3.3111 31.270399 63.603401 0
28.7656 -43.688099 51.2915 3
40.841869 -53.602291 47.017521 3
9.6666212 10.883974 25.610325 3
8.0384998 13.7292 19.9638 3
-25.438999 43.051849 -38.819901 2
-9.6753998 28.3556 -9.6338997 0
-12.34675 23.696899 29.8913 0
-9.7177 27.784 -5.8157001 0
-9.91675 22.419075 -5.6707249 3
-13.7552 30.077801 -25.164499 1
3.095125 31.618027 67.687241 0
-2.623333 6.8918672 21.6735 3
11.8494 7.836 29.9914 3
-3.5309 23.277172 29.508314 0
3.1094 53.8722 107.6013 0
-16.045 34.940201 -66.221802 2
-39.704937 45.0994 -33.104099 2
13.9496 -24.7057 49.027199 3
-35.142151 44.160786 -30.399445 2
6.1348 -3.0669 40.598503 3
-10.25605 28.2481 -18.978901 3
-8.2082996 25.552999 9.6992998 0
-7.0819001 32.643749 -21.137751 3
3.8282549 52.308563 103.10353 0
10.022949 -15.496901 47.279152 3
25.892601 -40.923031 50.762268 3
2.9468999 32.417385 71.407921 0
-1.7913671 23.873665 37.889366 0
-5.5483999 30.6597 -14.0582 3
0.79965001 26.28915 50.695751 0
32.049103 -29.902 53.481697 3
41.408772 -51.71524 46.972054 3
-12.4281 26.987801 -18.930599 3
29.314701 -24.382351 53.021 3
41.436363 -49.679718 47.745918 3
-10.9464 23.370535 26.860666 0
-5.559 13.28625 12.580851 3
-13.8845 43.714199 -107.2319 1
-10.8608 31.6224 65.202103 0
4.7737999 42.517399 90.978897 0
25.208426 -16.119938 49.843559 3
-13.3375 29.794651 -24.292751 3
37.625744 -41.656532 52.070999 3
-28.082464 34.362904 -53.15527 2
-13.4941 26.467751 43.496048 0
3.61745 52.346802 106.52595 0
-8.9765997 25.5807 6.7807999 0
38.035301 -52.2174 48.544701 3
26.26005 -17.560051 50.747551 3
41.623501 -52.8773 46.698448 3
-9.9368496 21.145351 -5.1278501 3
7.0627131 -6.5614619 42.687511 3
5.9388881 -1.595825 38.670036 3
31.0112 -28.045 53.6465 3
13.0122 6.6015 31.065599 3
4.5657001 50.791302 100.1682 0
28.347549 -22.315876 52.451698 3
-11.11895 30.16815 59.919899 0
-13.1672 28.3274 52.251499 0
-4.5537 38.588501 83.5653 0
-8.9813995 23.7724 21.583599 0
-6.6211252 23.114925 19.060299 0
-7.3972502 29.1061 6.3636999 0
-9.8697996 23.323999 23.4165 0
26.755333 -19.509501 51.4333 3
3.1366999 1.099 35.011501 3
-1.34982 24.608309 43.107452 0
24.48225 -14.33045 49.317001 3
-0.29339999 43.5742 94.256401 0
-10.06785 28.918098 -13.31605 0
-7.2189002 29.3316 2.6963 0
22.102036 -9.901495 46.140305 3
19.8724 -33.881565 50.819733 3
-9.5155993 32.550148 68.485649 0
27.85285 -21.1021 52.143848 3
6.930325 -8.1869497 43.723824 3
1.8487999 47.475399 100.2623 0
24.0494 -38.990898 51.024399 3
-10.4134 22.649799 -7.8476 3
4.7571998 45.257801 93.801102 0
7.1522079 14.284317 18.336132 3
-16.115299 41.365051 -89.815048 1
-7.9672999 29.996099 -2.9207001 0
-16.2959 41.926849 -98.244598 1
-8.1373997 24.122 17.547001 0
19.388891 -2.9404831 37.067558 3
6.5917182 15.413933 16.403732 3
-40.602505 45.093739 -33.396893 2
38.631721 -43.502922 51.335541 3
-6.3201499 36.2794 78.914749 0
-13.572334 26.156082 42.192734 0
-12.3639 26.942699 -20.046801 3
-12.1994 26.4291 -17.1402 3
2.9779 34.800098 79.735497 0
-4.5300498 22.9027 26.128201 0
-13.4411 28.039499 50.258499 0
-13.2488 25.08902 35.884758 0
2.878 36.440849 84.512451 0
-12.80895 24.455141 34.283558 0
3.4128671 40.170166 89.140099 0
41.052826 -47.681602 48.591675 3
-0.89885002 24.74325 44.77795 0
-5.5377431 22.647396 22.533371 0
-12.1442 23.493401 28.2402 0
-2.0576999 23.4965 36.040298 0
-2.9679 40.598499 88.157204 0
-15.6452 41.1152 -55.941299 2
23.725025 -12.504175 48.635273 3
-10.2031 29.9184 -15.082 0
-3.8162999 40.295101 86.649399 0
3.9493999 40.4566 90.006897 0
4.7782001 49.961102 98.883698 0
-8.6978998 23.89575 18.324551 0
5.9081502 16.378849 14.9202 3
4.06317 18.28022 12.82813 3
-6.8854251 35.6161 77.133141 0
-0.93040001 5.2567501 25.47665 3
-10.0011 29.4638 -12.5943 0
36.0443 -38.5826 52.821499 3
-13.7542 27.666901 48.065701 0
2.8812251 35.244576 80.859825 0
-12.63235 28.9762 54.956352 0
0.75880003 21.41165 7.8943 3
-1.8254 25.2733 2.2376001 3
-41.703831 44.689335 -34.0882 2
-5.4994001 38.003502 82.064003 0
-8.1749001 19.348101 2.4119999 3
-8.7060499 19.962049 -0.083099999 3
-11.7286 29.486799 57.7048 0
15.10667 -26.393322 48.97361 3
-9.6023998 27.503401 -4.3044 0
3.0539 31.1742 61.5811 0
-8.1522141 33.620682 -23.895676 1
25.330088 -40.103703 50.56979 3
7.3415999 -10.0592 44.690201 3
-13.516117 42.709198 -104.40019 1
30.6141 -27.2736 53.4739 3
-16.5888 42.114498 -101.488 1
33.891602 -48.917778 49.943485 3
-16.3379 41.285801 -91.0252 1
4.1579499 0.292225 36.203522 3
-0.0197 44.8209 96.144699 0
2.6032 29.1117 58.021801 0
-16.3111 41.770199 -96.333099 1
-10.104366 28.181366 -7.7072659 0
1.66625 27.9452 54.345398 0
-10.1264 32.765049 -21.421499 1
0.97180003 20.8587 10.338 3
13.7654 5.6879001 31.789499 3
-7.9377999 30.4156 -4.4931002 0
4.1799002 53.016399 106.6556 0
1.6667 48.693298 101.4357 0
3.3959 51.364498 105.3124 0
-5.8568101 36.982887 80.477631 0
20.258949 -4.2495499 38.678051 3
-38.60302 42.139133 -43.654366 2
27.128119 -42.341434 51.145847 3
-3.0208001 26.931299 -3.6471 3
35.0704 -36.89315 53.177551 3
-10.2963 22.4884 -6.4222002 3
3.4465001 38.659401 87.8069 0
1.703967 28.470482 55.430382 0
20.707399 -34.727798 51.0219 3
11.939016 -19.871918 48.456467 3
-16.580099 34.767399 -65.249001 2
-3.9805751 27.6521 -7.5182252 3
-6.2389998 31.244898 -17.293333 3
2.8302 35.8092 81.8321 0
2.111937 49.43248 102.37107 0
-14.0165 30.663099 -26.935499 1
-0.05895 22.285049 6.5432 3
-28.515335 42.564167 -34.322933 2
-25.3528 33.1147 -54.794899 2
6.7136002 -3.7916999 40.708698 3
-11.87405 26.241751 -15.3204 3
-8.0017004 25.011 13.0977 0
-13.1732 29.016701 -22.986401 3
3.2621 37.712898 86.358101 0
-8.7227001 34.1068 73.061401 0
-7.0552001 29.1999 4.6589999 0
39.401073 -44.844158 50.356117 3
-11.48215 29.84235 58.5658 0
-5.0820999 30.0457 -12.1892 3
35.310299 -49.711201 49.680401 3
-37.61459 41.197678 -44.171124 2
-36.640202 39.384701 -46.2318 2
-16.79055 34.9454 -64.023651 2
-12.560925 24.155151 33.120872 0
10.6476 9.8871002 27.6457 3
3.1691999 31.584299 69.847099 0
15.507867 3.4578331 33.171635 3
-12.1218 28.6474 -2.0876999 0
-33.241447 43.8405 -30.779751 2
4.8407879 -0.56848699 37.649025 3
-15.105675 41.181549 -60.310799 2
-27.370392 42.632809 -35.382851 2
-2.0874 42.325298 91.575104 0
0.89859998 2.2964001 31.2847 3
-8.8176498 31.17915 -12.67255 0
-30.891701 43.349098 -32.223099 2
8.1766996 -12.0951 45.7896 3
-17.438 34.141499 -62.6469 2
-6.3923001 27.046801 14.3472 0
34.12067 -35.585598 53.343494 3
-11.6383 25.8193 -13.9722 3
-37.900799 44.370899 -32.2896 2
-0.71609998 4.1373 27.7192 3
-1.4063751 23.964775 41.505898 0
-2.1763999 25.0207 1.1197 3
32.390137 -47.868267 50.2603 3
-5.1238999 38.819599 84.055702 0
-2.3090999 6.0843501 23.291698 3
-33.296478 37.083145 -49.378563 2
-3.9660499 23.094799 27.717701 0
-4.3975 39.0993 84.91362 0
-6.7413001 29.052601 12.1961 0
-14.6702 39.904099 -101.3458 1
-8.6283503 30.890499 -8.3235502 0
2.6779001 34.465099 80.603302 0
1.400175 26.962749 52.854099 0
-13.093117 35.866585 -65.161835 1
-9.3972998 26.1698 3.5602 0
-5.0681829 11.592117 14.975733 3
4.6272879 17.105104 13.814018 3
-24.3454 43.170601 -40.303501 2
-1.0893331 23.290665 4.4615002 3
-39.581177 43.127399 -41.527748 2
-9.8935003 25.895399 5.1801 0
-16.4986 43.186501 -107.9991 1
-1.07285 43.497299 93.437195 0
-10.189051 27.488899 -3.3410001 0
-17.460049 42.26165 -52.491753 2
-32.396412 43.538601 -31.261551 2
-8.0655499 27.618 1.6718251 0
-41.3498 44.312553 -36.1236 2
-9.4433002 27.167299 -2.0343001 0
-21.967199 43.369801 -45.150398 2
-13.4071 43.523701 -104.8779 1
-10.35 32.707298 -20.01305 0
-26.090099 43.075001 -37.058899 2
-10.4786 29.1693 -13.9641 0
-3.9035001 9.1606665 18.1735 3
-14.3306 38.423599 -63.323849 1
-3.5483 39.935699 85.978302 0
2.8499999 35.6731 83.217796 0
-23.4256 43.7071 -41.415699 2
-36.664619 44.383587 -31.347589 2
20.878796 -6.9025578 42.353588 3
-29.7519 43.007202 -33.506447 2
0.046100002 43.861099 94.886444 0
-0.307028 22.596857 5.862215 3
-7.6104002 24.3703 14.6047 0
32.891315 -33.098881 53.2742 3
-19.337399 43.356949 -50.088249 2
-12.598 28.195601 51.765499 0
-9.8587399 31.937841 66.698532 0
-14.5037 38.460098 -86.843803 1
-12.6096 27.658449 -20.0798 3
-9.4857998 26.623699 1.3187 0
-10.9895 24.211 -10.636 3
-10.130642 31.629639 65.374077 0
-5.3848748 12.73215 13.30905 3
-11.0787 31.1593 63.675098 0
2.65115 29.69385 59.134651 0
16.3344 2.2767 33.881641 3
-9.6033001 32.166199 -18.3032 0
-16.352249 38.680923 -66.352051 1
-16.576176 42.620949 -104.61193 1
-7.9349999 22.9946 16.386101 0
28.6101 -23.859726 52.663952 3
-22.635736 33.138287 -56.177574 2
31.7278 -30.577499 53.481701 3
-17.275299 34.187599 -61.920898 2
2.4788001 20.025551 10.5764 3
4.8551998 48.7672 97.304703 0
-0.82669997 4.2988501 26.807949 3
-10.3466 28.7318 -11.416 0
-26.631311 33.637722 -54.090866 2
-12.8518 28.7649 54.281101 0
-11.0798 24.475599 -11.3214 3
-7.4563999 33.4501 -22.701599 3
-16.711201 42.715401 -106.3367 1
-13.2957 40.945099 -65.177048 1
-7.0724001 22.9151 19.624399 0
11.0733 -18.667299 47.923801 3
2.72755 50.655647 103.84785 0
9.8659296 10.427169 26.182718 3
-31.8876 35.70015 -50.753078 2
-15.159651 41.129852 -57.423553 2
-13.621 27.1737 46.388199 0
-2.1565831 26.146252 -1.46035 3
4.8805499 47.871849 96.270752 0
-9.0167999 31.478201 -14.2582 0
-13.1197 41.6222 -103.3747 1
18.4832 -1.0761 35.454899 3
2.297725 1.3687249 33.493275 3
-41.010899 44.094101 -37.6133 2
-1.626667 24.381289 3.3615329 3
-10.373384 29.704683 -18.104401 0
-10.3339 28.5844 -10.1077 0
-6.0521002 16.5133 9.0277004 3
4.9045 43.450802 92.5065 0
-16.4568 41.033298 -93.255203 1
-16.369801 41.183102 -94.704597 1
6.7200999 -4.8843999 41.785797 3
-6.1255002 32.040001 -18.931299 3
-1.1438 42.530548 92.30835 0
-2.1675 23.3871 32.996101 0
22.719999 -11.0137 47.846401 3
-8.6106014 19.5005 0.8926 3
13.3551 6.2667999 31.671301 3
-13.705267 35.897366 -63.853168 1
-6.849 36.2229 77.661949 0
1.0664999 26.990801 51.150299 0
-10.062 21.9928 -5.1111999 3
-14.83205 36.08815 -67.054802 1
2.8355501 33.823799 76.894348 0
7.8676829 -10.581952 44.925201 3
-6.0560999 22.630716 20.891399 0
3.7493999 53.621799 107.0867 0
23.487499 -13.1706 48.784401 3
-16.16922 41.05513 -87.948204 1
-9.1758499 24.910801 11.7632 0
8.6523399 12.338589 22.652321 3
2.712867 31.4252 65.279167 0
-11.977 28.9883 55.546799 0
19.354401 -3.5385251 37.69585 3
10.370649 -17.412449 47.806053 3
4.17205 53.05135 104.6328 0
36.855701 -40.174198 52.560398 3
-16.05625 39.5895 -82.603851 1
18.911617 -31.418251 50.269234 3
0.1882 21.804399 8.0121002 3
-8.3112507 34.602852 -25.302851 1
-13.303451 40.3815 -66.278427 1
-29.643061 34.720024 -52.320221 2
-9.8306999 23.514299 22.0172 0
-13.119699 27.5301 47.67765 0
-5.7526999 31.0602 -15.8841 3
0.58490002 25.829449 49.09795 0
-11.2562 25.0821 -12.7459 3
2.5315249 33.900345 78.404419 0
-18.697599 33.871899 -59.2812 2
37.568268 -42.244957 51.4394 3
-14.859 41.260201 -61.744701 2
4.2233 40.979198 90.372803 0
-11.5554 30.6945 61.885399 0
-12.5759 28.377617 52.610683 0
-4.3581252 10.853926 16.09355 3
-34.7295 37.639648 -48.181 2
8.95965 11.60855 24.026199 3
0.89420003 46.570801 98.639099 0
-7.7879 29.306999 0.8829 0
-7.7286 18.2279 4.2234001 3
0.063649997 25.32515 47.82225 0
-13.9897 41.109501 -63.975101 1
2.4944 50.153702 102.7389 0
3.2028251 33.530724 75.930832 0
-32.513466 36.096767 -50.251736 2
-38.643776 42.615574 -42.856026 2
-4.7447 11.1915 17.1908 3
-10.2139 27.0494 -0.34670001 0
-14.9689 38.5966 -89.325302 1
6.65695 14.925438 16.88385 3
5.3259001 44.9049 93.196503 0
-39.877197 43.793152 -39.09745 2
-16.272699 41.131401 -89.121552 1
-16.54505 41.371399 -98.547348 1
6.3908 -2.9489999 39.845253 3
3.4751 53.63747 108.30048 0
2.6179481 32.105644 70.903687 0
-30.59141 35.326324 -51.568806 2
-12.949475 28.343723 50.621624 0
-13.6241 27.902901 49.622601 0
20.932926 -5.92695 41.342075 3
31.44311 -29.643471 53.332676 3
-10.3312 23.269249 25.125401 0
2.3613501 34.540649 79.647499 0
-2.6779499 26.283051 -3.50245 3
1.659122 1.845122 32.369534 3
-13.2879 29.29285 -23.619576 3
-9.0247002 26.510599 2.0206001 0
-39.1073 44.835205 -32.954086 2
-4.9664001 29.3927 -11.7356 3
-7.6572671 18.648735 3.3196671 3
30.846802 -45.593975 50.616364 3
-9.1527996 25.014601 10.919 0
-16.464199 42.470699 -102.2634 1
-10.3366 29.463499 -16.577101 0
-4.6070132 29.126463 -10.660574 3
-8.1657 30.562 -7.1943998 0
-4.6717 10.2256 16.143801 3
3.6358731 53.703575 106.38826 0
21.708799 -7.8518 44.265701 3
-1.9049 23.6898 39.584702 0
-3.2988 23.3529 30.871901 0
-4.34725 28.162649 -8.6793003 3
-8.6904001 31.083799 -9.9351997 0
40.267899 -45.920303 49.317947 3
10.707 9.3907003 28.255501 3
-15.3173 43.697601 -107.9907 1
15.717732 -27.875067 49.118866 3
-13.562799 27.074001 43.955601 0
-11.389017 23.559816 27.407429 0
3.1599 52.672852 106.128 0
2.8687999 30.270451 60.251099 0
-0.88020003 43.859299 94.174599 0
-11.622025 26.718 -16.834724 3
-11.921887 23.670446 30.392208 0
-13.8465 25.790501 39.621399 0
-8.1269999 25.6712 8.9108 0
0.16069999 3.1824 29.0406 3
-6.2732 32.194099 -19.7558 3
12.441401 6.5076499 30.7558 3
9.2544994 -14.107 46.744102 3
-6.8074999 28.929199 7.8814001 0
3.083267 32.743336 74.332466 0
-35.526001 38.344902 -47.372501 2
-9.0171003 24.0128 20.047501 0
-28.823799 43.019402 -33.972 2
-17.685101 34.093449 -60.532852 2
-41.274399 44.081402 -35.4146 2
-10.5313 31.911501 66.4207 0
-6.5682001 28.940599 10.0659 0
36.372452 -50.346001 49.096451 3
2.5297 36.361351 83.823853 0
-18.408121 42.834255 -51.382698 2
-8.3929996 30.866501 -11.0987 0
-14.386408 38.2603 -62.670364 1
17.8664 0.21600001 34.654301 3
-40.470699 43.738701 -38.315899 2
-7.0911999 28.3598 8.7921 0
5.0342999 46.8778 95.183502 0
22.932072 -36.716927 51.127773 3
38.601711 -52.109024 48.065712 3
32.607151 -31.37895 53.393951 3
-15.463699 36.475899 -66.077248 2
8.6844997 -13.5511 46.472401 3
2.0311999 47.8606 100.8413 0
-11.937 27.2945 -17.5644 3
18.054749 -30.33625 50.003853 3
-2.7911 23.102501 31.381599 0
-13.1533 27.6399 48.310577 0
-2.4204249 41.310749 89.476227 0
-41.14185 45.062 -33.841949 2
-16.645399 41.887299 -53.908199 2
23.9461 -14.1613 49.010899 3
12.5633 -21.054399 48.773701 3
-9.0697002 21.187599 -2.9533999 3
-3.4999001 27.619301 -6.2177 3
-1.9626 24.03265 36.374252 0
18.6759 -1.8241 36.061798 3
-4.8792 38.1063 82.719498 0
-11.4597 23.6085 28.2187 0
2.9805751 51.601002 104.89081 0
33.471413 -34.314568 53.307899 3
-12.851722 28.167765 -21.61442 3
3.1292329 53.592949 106.95972 0
4.1469002 53.302601 105.33936 0
-15.909534 38.815834 -67.390388 1
0.71060002 2.84655 29.94735 3
-19.900249 34.064548 -58.08765 2
1.0467499 45.129299 97.1203 0
-8.7059002 34.935501 -26.0889 1
-34.282101 37.355648 -48.554028 2
9.4113054 11.10116 25.077555 3
-21.143433 43.6684 -46.396732 2
-11.2791 23.5921 26.375099 0
-4.8994002 12.0249 14.5015 3
-6.388566 15.708533 8.6697998 3
4.3192329 52.167999 102.67554 0
32.572201 -47.369602 50.595367 3
2.8874249 33.414925 77.367798 0
2.9695001 34.521301 79.123398 0
-1.59495 5.63555 24.6248 3
3.1853001 33.354301 75.330101 0
-2.095 41.6287 90.1894 0
-14.1023 25.990601 40.888199 0
31.7836 -46.568352 50.900101 3
-11.533299 30.434366 60.320831 0
-7.30615 27.068001 9.3909998 0
-10.28835 23.255001 -7.9162002 3
-6.6065001 36.631401 79.336403 0
-14.0418 26.218599 41.7938 0
23.134449 -37.677032 51.215248 3
-13.7774 24.937901 36.168598 0
-16.11075 43.52705 -108.34005 1
-3.0365 41.2052 88.926903 0
-16.477736 41.347828 -54.575001 2
-7.88235 35.180153 75.769196 0
-10.34925 22.95945 -7.3034 3
-35.845566 38.760403 -47.047764 2
-13.3839 26.77915 44.4911 0
28.829975 -44.2621 51.076763 3
3.2621 32.8395 73.104797 0
5.3027 46.388802 94.692398 0
-4.5493999 29.233101 -10.057 3
-3.6433499 23.563074 28.916451 0
-18.3179 33.987801 -59.924 2
-38.09256 44.712711 -32.904152 2
10.964001 8.50385 28.862225 3
-7.6584001 28.8433 1.2941 0
-6.7014999 28.9209 8.6682997 0
-12.4236 28.533272 53.385143 0
-12.5033 27.429701 -19.3482 3
41.536247 -53.667049 46.623398 3
41.35429 -52.352417 46.861866 3
4.6030998 49.610474 98.345779 0
-37.404701 40.484947 -45.259201 2
3.26615 31.929451 69.352509 0
-0.33840001 24.8424 46.303699 0
-10.8231 25.2309 6.2996001 0
-14.1047 44.010502 -108.0453 1
-5.7131581 30.355358 -14.560374 3
1.3175 26.7425 52.292702 0
-13.401649 25.408073 38.308674 0
4.5176091 42.099167 91.337227 0
-2.4247179 25.397654 -1.06929 3
-4.8990998 22.54995 24.0688 0
-2.1087251 6.7300749 22.102098 3
-13.5157 43.7299 -106.7544 1
-39.619804 43.156601 -40.304199 2
-0.4867 43.249802 93.785896 0
-21.638901 33.019402 -57.013599 2
21.664499 -7.3945999 43.466999 3
30.137501 -26.167999 53.393101 3
26.9004 -18.937668 51.318569 3
-6.5836 28.1765 13.7422 0
1.55135 47.448799 99.737801 0
-16.2544 40.880001 -87.178497 1
-8.6288624 33.469742 71.369675 0
-30.667337 42.931606 -32.586922 2
-14.9568 38.423698 -87.691399 1
-10.642667 23.871084 -9.3151331 3
25.692877 -17.491287 50.360985 3
-13.2448 25.6621 39.317799 0
3.055625 31.049301 63.11235 0
11.905816 7.161736 30.195047 3
-11.709075 23.581276 29.687824 0
-16.276649 41.350601 -91.744949 1
40.608551 -47.307617 48.723289 3
11.6597 8.2983503 29.66835 3
-5.7323999 37.7136 80.836998 0
-16.3512 42.283699 -99.516144 1
-13.668312 39.959572 -103.38456 1
1.6391 20.769699 9.4120998 3
5.0516 43.474098 91.7565 0
-13.40015 26.423515 42.913483 0
-14.65695 36.6987 -61.902 1
-26.3985 42.866199 -36.599899 2
29.920151 -44.838551 51.279198 3
40.389687 -53.120338 47.22776 3
14.8374 4.4881001 32.988098 3
-5.9341998 22.805201 22.941601 0
30.317301 -26.744934 53.466934 3
32.304798 -30.873301 53.402599 3
2.9204659 31.590759 66.105972 0
1.6072 46.555901 98.890747 0
-20.5618 43.584099 -47.339199 2
0.50808603 26.289814 50.121269 0
-4.8969498 29.8757 -12.719601 3
-8.7375002 23.99435 17.54875 0
-3.1192 7.6599998 20.3001 3
-23.886442 32.96191 -55.634789 2
-8.2719336 34.464466 73.888435 0
40.06794 -46.50808 49.129158 3
20.653151 -5.1777 40.154549 3
-16.547649 41.279251 -96.112099 1
-19.299725 42.859348 -50.392799 2
1.407375 2.544275 31.430374 3
-9.7987499 34.661469 -26.899607 1
-37.541401 44.809502 -32.425598 2
-12.2733 29.435249 56.519653 0
22.064201 -8.85005 45.134151 3
41.35305 -51.093464 47.217915 3
16.362301 -28.8445 49.534599 3
24.839899 -15.6692 49.392601 3
-9.8741007 32.278435 67.325729 0
-5.7047501 14.245951 11.3689 3
2.10515 28.699926 56.216225 0
-1.916875 23.451174 34.385574 0
-15.03775 40.106201 -103.52285 1
-12.360025 27.888374 -20.599651 3
-28.609442 34.717525 -52.683411 2
-10.8921 25.0821 7.8641 0
17.096901 1.1818 33.987301 3
3.2289 19.3113 11.7302 3
2.622155 29.412521 58.63063 0
-3.2565999 40.254101 86.786003 0
-6.3405218 31.362764 -17.849566 3
12.7178 -22.498301 49.051498 3
-8.3683376 33.874325 -24.367214 1
1.66865 27.392326 54.097122 0
7.05405 14.3363 17.77075 3
4.257174 51.604774 101.62132 0
-9.3266745 33.147675 69.907578 0
31.2423 -46.070599 51.115398 3
-5.4232998 13.6512 12.1581 3
3.6262791 18.386608 12.39081 3
0.83426702 20.883944 8.1326551 3
-6.0588498 15.110425 10.5758 3
36.88195 -51.326614 48.938469 3
31.268349 -46.618301 50.648632 3
2.2902999 28.428226 56.816826 0
0.54579997 44.712101 96.215103 0
-20.644133 33.68977 -57.424435 2
-16.3281 40.2453 -85.892303 1
-15.6593 35.353951 -66.299728 2
2.9449 36.173302 82.717102 0
3.3837669 53.364479 107.63931 0
3.2611401 52.869976 106.67484 0
-9.8893986 28.390699 -9.0107002 0
27.6465 -42.539501 51.2686 3
3.1602001 31.8109 67.156677 0
22.65205 -11.5782 47.904217 3
3.1017499 54.047249 108.17995 0
-2.6157999 26.1134 -1.8872499 3
25.873045 -40.3764 50.615311 3
-24.8916 43.174599 -38.742199 2
28.4179 -43.250198 51.380402 3
3.6786001 0.7626 35.275803 3
2.6613171 34.408836 78.615845 0
3.122467 31.512733 64.077766 0
2.912056 35.421368 81.40168 0
-4.3041 9.8758001 16.93615 3
23.2897 -12.1846 48.799198 3
-10.566851 29.3438 -15.0725 0
-1.901312 24.083593 38.400394 0
-14.8615 41.239548 -59.071301 2
-8.7663002 30.6422 -8.8091002 0
-19.899551 43.5033 -48.775101 2
-13.8853 26.3971 42.630753 0
-9.6968002 24.1847 11.2279 0
-2.0538001 23.82 37.395401 0
2.7049 37.016399 84.688904 0
2.72295 30.980099 61.990749 0
1.331 45.8922 98.008202 0
25.7022 -16.1668 50.105701 3
-9.5256004 25.4972 6.8548002 0
-13.41445 25.9168 40.674175 0
39.384136 -52.799938 47.582798 3
-12.380417 23.81218 31.6091 0
-13.3876 26.853226 45.157776 0
-7.5105 29.705999 -0.92589998 0
-9.4417496 27.7141 -5.3354502 0
22.7339 -10.699783 47.385044 3
-6.4415998 28.829399 12.7753 0
-34.653023 44.337776 -30.197327 2
5.1956 44.241901 92.601799 0
-4.3449998 28.79295 -9.6310501 3
3.5715001 52.457401 103.8813 0
7.7164998 13.8274 19.5196 3
26.63825 -18.091202 51.038651 3
-7.0384669 32.352249 -20.666283 3
1.9402 49.073437 101.92831 0
-7.0467501 17.5131 6.6146002 3
5.0477629 -0.42841199 37.036285 3
-13.6238 35.760601 -63.280998 1
-14.255799 35.910725 -62.525803 1
-4.9319248 12.645283 13.61675 3
-7.9720001 30.298201 -5.8189001 0
-35.6842 44.308426 -30.527462 2
-9.1150999 24.011101 18.696699 0
