# .PCD v0.7 - Point Cloud Data file format
VERSION 0.7
FIELDS x y z label
SIZE 4 4 4 4
TYPE F F F U
COUNT 1 1 1 1
WIDTH 1090
HEIGHT 1
VIEWPOINT 0 0 0 1 0 0 0
POINTS 1090
DATA ascii
-17.051649 41.301899 -165.15535 3
-71.258049 4.8372831 165.17271 4
71.203056 -37.917465 -5.2067828 0
-55.312855 -16.391207 104.86201 4
16.993454 -9.4130507 -8.8688879 0
-45.033951 33.273899 -103.10175 1
5.7844329 -16.161083 71.547272 2
-11.84335 35.502998 -126.05685 3
-38.633102 -18.653749 74.420746 4
-55.912434 -11.2307 138.79424 4
-10.956 14.826584 -24.692949 2
46.38715 -18.141201 2.79175 0
-0.76313198 -9.4536743 49.902451 2
-35.591648 -10.8778 95.656647 4
-26.845749 25.707699 -113.20403 1
-30.723684 -0.130683 69.207214 4
-4.5768671 7.0448108 -41.822193 0
52.184151 -36.4804 -0.67734998 0
-28.78945 -16.0499 57.732349 4
-46.48275 -12.383 121.51625 4
28.580492 -21.095526 -0.99510998 0
-25.24975 -13.2232 39.029549 4
-66.506554 -4.0285001 150.87144 4
-28.798651 37.0928 -101.03955 1
33.36705 -6.2150002 -7.3554502 0
-47.823051 -18.140051 88.054497 4
-61.576752 -12.648566 124.39622 4
-16.601002 -6.2379999 17.279551 4
-18.70035 10.288 19.555349 4
18.115049 3.3552999 -16.27895 0
-41.599651 -14.7683 108.30775 4
39.352451 -30.1572 -0.60325003 0
9.4583788 -6.1212168 -18.787268 0
-39.495949 37.173302 -92.146553 1
-19.608774 4.0619001 37.968124 4
-19.611492 35.484261 -116.32152 1
3.6210499 12.0155 -33.857552 0
-0.35521701 -3.497247 39.42028 2
4.0966921 -11.553566 60.686081 2
55.720551 -25.689699 2.73805 0
-3.8261499 17.3748 -47.016251 0
-20.375549 -10.0494 29.235249 4
-36.80994 27.77944 -108.43952 1
-14.15565 11.8536 2.3982 4
-0.11275 2.5172 -32.649147 0
-65.24305 -7.5595999 141.01276 4
-19.05685 29.3417 -124.26255 1
-19.426596 7.3470631 28.915152 4
-65.923485 2.3321669 157.92094 4
-48.502048 36.632149 -95.308701 1
-9.1258669 11.536091 -51.483086 0
-59.522797 -6.9765668 147.17505 4
13.79515 6.6290998 -22.67515 0
-12.177299 24.965757 -67.723877 3
63.794548 -40.983749 -2.9391 0
-1.0978 14.5367 -40.047699 0
-52.31535 -17.411301 97.508553 4
5.5128522 -3.113112 -25.145809 0
-20.506849 28.5889 -110.08215 3
-26.07165 2.0596001 57.00145 4
-31.054066 -2.6609831 76.369049 4
-5.2854619 -5.204587 34.156151 2
-13.87795 17.2269 -69.290047 0
-33.090347 -8.4781504 88.982498 4
-34.280449 -18.0263 67.962852 4
8.8209496 9.6149998 -29.101049 0
45.612499 -33.822651 0.0090500005 0
34.001087 -25.418274 0.042396002 0
-8.2011499 5.1268001 19.36165 2
-12.4564 15.5404 -62.760696 0
-17.695675 35.575577 -122.58768 1
-9.7518158 22.695795 -62.149391 0
-2.4572439 -7.8640451 43.907745 2
-27.954451 -14.5364 44.771851 4
58.026047 -39.034348 -1.26835 0
-28.677151 -15.7566 51.431252 4
-10.865601 -0.53310001 14.24685 2
3.160342 -9.8180752 54.741028 2
12.88025 -7.9702001 -13.52795 0
-6.6171498 19.364201 -52.051048 0
3.7407999 -14.3013 66.065155 2
-60.033352 -14.3203 118.81415 4
24.173302 -17.2575 -2.72085 0
-32.63895 36.589798 -96.452599 1
-57.282013 -15.399262 110.50858 4
50.709648 -22.2596 3.0439501 0
-62.6889 -0.67299998 154.0321 4
-10.79485 7.8221998 9.6509504 2
-6.35745 3.2175 24.575951 2
20.609495 -12.311487 -5.2899709 0
41.874603 -14.653049 1.3653001 0
36.443199 -9.1833754 -3.1473501 0
-7.0051498 9.1620007 -46.74115 0
67.620049 -35.004124 -1.58255 0
-2.34495 5.2697501 -37.050549 0
-7.9081998 -3.2179999 25.294149 2
-10.941525 13.6382 -56.412926 0
-2.42155 -0.56059998 33.39875 2
60.06765 -29.760399 2.1208999 0
-50.135418 -16.994049 92.688324 4
29.7703 -3.6629381 -10.390838 0
1.8771501 -6.8088002 46.406551 2
-58.20945 -9.0608997 142.72925 4
-48.699997 -12.6266 126.18871 4
-67.368469 -1.8171 155.23026 4
-21.441305 35.872021 -111.7396 1
-44.423901 37.023376 -92.555702 1
-60.953251 -3.9354999 150.80354 4
-26.210081 37.136047 -105.19331 1
-69.441147 2.1459 161.29704 4
-3.8159499 -6.8052001 38.866951 2
-17.584049 -7.7866001 22.04015 4
-14.215858 4.6866579 -1.275583 4
-6.664125 -4.3326998 29.748325 2
-14.99025 -4.1286998 12.72565 4
-19.53005 37.481998 -164.61925 3
-47.298649 34.585949 -99.343903 1
-40.9193 -18.373199 78.360649 4
-12.35125 8.3518496 4.607234 4
-17.679682 10.685033 15.076683 4
-45.47805 -18.412201 84.132202 4
-15.15765 11.5278 6.76015 4
-62.235279 -11.246116 128.62326 4
-64.091507 -9.30165 137.0864 4
-58.686001 -15.12015 114.75225 4
67.013702 -38.871353 -4.6512499 0
-22.05155 2.8382001 46.820648 4
-9.3123503 6.0483999 15.41675 2
-12.995759 2.2568109 4.100697 4
-13.631875 -1.4773 6.1707749 4
-52.71685 -12.3114 133.74515 4
-31.288851 -4.2575998 80.230347 4
0.44988999 -5.09132 43.061687 2
-53.762325 -16.366043 101.15984 4
-24.404099 2.4911499 53.047501 4
-32.065151 -6.8532 85.381348 4
38.867649 -12.1194 0.18285 0
-8.9506998 21.685349 -58.4431 0
-36.498901 -18.18985 71.198654 4
1.36735 -11.8269 57.49625 2
-40.104599 -13.9377 104.90585 4
-45.365227 -13.66045 118.16072 4
-34.36705 -9.8899002 92.271751 4
-20.288601 3.1394999 41.610672 4
2.6949501 -8.7797003 50.944649 2
-43.0504 -14.8738 111.73665 4
23.217251 0.51630002 -12.64815 0
-7.7962499 20.3836 -55.347351 0
-13.196301 17.072948 -65.866798 0
-19.930609 28.94985 -120.78085 1
0.13395 -10.590799 53.359848 2
-34.051117 26.525141 -110.00565 1
-14.86995 19.939699 -66.316254 3
-68.510803 0.36129999 158.64169 4
7.08495 -4.6096001 -22.62055 0
-24.40715 37.386501 -108.05385 1
-39.475433 29.010845 -106.96356 1
65.070152 -33.408001 0.11965 0
-11.866268 0.208533 10.671483 2
-10.647637 23.903851 -65.022568 0
62.58115 -31.5548 1.1503 0
-1.31345 -8.6693993 46.835052 2
-42.767151 31.6012 -105.00095 1
-4.1173501 0.7277 31.01955 2
14.816262 -8.6522007 -11.093738 0
2.940284 -13.327766 63.054882 2
-11.69395 14.3185 -18.451349 2
-9.6682911 6.8537078 12.431767 2
20.190357 1.948225 -14.257133 0
-5.1926589 1.916294 27.163055 2
-16.532375 37.94875 -165.08505 3
5.3913202 -14.912807 68.578033 2
-29.678518 0.68806702 66.27832 4
54.899448 -37.833599 -1.23955 0
-54.666351 -11.7564 135.99585 4
3.8657999 -1.67575 -27.2985 0
61.0495 -40.043335 -1.8983001 0
-13.907226 3.5294249 1.53045 4
-66.373352 -5.1588168 148.04593 4
19.19565 -10.1288 -6.7361498 0
-65.388947 -6.340425 143.71315 4
-20.209644 40.335403 -165.05832 3
-32.5042 -17.193851 65.530472 4
-29.83765 -16.656099 60.486351 4
-12.822887 8.953825 1.764538 4
-21.446449 -11.0307 31.998449 4
44.188694 -16.326241 1.977819 0
15.91545 4.5138001 -18.21895 0
-43.08905 -18.663 80.839546 4
69.600899 -36.140549 -3.36795 0
-12.18825 20.770399 -60.60165 3
41.804024 -31.656425 -0.34712499 0
-7.3144498 4.1018 22.040951 2
-14.283751 -3.0483999 9.9815998 4
-69.658951 4.6009998 162.85735 4
27.420998 -1.89889 -11.177025 0
-1.344844 4.1742501 -34.670517 0
1.6562999 1.15285 -30.8468 0
-60.667049 -13.8123 121.48395 4
-27.5569 1.607375 60.637001 4
-21.153851 2.6954 44.190449 4
-50.06535 -12.8411 128.70876 4
36.088348 -27.3116 0.020850001 0
-31.661886 -5.4801998 82.636177 4
-67.714996 3.629375 159.85229 4
-30.78355 25.872101 -111.50645 1
-37.601448 -12.8225 99.901299 4
66.155548 -41.354 -3.9886501 0
14.9517 5.50315 -20.546249 0
-19.313049 4.6641002 35.448551 4
-19.217007 6.7365832 31.853149 4
-23.371094 36.139084 -110.07502 1
-19.071213 8.3771629 26.533276 4
-64.004974 -9.8465061 134.56248 4
-11.011075 15.910601 -32.925701 2
-34.654499 36.301102 -94.743347 1
-18.68355 9.6732998 22.14455 4
-63.250999 -10.8927 130.9796 4
3.4493079 -10.431538 57.444557 2
-49.12825 -17.8393 90.503647 4
-23.4706 -12.44135 36.284103 4
-3.6282499 5.961 -39.04755 0
-20.181053 35.554211 -113.8512 1
10.57295 8.8310003 -27.56765 0
-51.437752 -12.4004 131.53516 4
-66.808449 -3.0987 153.10535 4
-22.772249 2.51825 49.101501 4
-37.578293 36.472839 -93.429642 1
-48.211151 35.074749 -97.175247 1
-1.60475 -2.2822621 37.636238 2
-59.916851 -5.4383998 149.28415 4
4.9650249 -13.161276 64.382568 2
2.13535 -12.6207 59.903427 2
-10.73965 15.5543 -30.224649 2
-30.97315 -1.4246 74.36795 4
-15.98255 11.4211 9.0203505 4
-18.132151 10.8351 17.38685 4
8.6391125 -4.9633079 -20.962959 0
-16.95295 11.01475 12.759466 4
-6.0199499 8.1441002 -44.370548 0
25.5741 -0.68014997 -11.75135 0
-22.81855 26.951099 -115.90695 1
-41.237511 30.202267 -105.9445 1
12.382601 7.6772499 -25.158077 0
-2.1126101 -1.52562 35.502388 2
-30.841213 -0.74620003 71.421547 4
35.29805 -7.7926002 -4.9963498 0
-57.91851 -14.911699 112.61858 4
-3.2063501 16.5429 -44.849152 0
1.430258 -11.170873 55.159836 2
-26.38715 -13.8737 41.044552 4
-38.88805 -13.7741 102.88395 4
-2.0262499 15.3705 -41.95385 0
57.588551 -27.122101 2.4317501 0
-64.918266 -8.3890162 138.91354 4
-2.99525 -7.4493999 41.683949 2
37.810501 -28.604349 -0.41665 0
-36.593948 -12.1282 97.123154 4
-59.275902 -14.6032 116.80125 4
-46.268051 33.957802 -101.46035 1
43.869446 -32.21965 -0.202521 0
-42.397102 37.281052 -91.314041 1
-23.82585 2.4786 50.94265 4
-14.538081 -2.2327499 8.0468149 4
-4.1900501 1.4134001 29.02705 2
-44.461948 -14.3894 116.20405 4
-8.6505499 5.7979999 17.42975 2
-25.062326 26.320314 -114.15023 1
-11.10675 14.5707 -22.05475 2
0.32098299 -4.3544331 41.145153 2
-28.9655 -15.9634 55.575001 4
-54.675549 -16.7078 102.94425 4
-12.200901 15.16795 -60.755051 0
-7.25635 -3.790467 27.689266 2
32.121674 -24.164499 -0.19320001 0
-11.52055 14.4228 -58.228451 0
2.36765 -9.8606167 52.902702 2
10.40995 -6.8544002 -17.187351 0
23.0187 -15.66345 -3.4096 0
-39.991302 -18.745949 76.632904 4
-66.073151 -6.0967999 145.56255 4
4.6284499 -12.5177 62.3932 2
7.274375 10.2304 -30.226299 0
-61.986935 -12.065849 126.49658 4
-31.171949 -3.42345 78.206604 4
-28.776649 -15.9303 53.364052 4
11.84235 -7.6120501 -15.128201 0
1.886883 12.6036 -35.607601 0
-47.250122 -12.66045 123.39462 4
-9.7820501 -1.8803999 18.42145 2
-27.215189 -13.950541 42.781017 4
-55.967251 -16.34935 106.9703 4
-37.579029 -18.201502 72.784523 4
-35.29665 -17.817801 69.757553 4
21.495449 -13.8208 -4.5226498 0
-43.727848 -14.7333 113.51535 4
-29.04525 25.706301 -112.26595 1
21.396866 0.62189198 -13.622868 0
52.342247 -23.2502 3.615 0
-10.977791 15.15916 -26.826887 2
5.2478561 11.153637 -31.9652 0
-9.0054502 -2.5332999 21.57795 2
31.938599 -5.02215 -9.1574497 0
-12.311916 0.65501702 8.9125004 2
-46.554848 -18.453651 86.014694 4
-68.597954 4.2508998 161.36525 4
-32.883949 -7.3969002 87.367149 4
30.152174 -22.540726 -0.44944999 0
-46.694599 37.1007 -94.54425 1
-11.572725 13.832951 -16.342175 2
-32.31295 26.643425 -110.6331 1
-11.56165 7.6402001 7.78685 2
68.99675 -37.421101 -4.5528498 0
-46.1311 -13.274799 119.94106 4
-16.85265 -6.8509998 19.627951 4
2.4116499 -0.43865001 -29.154202 0
-56.593647 -15.813583 108.77483 4
-10.29385 12.9499 -54.46175 0
1.31555 -5.9665499 44.62455 2
-20.536533 28.627508 -118.84332 1
47.305748 -34.59845 0.0383 0
-13.24195 16.346399 -64.183151 0
-7.1468749 19.3955 -53.944473 0
-18.11125 35.973598 -120.75955 1
58.6605 -28.5797 2.496325 0
5.3055 -14.0363 66.934853 2
-58.566349 -8.5136986 144.68315 4
-18.282949 -8.3225002 24.178949 4
-30.37715 -16.814199 62.452751 4
-34.95985 -10.259 93.921448 4
-33.824856 -9.1717672 90.461784 4
33.855076 -7.33075 -5.9464998 0
-5.8229828 18.668566 -50.383648 0
50.636223 -35.804977 -0.14195 0
-18.706249 35.929401 -118.12315 1
-16.62495 35.820801 -123.96605 1
-43.367764 32.605175 -103.61581 1
-4.7090421 17.881393 -48.448601 0
-24.601366 -12.305183 37.679066 4
-25.170856 2.2181871 54.877571 4
-57.64185 -10.6969 141.43774 4
-19.305849 6.0809002 33.563549 4
-42.475151 -14.9016 109.98825 4
-69.158051 2.9521999 162.93758 4
-15.7474 -4.9087 14.236549 4
-11.589989 8.2730799 6.1884041 2
-9.6760006 12.1055 -53.114998 0
27.224751 -20.120701 -1.3412499 0
54.269348 -24.829201 3.0290501 0
-16.6036 39.649975 -165.14444 3
-63.636646 -10.416484 132.81966 4
-13.03515 -0.94440001 4.6701498 4
0.39475 13.5802 -37.523251 0
-14.513 18.779816 -69.467758 3
-28.315662 -15.14285 49.249512 4
-11.73325 13.5661 -14.44685 2
-60.793724 -12.682225 122.90959 4
-31.69195 -17.264799 64.065849 4
-16.16445 -5.5741 15.71265 4
4.9453502 -15.4165 70.108452 2
25.48875 -18.8659 -2.2121501 0
-64.999847 1.6785001 156.57945 4
-21.629351 31.399 -118.80945 1
49.633652 -20.775801 3.40535 0
6.4178052 -3.7329719 -23.916664 0
-70.134346 3.9120669 164.40263 4
-25.40645 37.278301 -106.62305 1
-22.13695 -11.56935 33.467102 4
-28.10565 -14.9002 47.018848 4
-18.165213 30.36035 -125.15353 1
-12.619062 4.0693002 -2.3331499 4
66.4935 -34.262802 -0.68489999 0
-36.097778 36.150593 -93.971367 1
-63.485149 0.1534 155.21335 4
-41.008438 36.710415 -91.968292 1
-38.48835 -13.2058 101.29825 4
37.357399 -10.0658 -1.96945 0
-3.73175 6.3481002 -40.579948 0
-48.175343 -12.430844 124.65918 4
-5.3812499 2.6649001 25.692551 2
13.952779 -8.2096167 -12.390096 0
-55.105652 -11.70055 137.50241 4
12.809784 6.9661832 -23.836996 0
-51.116486 -12.745313 130.04863 4
-15.152287 -3.405129 11.354163 4
-8.2448721 -2.798739 23.837807 2
-3.3165331 0.094149999 32.184597 2
-20.439316 38.647381 -165.0809 3
-50.80965 -17.452499 94.003754 4
-59.729752 -7.9061999 145.97115 4
-37.28125 -11.9444 98.684753 4
47.394798 -19.277149 2.951175 0
-3.3928709 -6.796978 40.333832 2
63.669449 -32.38615 0.38029999 0
-19.6681 28.91 -122.75925 1
-13.612066 3.8643329 -0.054866999 4
3.4636419 -13.809344 64.663376 2
59.564865 -39.518166 -1.616033 0
-5.212688 7.6087689 -43.070538 0
-19.277925 -9.3575001 26.261999 4
-7.5152502 9.9727001 -48.0667 0
-29.33275 -15.836926 59.120377 4
-2.68415 16.01585 -43.510551 0
-31.131161 -1.371835 72.747864 4
-35.698952 27.1374 -109.19736 1
-66.926689 2.669467 159.03178 4
1.99385 -8.0354996 49.777451 2
-10.34515 -1.2321 16.60915 2
-68.28405 -0.47240001 157.44514 4
-19.05055 28.3659 -110.06655 3
-16.435699 11.25385 11.32725 4
-60.100651 -13.365101 120.06808 4
-53.624683 -11.844028 134.80219 4
19.984308 -11.244936 -6.205071 0
62.363548 -40.527302 -2.3192501 0
-61.971352 -1.4941 153.04755 4
-43.92215 -18.601 82.134453 4
70.623451 -36.998749 -4.2326002 0
-57.003349 -11.1519 140.21895 4
35.255451 -26.1348 0.039349999 0
-61.35881 -2.8102 151.67581 4
-51.88715 -16.841999 96.188293 4
4.2746 -14.81195 67.695404 2
-8.6189499 10.8182 -50.08165 0
-33.31155 -17.782 66.565453 4
11.387462 7.8932862 -26.155762 0
-23.93775 26.694201 -114.94005 1
-0.065949999 14.1216 -39.046749 0
53.68745 -37.091949 -1.26545 0
-22.721298 -11.86375 34.87645 4
-20.801849 -10.6478 30.44565 4
-31.994675 -5.9423752 84.122101 4
66.112503 -39.997353 -4.3877501 0
-38.22575 28.1427 -107.65165 1
68.76545 -35.664902 -2.3368499 0
56.703175 -38.575928 -1.1506751 0
-29.190449 1.05835 64.025246 4
17.969551 -10.23805 -7.6208501 0
-28.25845 1.4117 61.83075 4
-44.20145 -14.5483 114.81585 4
-53.313648 -17.061701 100.03975 4
38.103352 -11.0205 -0.90915 0
-31.68915 36.814602 -97.44455 1
-27.04295 37.3479 -104.10005 1
-68.352753 1.4881999 160.53955 4
-19.98885 27.847 -117.83645 1
-17.83235 -7.0088248 20.877501 4
-6.772037 3.426837 23.27272 2
-31.315849 -4.5969501 81.571152 4
-1.9614331 4.7505689 -35.765942 0
4.640883 -2.3548369 -26.381863 0
-8.5692501 21.126101 -56.734051 0
-40.59375 -14.5357 106.04495 4
-67.875198 -1.1123 156.30295 4
6.1276751 10.637976 -30.850651 0
1.957292 -7.3989511 47.634743 2
30.74638 -4.4123878 -9.7512236 0
-13.55945 8.7630997 0.63555002 4
45.047134 -17.374084 2.0505829 0
-0.38654399 3.386658 -33.652363 0
-6.3498502 -4.5900002 31.033649 2
64.907753 -40.800301 -3.67555 0
3.5990751 -0.71275002 -28.19495 0
-19.088684 9.3114004 23.367918 4
-4.6058311 -5.4706511 35.292675 2
-13.69175 12.14245 -0.57239997 4
1.73395 -12.4278 58.632549 2
-66.503983 -2.234036 154.18407 4
-18.740849 10.06145 20.874401 4
-22.047449 36.275902 -110.63975 1
0.76193601 1.703753 -31.639465 0
-12.639925 8.6102257 3.315625 4
-11.88975 14.6818 -59.575649 0
-20.67985 3.0450001 43.025349 4
-21.48905 2.7623999 45.44445 4
-11.39075 24.6633 -66.734451 3
61.10675 -30.655399 1.82625 0
-0.61675 -9.6639996 51.17775 2
-18.21015 31.434299 -120.42205 3
-18.748449 41.0807 -165.17226 3
-13.88225 12.003 1.14935 4
24.445549 -0.1881 -12.1203 0
5.1066999 -13.50935 65.611626 2
-12.65435 1.155 7.7814498 4
-18.95945 -8.9013996 25.09795 4
-7.7407999 4.5230498 20.912201 2
-23.637217 36.964993 -108.9818 1
-52.903549 -17.2213 98.84095 4
22.425262 -14.595387 -4.0176282 0
4.358285 11.556206 -32.927834 0
-62.9165 -11.3351 129.68796 4
8.8359671 -5.6334 -19.910059 0
-4.3747501 -6.1490502 37.911499 2
-1.26995 -9.1914005 48.7836 2
-14.39085 11.7748 3.6250501 4
-19.465742 7.677382 27.494349 4
-29.96385 36.9039 -99.409752 1
-21.690651 26.848049 -116.42885 1
-22.591187 2.3957081 47.88002 4
35.4655 -8.3605843 -3.9069171 0
1.14555 -11.41795 56.339783 2
43.079449 -15.1586 1.7068501 0
-38.622349 36.215401 -92.827347 1
-28.022476 36.994904 -102.24658 1
11.207613 -7.008883 -16.266468 0
-0.7252 -2.8692 38.25975 2
-48.483849 35.6078 -96.108551 1
-17.235975 11.020488 13.987461 4
-30.8911 36.905998 -98.490952 1
-13.600451 -1.96925 7.2859502 4
-19.406851 4.1954999 36.587952 4
-18.889338 8.8642225 24.819895 4
19.0947 2.4117 -14.7289 0
-16.721451 -6.4369998 18.497501 4
-2.853375 5.6385498 -38.177963 0
-47.844551 35.101002 -98.400047 1
-10.52755 -0.79280001 15.50265 2
-66.520348 -4.4238 149.71695 4
-31.135208 -2.2848079 75.228622 4
-20.564251 35.6777 -112.71695 1
-28.983299 -15.41445 54.43005 4
-13.75265 24.6264 -68.64415 3
9.5226994 9.0564985 -28.097651 0
2.6390121 11.895163 -35.002125 0
-8.8602505 22.1229 -59.682949 0
-62.3727 -11.8425 127.59607 4
-16.377008 11.240187 10.123431 4
-2.2397139 -7.3933382 42.652573 2
7.6431079 -4.9780502 -21.644434 0
-6.6216502 8.7477999 -45.701752 0
-44.708603 -18.49575 83.241806 4
-41.218151 -14.929 107.03305 4
-18.500151 36.022701 -119.34295 1
40.92075 -13.97165 1.27665 0
-12.0662 15.904325 -61.716599 0
-29.149349 -15.39785 56.6157 4
-5.0955 18.17 -49.624352 0
-58.29705 -15.4573 113.56975 4
-61.438148 -12.4306 125.52585 4
-45.566849 36.590199 -94.634148 1
-39.542801 -13.705 103.9225 4
-13.66445 2.8594 3.0924499 4
-0.061749998 -10.163333 52.306915 2
-18.378485 37.424667 -164.62633 3
-9.2951498 22.506901 -61.109249 0
-19.723116 3.6441 39.038982 4
-48.45295 -17.964199 89.155548 4
29.636679 -21.622675 -0.90923101 0
-14.8813 19.116199 -62.658897 3
15.665825 -9.1020412 -10.009083 0
31.053217 -23.244217 -0.40830001 0
-66.565353 -3.66785 152.1442 4
-20.5807 29.144051 -119.8625 1
-1.546883 14.883599 -41.037479 0
-28.133949 -14.8775 45.879452 4
-46.717598 34.0886 -100.34325 1
-28.789049 -15.0177 50.359852 4
-26.37405 2.0473001 58.092152 4
-16.55175 36.987598 -164.49174 3
70.093353 -37.800201 -5.0322499 0
-41.93832 30.932867 -105.44651 1
-11.0584 -0.34224999 13.1521 2
-8.6022015 -2.5832331 22.629282 2
-11.513583 -0.0128 11.718816 2
-9.6528997 -1.9259 19.901051 2
-28.028011 25.966677 -112.6609 1
-70.112 3.5808499 163.3316 4
1.0321831 13.042573 -36.776417 0
-45.515148 33.344368 -102.08915 1
-25.757801 -13.003662 40.001076 4
-18.017349 10.8941 16.121349 4
-57.612049 -15.322201 111.62785 4
-9.8326998 6.5637999 13.527374 2
-2.5592 -0.93190002 34.50605 2
26.525476 -19.343445 -1.7172329 0
-4.6861248 1.424813 28.014614 2
2.8369629 -9.0752287 52.00042 2
-7.5868502 -3.5926499 26.653126 2
-64.348846 0.78661799 156.10123 4
39.508751 -12.7624 0.84815001 0
53.05785 -23.989599 3.2190499 0
32.869701 -24.929401 0.052450001 0
49.612476 -35.552872 0.15387499 0
-41.913601 -18.679699 79.288895 4
-35.264137 -10.1286 92.878952 4
-56.023529 -15.687375 107.83773 4
-32.380928 -7.2932501 86.330154 4
26.449501 -1.263 -11.46365 0
-54.137547 -16.14851 102.15981 4
-51.43045 -17.4575 95.41555 4
-68.200104 1.01855 159.52423 4
-26.970083 1.5949 59.617687 4
-10.878145 14.139872 -57.369781 0
-24.166401 2.3495581 52.003387 4
-5.8503499 -4.9766002 32.700451 2
-58.53035 -9.0725002 143.7543 4
-28.25005 -15.0324 48.18475 4
25.320259 -17.844152 -2.4909439 0
-10.50355 13.1766 -55.486351 0
-13.965878 -1.12121 5.2185311 4
-59.585186 -14.202091 117.74377 4
3.1299751 -9.7069502 53.636177 2
-36.440369 -11.295317 96.153824 4
7.943975 9.3786507 -29.661625 0
52.983349 -35.962399 -1.15885 0
-31.19495 -3.8587 79.248352 4
48.449299 -19.552099 2.9217501 0
-64.318542 -9.4226503 135.83464 4
4.0163999 -11.901501 61.787701 2
-15.52555 11.5171 7.82095 4
-55.56955 -16.385418 105.88667 4
42.839951 -31.996468 -0.186433 0
-10.51345 23.714899 -63.919449 0
-47.161449 -18.3386 87.214752 4
-15.08015 11.8091 5.1264501 4
-45.333351 37.067352 -93.7276 1
-59.693516 -6.3089328 147.97011 4
44.829952 -32.741951 -0.35635 0
-20.100893 3.333318 40.599274 4
-44.828331 -13.996266 117.10217 4
-45.39555 -13.5551 119.20085 4
-30.933949 -0.3673 70.201447 4
0.469574 -10.916539 54.290607 2
-11.519951 0.469017 9.7020836 2
-65.56205 -7.1938 142.19275 4
0.19730601 -4.654089 42.153584 2
3.34005 -9.9169006 55.899948 2
-40.38015 29.312649 -106.55705 1
-43.571125 32.00375 -104.43022 1
-34.876789 -17.827291 68.779388 4
-13.84465 16.827999 -67.096947 0
-19.1462 35.653351 -117.2378 1
55.927452 -37.746101 -1.4453501 0
2.2021749 -7.8773131 48.751862 2
-31.260683 -16.678333 63.170979 4
-49.391289 -12.589126 127.06009 4
-8.9277496 6.0563998 16.48045 2
-70.63485 4.8007998 164.35545 4
-10.51725 7.0255332 11.432017 2
-54.97905 -16.628901 103.91525 4
-25.49235 2.2697999 55.84285 4
-40.61105 -18.324699 77.322746 4
28.32613 -20.214714 -1.593025 0
-3.87695 1.0489 29.97295 2
5.82725 -15.5788 70.588753 2
-11.28831 15.452516 -29.289061 2
-26.786762 -13.575325 41.930496 4
-9.488081 12.789413 -53.863258 0
56.377647 -26.610733 2.612783 0
-11.240359 24.17658 -65.860023 3
-6.0774579 18.753811 -51.451508 0
-30.0986 -16.230251 61.51355 4
-1.5056 -8.8834 47.8536 2
-11.095075 15.05715 -25.66095 2
1.72585 0.3152 -29.965151 0
-29.62145 0.94309998 64.924149 4
-30.600849 0.34130001 67.91935 4
-8.877883 12.108768 -52.305187 0
-65.64325 -4.8025999 149.20715 4
-43.359749 37.40815 -91.519951 1
-0.180379 -4.0370989 40.353443 2
-59.08025 -14.866 115.74805 4
-33.765533 -17.256157 67.334351 4
-61.897148 -2.3454499 152.52618 4
-4.2535672 16.971458 -47.909203 0
-9.8761997 23.335674 -62.888977 0
32.831848 -5.7701001 -8.0524502 0
22.034359 0.92714602 -12.936913 0
-19.32375 5.947825 32.588348 4
-2.0466499 -1.7702 36.46405 2
-59.123001 -7.6055999 145.25975 4
-64.196274 -8.8881245 137.96962 4
28.980324 -2.953963 -10.8778 0
-8.1087503 10.306 -48.961048 0
-18.141209 32.441704 -120.70869 3
-28.834749 -15.4787 52.499249 4
1.02455 -5.5737 43.684952 2
-8.7774658 20.817383 -57.757187 0
-60.890949 -13.0698 123.84745 4
10.792524 8.146575 -26.910976 0
-18.192101 10.44845 18.456425 4
-19.920376 29.129225 -121.84647 1
-13.96295 -2.6147001 8.8667498 4
-3.6155119 16.86335 -45.795872 0
-9.4766998 6.5517001 14.4271 2
-3.8675921 7.1312499 -41.128441 0
-65.740997 -4.3242502 150.27795 4
-34.837051 26.964001 -109.65324 1
-20.089291 -9.6047745 28.384174 4
-6.9839172 19.620827 -52.902679 0
-8.0873337 5.12885 18.406666 2
62.947552 -40.103298 -3.03215 0
-29.590851 36.908699 -100.29395 1
65.65065 -33.716499 -0.57910001 0
-51.691925 -12.190575 130.63547 4
21.009649 1.665 -13.85115 0
-1.88455 -8.5808001 46.07415 2
-2.257725 -8.1129999 44.856899 2
18.679976 2.8433499 -15.608725 0
-15.351984 -4.3079128 13.587536 4
10.000549 -6.3378921 -18.036375 0
-13.29495 16.245001 -65.126152 0
12.371989 -7.6681271 -14.342561 0
-33.194134 -16.944506 66.138268 4
-29.595074 -15.804688 60.153976 4
-28.73395 1.2751 63.161251 4
-68.095047 3.7063501 160.77945 4
-36.75135 -17.997801 72.088051 4
-17.9296 36.175949 -121.8979 1
-11.54505 15.4092 -27.534849 2
-43.025726 -15.0789 110.81975 4
-38.148979 -18.350048 73.675476 4
-41.499149 37.419052 -91.5485 1
-23.216549 2.5049 50.230026 4
-18.14855 28.546499 -110.80395 3
-68.682648 2.4287 161.76775 4
-69.015747 1.242 159.92245 4
-31.581688 26.252251 -111.12202 1
16.3885 -8.9856501 -9.4337502 0
-16.119757 -5.6580062 16.638288 4
-0.43505001 4.1144252 -34.253101 0
15.736234 -8.6125946 -10.969445 0
-13.05695 3.8443 -1.54575 4
4.7231631 -15.21 69.150322 2
19.024775 -10.330179 -7.6245332 0
3.79615 -10.7193 58.53915 2
-60.279148 -6.0239 148.66545 4
-31.835957 -5.359179 81.620544 4
-47.156754 -12.660749 122.4753 4
57.89925 -28.0592 2.1027501 0
40.272449 -13.3178 1.21075 0
-64.921951 -7.0030999 143.12105 4
-60.129349 -4.7205 149.82225 4
-54.121849 -12.2946 135.48395 4
-48.752548 -17.245487 89.917191 4
-33.479351 -8.6187 89.821953 4
-39.166851 -18.7384 75.282547 4
-2.1298561 15.134038 -42.985939 0
-17.227449 36.132401 -123.13635 1
-39.993267 36.430882 -92.316628 1
48.443386 -34.987335 0.115113 0
17.14155 3.6433001 -16.741501 0
-6.8730502 9.7981501 -47.412987 0
-43.699348 -15.032 112.65805 4
-56.499149 -15.7509 109.72845 4
66.852348 -41.138699 -4.5274501 0
-3.8543 13.14175 -50.85675 0
-12.753099 16.151199 -63.36005 0
-31.119249 -2.9412999 77.265648 4
-15.807249 -4.8588748 15.13815 4
3.8425 -11.3176 59.851166 2
-38.6535 -13.239599 102.1864 4
34.06245 -6.6891999 -6.5481501 0
-5.3134499 1.908 26.1898 2
-31.95845 -16.8466 64.819153 4
-63.808304 -10.12955 133.67331 4
51.605148 -22.372551 3.2044499 0
-25.888483 26.115999 -113.63818 1
-62.891449 -1.201775 153.30594 4
37.383717 -10.802867 -1.428017 0
-69.906151 2.8900001 162.44244 4
15.11487 5.2102551 -19.663069 0
-19.055424 8.6467505 25.676136 4
4.9697499 -14.1136 67.764748 2
-25.077621 1.970157 53.85553 4
-46.425625 -13.024426 120.75125 4
17.37805 -9.7053003 -8.0345497 0
-57.935951 -10.0358 142.21075 4
-60.416187 -13.336124 122.19627 4
-20.579399 27.385151 -117.35405 1
-36.687149 36.688103 -93.574097 1
-10.6194 7.2883501 10.3627 2
-57.294998 -10.1082 140.87006 4
-19.391983 29.550526 -123.44778 1
45.899498 -17.317402 2.2909999 0
-69.940918 4.7199001 163.69029 4
-19.11385 7.0198998 29.927549 4
4.5364499 -14.527525 66.897049 2
-65.459396 2.1575749 157.16612 4
-15.4923 20.288399 -67.278748 3
-23.937351 -12.2033 37.016998 4
-7.0300002 -4.0310001 28.507851 2
-64.819595 -7.4573998 141.78024 4
-19.287149 7.0893002 31.04735 4
-35.420849 -10.8602 94.433548 4
-29.716566 0.196733 65.54834 4
24.787884 -1.030663 -11.934209 0
-20.889151 -10.1577 31.16835 4
-49.841148 -17.603399 91.76535 4
-22.178917 31.022558 -117.84528 1
1.6544501 12.3908 -36.449097 0
-47.404049 36.790901 -94.956352 1
68.738098 -36.088799 -3.2362499 0
-4.4245248 -6.0405841 37.030281 2
-30.274551 0.30446699 67.074516 4
-62.243549 -11.7991 129.38525 4
-13.3428 0.29464999 1.6229 4
-30.297001 -0.3125 68.473053 4
23.090651 -14.7998 -3.46155 0
-35.345348 36.491001 -94.253349 1
-38.223446 -12.844643 100.55488 4
64.402527 -32.842773 0.30254999 0
34.415283 -26.202204 0.238906 0
-66.106354 -5.7923999 146.37265 4
-11.41945 14.2989 -19.272249 2
36.7542 -9.7549 -2.53105 0
-7.6572499 4.8305001 19.999849 2
-3.6602001 0.089050002 31.39185 2
-12.079583 8.2678671 5.4229841 2
-30.89045 -1.1241 70.615349 4
6.2459869 -3.1572371 -24.653151 0
-36.651951 -12.3978 98.311951 4
29.841806 -4.4464612 -10.024487 0
-13.020908 24.745533 -68.210403 3
66.691452 -34.892502 -1.83425 0
-70.82753 4.1108751 165.03575 4
-51.06369 -16.921539 94.62365 4
-14.1001 17.120649 -67.983704 0
15.91835 4.8104 -19.017349 0
-37.924 37.054649 -92.913254 1
46.380402 -34.189423 0.011275 0
-65.002991 -7.9106059 139.91046 4
-30.96125 -1.1677001 73.559052 4
34.492599 -7.4461498 -5.3329501 0
-37.418648 28.039299 -107.893 1
-22.0207 -10.893101 32.9044 4
-66.118744 -5.6002002 147.20335 4
-14.44705 17.956249 -69.278549 0
4.6178451 -14.001015 66.09259 2
6.9924002 -4.0748501 -23.26605 0
-19.492849 35.499996 -115.33321 1
-11.901649 8.5770836 3.845083 4
-28.634953 36.405632 -101.89645 1
-11.23775 14.4941 -21.228451 2
-1.0502501 -2.9744999 39.026749 2
-3.122694 -6.4676309 39.196335 2
2.826925 -12.608412 60.375633 2
-27.49095 -14.4101 43.537849 4
2.660295 -13.191565 61.906059 2
-8.5441418 11.210667 -50.817066 0
2.86145 -0.97180003 -28.493549 0
61.629852 -30.962025 1.251325 0
-63.182449 -0.1459 154.45206 4
-0.048950002 13.849539 -38.258389 0
-32.149151 -5.5696998 83.307152 4
50.398552 -21.693451 3.5711999 0
-11.66505 15.3277 -60.13715 0
-29.50235 -15.9068 58.139252 4
-69.190651 4.5948 162.14815 4
19.092838 -10.952524 -6.6743999 0
60.201485 -30.0949 1.370883 0
5.4869752 -15.310875 69.487549 2
-35.821236 -18.170591 70.296364 4
-1.1171499 4.6961999 -35.433498 0
-16.521099 38.7761 -165.08804 3
-56.58585 -11.1992 139.41444 4
-31.663904 -4.9988909 80.845688 4
-7.9748502 20.8074 -56.033951 0
-17.48605 -7.3559999 20.213051 4
20.96217 -12.9086 -4.8425698 0
-44.254711 32.838158 -103.52188 1
-9.1574764 -1.998795 20.555683 2
-3.3508501 -0.12615 32.97715 2
-60.091385 -13.60985 120.85385 4
-19.616375 -9.3138008 27.217575 4
-44.627151 36.7883 -93.326347 1
-37.131851 -12.6347 99.18515 4
-33.265381 26.372976 -110.20515 1
40.138298 -30.344532 -0.459075 0
23.665314 -0.159375 -12.372388 0
-54.674549 -11.856 136.80835 4
-3.322 6.5453 -39.793625 0
-4.6680002 -5.7749252 36.115746 2
-67.258347 -2.3160999 154.48805 4
-7.2599502 20.1276 -54.290051 0
2.1919501 -11.9739 58.030048 2
69.589828 -36.685299 -3.9744251 0
-32.98505 -7.7231998 88.107353 4
-2.871917 6.2052922 -38.868713 0
-26.6604 1.928383 58.845451 4
-6.1716752 3.0799 23.795475 2
21.90395 -13.1236 -4.4249501 0
1.625183 1.922846 -31.350124 0
-17.499414 10.613634 13.334166 4
-13.69615 3.4547999 0.64284998 4
20.505007 -11.79977 -5.9129648 0
-14.167525 12.099625 0.39559999 4
-18.363623 10.350989 16.666212 4
-5.6990499 2.9734001 24.98205 2
-60.273151 -4.2586002 150.50224 4
-22.613718 2.2135949 46.972168 4
5.5866828 10.477833 -31.676849 0
-12.97785 8.5997 2.47525 4
-45.928352 -18.380299 84.801254 4
-33.979149 36.456402 -95.302254 1
-22.592564 -11.307463 34.306374 4
28.295485 -2.5404661 -10.973517 0
-16.88575 40.401276 -165.07648 3
-66.620979 2.414217 158.33195 4
-25.71645 37.346401 -105.79325 1
-20.0065 37.973751 -165.1465 3
-64.017845 -8.8412094 136.38834 4
-33.924698 -9.6072502 91.433502 4
-70.867554 4.0011001 164.09915 4
-41.880737 -14.575222 107.58575 4
-6.07165 -4.8765001 31.723949 2
-32.206306 -6.431869 84.720108 4
-19.226049 8.8924503 24.073601 4
48.881882 -20.584501 3.226917 0
-63.490852 -10.6157 131.93375 4
-50.671982 -12.481101 129.44446 4
-24.869749 -13.008 38.365952 4
-15.39072 -3.6767099 12.17537 4
-13.711349 4.2685499 -0.73040003 4
-66.879967 -1.374017 155.67136 4
-19.890999 3.5191 39.857201 4
-13.18265 -0.57950002 2.98915 4
-6.1686001 8.516387 -45.094475 0
-38.828686 28.659124 -107.25513 1
38.661049 -29.3403 -0.83964998 0
-22.140112 35.791077 -111.34604 1
44.371147 -17.0998 1.7431999 0
-60.088715 -13.960517 119.54743 4
4.8210502 -12.8302 63.242451 2
-39.582352 -18.642799 75.948151 4
-48.09 35.958851 -95.327751 1
-17.414474 37.448723 -164.3694 3
48.097649 -34.274799 -0.039549999 0
-7.6951189 -2.9027081 24.393089 2
14.4296 -8.5450897 -11.772238 0
-39.603523 -13.518725 103.0909 4
-11.38065 14.3804 -59.000252 0
58.80405 -39.377899 -1.48195 0
11.837354 -7.1248002 -15.743095 0
14.29745 5.8449001 -21.03735 0
32.721851 -24.35 -0.66305 0
-1.8944499 -7.5875578 43.328842 2
-19.334084 -8.7001991 25.839651 4
65.530823 -40.397728 -4.0503998 0
16.526451 4.0577998 -17.5422 0
-36.261749 -11.4365 96.977654 4
2.4790001 -8.4492254 50.225327 2
-19.63665 40.863201 -165.07056 3
-43.729156 37.03334 -92.203598 1
-60.049049 -7.3589001 146.74675 4
-27.379183 37.125431 -103.20481 1
-18.343849 -8.3098001 23.197651 4
40.962997 -30.932098 -0.48214999 0
-10.984651 7.6609249 8.903059 2
-5.3499498 -5.1197 33.387283 2
-13.34335 0.58055001 0.90130001 4
2.91415 12.048034 -34.292683 0
-16.734449 10.9632 12.01675 4
-19.136049 5.4624 33.999748 4
-29.095051 -16.0637 57.007751 4
-14.9059 11.860849 4.1971502 4
-49.105824 -12.2429 125.64347 4
54.99025 -25.094299 2.95155 0
-19.652201 35.38155 -114.58725 1
43.671444 -15.771641 1.628242 0
-50.488998 -17.07375 93.412643 4
-20.832523 -9.8714256 30.363575 4
-64.016891 -8.5377827 137.13904 4
-64.440849 -8.5263004 139.50095 4
13.42455 6.9000001 -23.339149 0
-19.08375 7.911396 28.119308 4
-23.24057 -11.818398 35.858711 4
5.4191499 -2.5974 -25.78755 0
-42.383148 -18.660299 79.894348 4
-26.022751 -13.8442 40.371849 4
-14.821753 -3.2238281 10.687823 4
-44.244549 -14.7369 115.55795 4
4.6830502 -1.728925 -26.831749 0
-26.88855 36.662701 -104.46912 1
-53.326782 -16.381666 100.53526 4
-17.682249 36.763 -164.64655 3
-22.73835 35.956882 -110.65048 1
-40.3274 29.8552 -105.8647 1
-19.384499 5.2468882 34.941536 4
-33.379452 36.479851 -95.768845 1
-55.85672 -11.618633 138.13098 4
33.550003 -24.902401 -0.2836 0
36.87085 -28.018625 -0.221 0
-49.870701 -12.747225 127.72879 4
51.520851 -36.301601 -0.35905001 0
-11.54015 14.793075 -22.822025 2
-54.831051 -16.110399 103.38135 4
-2.848433 16.079124 -44.245934 0
-41.20647 30.779617 -105.36141 1
3.3158829 -13.523133 63.67625 2
8.3013611 -4.6177559 -21.613806 0
-58.473984 -14.872434 114.07589 4
-61.354527 -3.21351 151.04314 4
-41.941448 -14.9884 108.93835 4
38.2276 -11.825024 -0.4052 0
-65.849449 -6.4144001 144.50635 4
-28.513 1.07005 62.445148 4
-22.253651 27.367201 -116.51795 1
1.3756059 -6.3054018 45.383835 2
-17.597189 -7.2028251 21.579746 4
3.461 -10.2662 56.54995 2
-19.974836 3.8037381 37.375607 4
-17.877899 -8.0040503 22.7066 4
-20.43012 39.627026 -165.08971 3
-11.818725 7.9128499 6.7934251 2
-23.384384 26.87355 -115.43677 1
4.504283 -15.1141 68.329887 2
-52.386101 -12.31445 133.08415 4
-1.30255 -2.309 36.74485 2
-51.825974 -16.886499 96.929977 4
-20.789249 3.0636001 42.22905 4
5.443325 -15.560775 71.218201 2
-15.10085 11.605949 6.0292501 4
32.38105 -5.4310999 -8.52705 0
-7.0543499 3.9809999 22.72085 2
-14.71031 11.705339 2.8595901 4
-24.94915 37.260601 -107.29995 1
-46.378616 -17.882725 85.585464 4
-11.725483 15.7301 -61.081951 0
-28.76425 -14.7501 48.626049 4
9.3659763 -5.6697121 -19.403662 0
35.38385 -26.8533 0.10815 0
-57.401176 -9.9678993 141.63452 4
-36.445801 27.22365 -108.74875 1
12.40775 7.5218 -24.44285 0
-17.079248 -5.9056001 17.920782 4
-53.349613 -12.3033 134.30348 4
-46.675415 34.616924 -99.839378 1
36.230251 -8.7112999 -3.66255 0
-10.09885 -1.5762 17.83515 2
-13.618338 3.2590499 2.1443369 4
-3.8046801 -6.2876549 38.352161 2
-45.503277 -13.723 117.44722 4
23.36055 -16.252001 -3.15045 0
-18.548401 29.809151 -124.87289 1
-13.87595 16.99 -66.112053 3
-47.89875 -12.1143 123.70045 4
-10.327381 13.670461 -55.988197 0
-7.4990501 19.7355 -54.849098 0
42.567848 -31.4653 -0.59495002 0
-51.973541 -12.406438 132.17598 4
-28.5737 -14.63895 47.671898 4
-59.158569 -7.9799891 144.6424 4
-62.853882 -10.886767 131.70679 4
-10.09095 7.2523999 12.00295 2
-7.7704501 -3.1921 26.08165 2
31.34495 -4.7212 -9.4922504 0
13.937675 6.329175 -21.826075 0
-56.773651 -10.5549 140.55244 4
-8.6592283 5.864922 15.66015 2
-48.96965 36.097301 -95.42865 1
28.905149 -21.60025 -0.59759998 0
-18.565201 36.055298 -120.0859 1
-30.902424 -0.85930002 72.1278 4
60.230598 -39.771751 -1.7035 0
3.3394499 -10.7152 59.133549 2
2.531533 -12.871479 60.992027 2
-4.8155499 1.6636 28.67795 2
-67.113251 3.0504251 159.60846 4
-1.92825 -1.2666 34.472752 2
-11.09845 -0.14295 12.286163 2
-21.220209 2.6742859 43.310017 4
-68.952454 2.214 160.73785 4
4.9621501 11.5153 -32.552147 0
-37.038635 -11.90811 97.969109 4
-47.502693 -17.666252 87.6306 4
-69.484695 3.40165 163.6156 4
0.94408298 -11.416118 55.617718 2
-62.185501 -1.711 152.38669 4
-52.668144 -16.642895 98.502441 4
2.941143 -10.142782 55.357849 2
53.6012 -24.601242 3.0922 0
-66.090797 -4.7367001 148.66196 4
-70.343849 4.7712998 165.00044 4
-21.211498 31.584148 -119.48344 1
-21.181175 27.089375 -116.85327 1
-41.530373 -17.906624 78.983948 4
-49.493149 -17.7384 91.168152 4
59.348053 -29.162201 2.3087001 0
-4.7037611 7.4552889 -42.442467 0
-18.523451 41.528801 -164.68056 3
-27.709015 1.4070669 61.393398 4
63.276451 -32.170898 0.93965 0
13.37595 -8.191 -12.78855 0
-3.1776619 -6.95965 40.981071 2
-67.080002 -1.0827 156.27649 4
45.73455 -32.9585 -0.16285001 0
-24.458176 26.36615 -114.60851 1
4.5356669 -12.842684 63.9328 2
70.660751 -37.476799 -4.7842498 0
