# .PCD v0.7 - Point Cloud Data file format
VERSION 0.7
FIELDS x y z label
SIZE 4 4 4 4
TYPE F F F U
COUNT 1 1 1 1
WIDTH 1235
HEIGHT 1
VIEWPOINT 0 0 0 1 0 0 0
POINTS 1235
DATA ascii
1.85525 66.9692 -167.25101 1
98.129448 36.710964 8.1263657 2
0.63464999 22.9284 54.832699 0
-103.58319 -67.005669 166.9373 4
15.762912 20.381374 121.92497 0
37.002651 32.3857 -4.3975 2
-17.77965 43.630001 -113.0198 3
-20.19385 -27.717699 75.968803 4
-74.140953 -65.805 143.6154 4
10.5797 19.587666 87.78508 0
64.958176 42.065556 12.008043 2
-39.455925 -25.01347 101.32961 4
24.79985 45.2327 -22.6581 2
-24.89695 -5.3207998 71.823898 4
-36.699074 -46.049187 105.73078 4
14.76805 35.923405 -39.320671 2
-58.566452 -52.333599 140.83763 4
-28.81855 47.935902 -96.286102 3
-85.26915 -62.386902 160.01669 4
-30.853249 -15.1255 87.31855 4
79.913322 30.325245 9.6209812 2
-24.76125 -34.311512 93.402061 4
52.5182 29.263901 5.85255 2
-12.24105 -16.5804 63.058399 4
8.9031096 18.40461 69.925804 0
13.060008 22.41465 104.82583 0
48.088486 45.309265 -0.88993299 2
-4.50525 0.0539 41.0396 4
-41.573612 -33.426041 115.3417 4
-57.312763 -59.710991 126.24025 4
-0.39791 11.008608 19.079796 4
-18.56905 8.8240004 43.523701 4
7.9510689 17.894882 42.486763 0
-10.7633 56.902599 -109.36964 3
29.275284 31.741766 -17.319033 2
-12.505975 19.448551 20.116611 4
32.280445 44.307465 -10.757767 2
66.255356 28.63142 7.6966619 2
21.126949 33.720619 -28.012432 2
-23.839649 0.36770001 60.033401 4
-45.383549 -52.6077 113.0277 4
-9.6411057 27.064188 0.18306699 4
86.915176 40.502708 12.756359 2
-65.590652 -63.370724 134.85725 4
-2.2066751 22.641951 37.019348 0
-17.519415 51.628681 -100.36509 3
-66.195053 -57.718399 148.26759 4
2.231775 17.728561 3.7401249 4
16.970848 44.277687 -31.250088 2
-28.188423 45.216473 -107.51395 3
-8.6456003 -9.9298754 54.429848 4
-75.078651 -62.379452 154.47815 4
-6.7330499 45.749901 -116.5048 3
-2.1717999 7.5028501 29.294399 4
-50.867588 -49.649475 133.35487 4
-6.5055499 33.069401 -14.9745 4
6.527915 23.883984 78.817711 0
-3.9023869 22.611807 25.411224 0
3.92065 24.1712 -13.3661 4
4.3894248 46.947876 -58.070251 2
8.4923496 17.792 59.650501 0
-94.535118 -66.308868 162.11967 4
11.318175 44.90406 -41.842422 2
-21.709211 3.7300141 51.161484 4
2.6114249 23.1861 64.799622 0
-11.267651 23.28915 10.9112 4
-82.872803 -66.511353 152.23129 4
12.428909 23.232721 95.86377 0
88.591377 32.398624 9.5382252 2
-15.244338 12.767481 36.118568 4
-43.809189 -39.059303 121.97173 4
13.9398 20.466949 113.2695 0
-4.597044 35.524948 -22.869238 4
-12.838751 16.273251 27.809151 4
-40.418053 -28.606049 108.73905 4
-26.62525 -10.71955 81.054947 4
-7.96205 29.892599 -7.2428999 4
6.611517 39.295517 -57.588165 2
-4.7259498 56.575127 -114.73009 3
-21.747702 -30.496918 83.021034 4
-31.72345 -42.1847 101.6475 4
4.4280658 23.744583 71.796005 0
-32.752048 45.229401 -101.6522 3
2.2460771 20.140636 11.589914 0
6.5451999 17.263449 32.449848 0
59.277393 28.791351 7.4385262 2
93.438148 41.416302 10.6114 2
73.103378 29.3643 8.9536257 2
-27.994049 -37.9291 98.056702 4
103.49565 39.4884 5.23175 2
5.02425 40.132702 -64.6054 2
-4.3360052 23.339943 18.809921 0
-1.180439 40.433884 -41.824459 4
9.2400637 18.785255 76.146606 0
41.351051 32.683201 0.37290001 2
46.603649 30.3456 3.1517 2
-2.5223131 49.37709 -119.17761 3
-61.3368 -61.649773 130.39157 4
5.1592002 17.8027 24.094101 0
6.4020128 45.745987 -51.941589 2
-47.623718 -45.770386 129.09677 4
-13.75725 54.300751 -104.30105 3
-89.544006 -66.415581 158.91663 4
10.041938 19.994062 81.865585 0
-62.465599 -54.760208 144.54436 4
59.335312 42.255032 10.033137 2
25.91045 32.382999 -22.472099 2
28.814487 44.709736 -15.315237 2
-37.875626 -22.10465 96.577972 4
-33.720268 -17.673027 91.427681 4
9.2324543 44.995102 -47.118832 2
70.332863 41.226471 13.283701 2
-3.3612499 27.1728 -8.6660986 4
-99.446953 -64.412903 164.3526 4
8.4234505 24.253201 84.983498 0
31.89325 31.5641 -12.4977 2
-14.32565 -20.3022 66.471603 4
0.34990001 53.0732 -125.9409 3
-23.547325 49.388748 -96.684494 3
10.48295 24.0431 90.857903 0
-18.29825 -24.991482 71.562241 4
36.432777 44.592201 -7.30585 2
-0.83595002 59.326401 -124.4848 1
11.706766 19.822876 99.932022 0
-4.7117381 23.710949 11.650925 0
8.4026499 38.326698 -52.594898 2
43.379349 45.282299 -4.2378998 2
-45.39595 -42.815453 125.45039 4
81.74128 40.741657 13.457916 2
-90.779709 -62.363297 161.8374 4
-3.4426501 2.7783999 36.5989 4
7.526875 18.105375 37.392227 0
-4.5274501 24.526299 1.1680501 0
10.80565 19.3036 93.148903 0
98.252853 41.651699 7.7852001 2
-1.873225 22.418701 42.200275 0
34.576054 32.389713 -8.6120901 2
-24.378101 44.536858 -110.31578 3
-7.45015 -6.9415002 50.817001 4
0.84858298 62.204899 -166.60059 1
1.84065 15.7901 7.8845 4
-5.8276038 -2.870492 44.643379 4
0.40098301 12.548233 14.863256 4
13.652311 20.249125 108.75249 0
-71.516953 -61.005188 152.0504 4
4.3425498 28.85125 -22.280899 4
-16.891884 10.886399 39.825565 4
21.677151 44.876301 -25.8379 2
-3.6252501 22.0592 30.017 0
14.935451 21.320433 117.65594 0
-3.0803499 4.6929998 32.5532 4
52.683605 43.650017 5.1870279 2
2.3917379 38.580425 -40.013401 4
-0.64008701 21.988586 49.526955 0
3.4058831 22.241648 -7.9459329 4
-3.2660789 57.927406 -118.5938 3
-7.44135 31.625999 -11.0735 4
2.2730999 48.480999 -66.001648 1
1.31515 22.378799 60.243698 0
27.029551 45.175598 -18.9828 2
12.69555 44.155399 -38.082104 2
-5.2359748 34.293152 -19.034451 4
2.8685501 20.0697 -1.51 4
8.0754757 17.459476 48.232552 0
14.850124 44.173126 -34.717075 2
4.2643499 41.517601 -68.436501 2
16.2969 35.464752 -35.425751 2
-35.97625 -19.8344 94.041649 4
-39.438786 -48.461681 107.98984 4
8.3779964 17.648472 53.338936 0
18.7209 34.78249 -31.072231 2
39.75338 44.845444 -5.3867202 2
-53.518173 -57.590038 121.64986 4
-24.73395 -3.3454001 68.324501 4
-10.12995 25.769001 3.7681999 4
-16.367765 -22.517746 69.054459 4
-24.97505 -7.2776999 75.370796 4
-3.6722 25.88755 -5.1293502 4
-55.626835 -51.781151 138.42023 4
-30.13995 47.182598 -99.663696 3
-42.87875 -50.612125 110.88029 4
-40.770683 -30.6278 111.81441 4
50.177052 44.368698 2.1315 2
19.474024 43.95137 -28.626522 2
-52.969151 -51.039501 135.97729 4
5.4611292 23.765526 75.347778 0
-24.329601 -1.2476881 63.222088 4
13.13215 22.9042 101.0082 0
3.8303001 47.707901 -61.50375 2
-10.699333 24.232025 7.3947921 4
100.22207 38.991005 6.4499888 2
-80.481224 -66.392654 149.65997 4
-94.369598 -62.835476 162.36967 4
-76.587448 -66.363701 146.0336 4
-3.7665501 36.739899 -26.015999 4
4.3115501 34.687401 -35.131199 4
55.895008 28.767969 6.7966542 2
3.9484501 25.50625 -16.715851 4
-25.585194 -9.6815081 77.943146 4
11.744439 19.882938 96.381302 0
-71.852249 -65.162201 141.18449 4
-2.5836501 38.558601 -32.091702 4
55.993252 42.528198 8.6164999 2
-30.763599 45.185349 -104.78297 3
-48.835449 -48.086102 131.19701 4
-87.162849 -66.609001 156.5717 4
-22.391899 -31.626751 86.1045 4
-1.53695 21.98535 45.654747 0
5.7876501 40.100502 -60.728699 2
8.6024237 18.004942 66.683525 0
-12.035299 55.097176 -106.96062 3
-9.4960499 -12.4064 56.688999 4
-1.30065 40.398998 -38.420799 4
-68.077675 -63.876373 137.44484 4
-23.69857 -33.053677 90.322983 4
8.635767 18.024292 63.194435 0
3.56145 64.347473 -166.63213 1
2.973175 22.72995 67.954826 0
8.8081503 18.1775 73.040703 0
-11.14075 -15.1743 60.504101 4
-63.550842 -62.281826 132.67137 4
8.5704632 17.681728 56.545231 0
-9.7917986 44.774773 -115.60915 3
-4.0840001 25.148048 -1.9243 0
27.714788 32.204704 -19.922029 2
12.319 19.7481 102.9375 0
63.114552 28.344 7.7311001 2
-55.453583 -58.621109 124.08528 4
95.382225 35.137852 8.4229002 2
-97.145073 -66.284447 163.96251 4
-14.93725 43.995201 -113.8577 3
-82.610123 -63.125477 158.60573 4
-6.5 -4.9533 48.368599 4
-42.191265 -35.346077 117.58838 4
3.3819001 18.825037 16.29575 0
-1.206387 64.596863 -166.8945 1
-84.852585 -66.491531 154.37296 4
0.52585 23.6933 -1.9753 0
-49.999077 -55.125523 117.98077 4
1.25705 14.0099 11.9832 4
69.119377 28.735901 8.0015001 2
7.8815842 17.634531 45.367115 0
-4.1636 22.885881 21.6378 0
30.308149 44.3647 -12.8911 2
-1.6709501 8.5956841 26.687033 4
3.18045 21.023399 -4.2428999 4
-100.98013 -66.304794 166.04887 4
-42.93425 -37.209328 119.80293 4
3.3670211 23.111336 -10.633667 4
-29.57465 -40.0341 99.521698 4
13.920083 22.064667 110.86249 0
-14.216288 13.895926 33.795124 4
0.58925003 22.3197 3.9418001 0
-0.23864999 22.121901 52.264801 0
-13.05965 15.058649 30.531567 4
10.06445 45.026299 -44.504398 2
-15.844049 52.952251 -102.0632 3
-26.107685 48.199104 -96.440804 3
62.433815 42.27985 11.070049 2
78.511093 40.791153 13.464807 2
-19.24835 -26.76 73.634499 4
-21.165051 -29.619499 80.5513 4
-22.88135 2.9902999 53.454498 4
7.7966499 39.438026 -55.106026 2
91.97348 33.786095 9.2528572 2
85.964508 31.644293 9.6293068 2
95.690643 41.5471 8.9603376 2
-4.92905 23.7206 8.4538002 0
12.887751 20.02355 105.94521 0
-88.340393 -62.444572 160.76797 4
-96.741249 -63.752411 163.35411 4
-64.274811 -56.266647 146.43977 4
9.4658003 19.063576 79.27005 0
4.4379501 29.6758 -24.8125 4
82.428619 30.939301 8.9712887 2
9.8456993 19.188999 85.167847 0
49.692974 29.607449 4.63415 2
-23.62945 1.2058001 57.505402 4
-6.6331501 56.774498 -112.47295 3
-20.489862 -28.19935 78.438812 4
8.5686798 17.967625 50.840954 0
4.3471498 27.163601 -19.4489 4
6.8944998 17.317249 34.948551 0
17.465263 35.371254 -33.17231 2
84.2248 40.525665 13.16799 2
-19.601101 7.387125 45.380627 4
-78.403252 -66.088951 147.84015 4
-41.389 -49.190292 109.3026 4
12.882708 22.162148 107.26036 0
54.395401 42.52179 6.7585082 2
4.4520502 18.1999 20.074499 0
-24.510349 -2.3910501 65.838951 4
-8.6513996 56.5224 -110.8167 3
-51.808998 -56.812473 119.98669 4
-47.081249 -52.619476 114.70782 4
10.364066 37.35397 -48.329132 2
-19.474224 50.689224 -98.591904 3
-13.12185 -18.39505 64.294556 4
-26.039175 45.207703 -108.69798 3
-58.856449 -60.64465 127.72535 4
-70.112946 -64.818497 139.59344 4
1.221421 16.560968 5.7687092 4
-22.81875 -31.975 88.417198 4
35.646603 32.370792 -6.5613499 2
-17.686613 9.2646236 41.435707 4
33.234947 31.750233 -10.375267 2
22.642876 33.21125 -26.253124 2
-0.56825 10.2899 22.062 4
-77.935051 -62.744076 156.21906 4
2.8931439 19.666037 13.740294 0
-21.503426 49.845261 -97.623062 3
-12.519674 18.623175 22.252377 4
24.516745 32.805683 -24.176695 2
-60.187664 -53.108837 142.34583 4
7.2899499 45.644699 -49.666698 2
-0.42039999 22.730049 47.463097 0
14.894175 20.514788 119.90685 0
-32.413151 -15.9785 89.4048 4
12.567575 36.543495 -43.861931 2
-11.68105 22.090599 13.9752 4
-29.816151 -13.787837 85.945625 4
75.36235 29.362598 9.4569502 2
-6.1125498 33.6833 -17.01965 4
70.994766 29.652267 8.5877438 2
-38.668602 -23.278299 98.190399 4
-4.033762 1.296062 39.010437 4
-6.6681499 32.004101 -13.0135 4
12.44665 44.092899 -40.187199 2
-4.6274958 23.289667 16.715574 0
13.6077 36.073601 -41.58905 2
39.726051 32.479099 -1.2099 2
10.313049 19.309551 89.860504 0
89.008041 40.607288 12.320562 2
-99.09745 -66.375252 165.11067 4
-46.432854 -44.506374 127.2935 4
-35.1791 -44.955238 104.76816 4
-5.1726499 46.8241 -117.381 3
-0.63439602 52.001816 -124.31226 3
-19.892349 43.605549 -112.1902 3
15.67585 43.7612 -32.856899 2
-10.567551 -14.02725 58.848949 4
5.7416649 17.943605 26.076965 0
0.50545001 22.4606 56.839699 0
-1.607325 50.48745 -120.7531 3
-3.25295 4.0331001 34.540398 4
0.1494 11.9299 16.861526 4
77.826324 29.847149 9.674099 2
9.4358997 37.894424 -50.478378 2
-22.54248 44.033188 -111.08909 3
-40.056839 -28.176544 106.64929 4
91.544983 40.745777 11.371421 2
-40.135536 -26.01025 103.33009 4
44.882801 31.036299 2.2998121 2
28.055717 44.54195 -17.202484 2
43.236687 31.745913 1.328088 2
-69.841049 -60.035652 151.05804 4
-3.7378249 48.05645 -118.24805 3
1.86475 22.6702 62.994499 0
4.8095002 41.062302 -66.377098 2
4.2879 35.400848 -37.088348 4
100.00893 40.965134 6.7376499 2
1.152163 47.256588 -67.126167 1
-6.1221499 -3.9456749 46.303825 4
4.7654419 18.028183 22.131943 0
3.4797499 24.121599 -15.3611 4
13.69695 20.087551 110.92975 0
-7.8072 30.87295 -9.2697001 4
-8.0723 -8.7119007 52.943951 4
-33.059822 -43.142731 102.74874 4
-34.739731 -18.648584 92.803116 4
-24.80595 -4.4959249 70.0504 4
-9.1854591 27.781475 -1.578342 4
37.878052 44.955002 -5.9275999 2
-8.5502119 29.368225 -5.461875 4
8.5717497 18.690662 61.381748 0
-36.552498 -21.12805 95.429199 4
-26.847366 -36.880749 96.579819 4
-9.8397503 26.746599 2.0699 4
6.2911 17.23365 29.7351 0
-20.91275 5.8378 48.6161 4
-2.631429 22.071527 35.244984 0
-4.90695 34.806953 -21.128872 4
-4.4976501 24.032101 4.9491 0
38.3815 32.786346 -2.6544881 2
-31.879534 46.410652 -100.30693 3
6.0694499 46.159248 -53.84375 2
5.41715 63.919399 -160.3168 1
13.09765 22.092199 109.1277 0
7.3327498 24.376801 80.713402 0
-11.595213 44.240288 -115.11688 3
-1.50825 22.939899 44.024502 0
-44.082352 -51.490585 112.01093 4
-2.9554751 22.231619 31.890966 0
-38.786701 -24.427826 99.684998 4
-60.424713 -60.338852 129.29697 4
4.87675 46.610001 -56.094299 2
93.739655 34.311031 8.6748991 2
-3.312825 37.243401 -27.74185 4
-1.679225 58.958427 -122.76267 1
-11.082225 23.287048 8.9366999 4
-52.017403 -49.957352 134.7666 4
5.5580502 39.810902 -62.5359 2
48.967548 44.607201 0.56309998 2
-40.630302 -29.877012 110.04547 4
-67.754944 -58.62738 148.57864 4
57.590672 41.863281 9.2037706 2
-47.7369 -54.138252 115.4822 4
34.91785 44.219601 -8.2516289 2
-4.68505 23.710684 13.465134 0
-24.115915 -33.192032 92.079369 4
-13.8132 14.22735 32.064548 4
33.469749 44.31395 -9.4029503 2
-2.2072999 39.0807 -33.773552 4
-12.005301 21.120602 16.55295 4
-50.40255 -48.664749 131.8564 4
-31.890551 44.916401 -103.1921 3
90.203712 33.173515 9.6139097 2
-91.01535 -66.5252 160.194 4
-92.854317 -66.393303 161.51283 4
-45.018028 -41.539768 124.11172 4
84.077736 31.392319 9.4803333 2
-25.787151 -35.411621 95.052094 4
11.16035 23.7057 92.5467 0
74.001198 40.988483 13.71007 2
-2.2602041 22.257751 38.998493 0
99.29731 37.60342 7.1666999 2
2.8820159 21.555 -6.0900998 4
-30.733414 -40.785446 100.59637 4
3.7690561 18.754862 17.994743 0
-28.014774 -12.0555 83.325325 4
-23.201851 2.1716001 56.110001 4
-17.355974 -23.972626 70.533798 4
2.5179501 18.544201 2.0525999 4
11.742735 20.011366 98.224007 0
-0.97500002 62.912048 -166.65924 1
0.50954998 22.6376 1.8762 0
9.1760502 19.099199 74.438103 0
10.0748 19.737072 83.560516 0
-0.90385002 40.655998 -40.066299 4
7.5511751 17.295326 40.869629 0
46.783676 44.844627 -2.0218999 2
-2.6263499 37.874649 -30.312099 4
68.686554 41.537201 12.98345 2
14.301701 22.058701 112.79965 0
-4.113512 36.139336 -24.470026 4
-61.337093 -54.004681 143.20972 4
1.0101 22.329525 58.578148 0
11.051702 19.82148 91.462379 0
30.981899 31.706116 -14.265917 2
-1.19405 9.1973 25.1658 4
-0.43364999 56.145599 -121.9523 1
-76.690514 -62.633869 154.83708 4
-24.210003 -0.738729 61.635948 4
-3.7656929 25.775448 -3.4669571 0
-9.1377497 -11.28 55.265469 4
1.38975 20.6217 8.3401003 0
7.2815499 17.349001 39.117802 0
-13.3795 44.236214 -114.36121 3
71.932854 40.932899 13.5813 2
54.256851 28.9914 6.3846002 2
8.5440168 45.30368 -48.582104 2
102.03885 39.215599 5.9446998 2
-14.77545 53.60025 -103.12498 3
-42.026089 -34.8479 116.03681 4
4.2825499 27.9853 -20.863899 4
-100.63835 -64.688797 165.4303 4
-1.519159 39.6572 -36.925774 4
64.652596 28.878607 7.6240849 2
-41.207352 -32.367401 114.1808 4
-21.404249 4.9147 49.894699 4
-15.407425 -21.354549 68.314598 4
2.50425 22.513149 66.430145 0
-81.137802 -63.310249 157.81534 4
80.066666 40.590332 13.175317 2
-22.47175 -30.880983 84.697273 4
-2.0171499 22.3752 40.6129 0
-4.1529002 25.099651 -0.26750001 0
-66.924576 -63.750534 136.35536 4
2.7258501 41.8918 -69.041702 1
12.61025 23.262501 97.439697 0
25.89835 45.068298 -20.0758 2
-12.75065 18.061199 24.152399 4
96.804649 35.882824 7.9327502 2
8.6839504 18.178474 68.384575 0
-11.875914 -15.999296 61.620369 4
66.524902 41.83535 12.47375 2
11.37715 23.7229 94.101898 0
2.5909469 19.29834 0.25824201 4
13.053325 22.863525 99.413574 0
13.785406 43.975227 -36.159477 2
-4.4040051 1.832605 37.585529 4
-51.225098 -55.522583 119.30766 4
18.145901 44.29295 -29.638451 2
13.636908 20.615749 107.2312 0
-11.64215 22.413601 12.1522 4
-44.303288 -40.376419 123.04274 4
8.6334 18.376801 57.931149 0
-13.95137 -19.115881 65.547127 4
29.97785 31.721451 -15.94305 2
-48.411804 -46.888626 130.31839 4
8.87955 18.65275 71.573044 0
-25.17375 -8.1673002 76.922997 4
31.50485 43.886398 -12.046801 2
23.338051 45.278599 -23.836901 2
11.87715 19.944099 101.4786 0
-81.79847 -66.361603 151.14612 4
-48.82534 -54.472092 116.61654 4
26.805099 32.380482 -21.227724 2
1.0301501 54.3498 -126.4897 1
45.501751 45.081299 -3.2090001 2
-65.198547 -57.24128 147.17479 4
1.01525 13.2201 13.6333 4
9.6223001 19.094851 77.6213 0
-95.8871 -66.358765 163.11377 4
-8.3462496 -7.96315 51.65715 4
-6.8971 -5.8694501 49.563698 4
5.0467 23.571827 73.722717 0
-64.565231 -62.618675 133.72343 4
51.233429 29.544046 5.13872 2
-2.939703 57.839191 -120.1929 3
-5.5439 56.859299 -113.5227 3
76.89592 41.157349 13.679251 2
-5.28965 -1.7355 43.8568 4
-12.68445 55.058098 -105.5672 3
41.27935 45.300201 -4.8298998 2
-12.9178 15.6011 29.17985 4
-102.40102 -65.959373 166.02663 4
-28.9156 -39.0499 98.665924 4
-31.461601 -16.114799 88.307449 4
7.9286499 23.93635 82.797348 0
1.986792 23.162876 61.365696 0
-11.022942 55.679543 -107.96631 3
-54.51075 -51.1562 137.7339 4
-4.8478498 24.015699 6.7669001 0
-1.002575 40.902336 -43.177963 4
-3.4953499 26.43705 -6.8875751 4
0.151908 22.005566 53.645065 0
-3.449475 57.333801 -116.96783 3
-46.343182 -43.709572 126.09991 4
-56.398617 -59.239525 125.23656 4
-21.471916 -28.687967 79.365898 4
-4.5215502 24.4737 2.9491 0
11.09435 19.700951 94.910355 0
-83.934074 -66.004547 153.39099 4
9.276 45.260174 -45.672039 2
7.806582 17.626358 43.878681 0
7.9988852 17.719391 46.781952 0
3.7748001 29.207176 -23.532383 4
-24.309851 -1.7053 64.565002 4
-20.157227 6.7914 46.737442 4
2.869525 48.458801 -64.723907 1
-37.611942 -47.02153 106.40182 4
47.821247 29.950293 3.738342 2
-24.89505 48.893871 -96.29026 3
15.24355 35.5928 -38.042099 2
1.684675 20.742392 9.9204416 0
-4.5927749 23.306824 15.28745 0
-16.275341 43.988792 -113.30489 3
-77.454689 -65.639465 146.8605 4
14.76305 21.715 114.0725 0
97.063751 41.8535 8.4832506 2
14.505775 20.257648 116.63487 0
-22.881451 2.611933 54.828148 4
-16.70805 52.524899 -101.0563 3
11.066299 37.909851 -47.128201 2
-79.3666 -62.898132 156.84227 4
10.39624 19.770912 86.299438 0
3.1013501 65.562248 -167.1122 1
25.654701 44.978317 -21.474716 2
-21.122475 44.013298 -111.41753 3
-3.6608751 22.386799 26.879875 0
-27.408718 -11.72884 82.062088 4
-4.1161499 57.330898 -115.7627 3
-73.773468 -62.088799 153.70459 4
6.4667072 17.515259 31.051325 0
-27.511963 48.165314 -96.007034 3
-21.82135 -29.59025 82.011002 4
-12.321701 20.401175 18.620499 4
-19.66415 -26.75955 75.179848 4
10.17165 24.021601 88.573898 0
3.438 23.0121 69.184502 0
85.597099 40.406013 13.002937 2
20.554888 44.572765 -26.763586 2
-0.049899999 22.61545 50.893547 0
90.166496 40.854073 11.68865 2
94.39006 41.372925 9.6680403 2
-72.566162 -61.541649 152.68774 4
-18.397009 51.273766 -99.422668 3
0.80715001 23.2306 -0.3779 0
51.74715 43.926598 4.2582002 2
9.5711498 19.2757 80.857803 0
-23.661781 0.59595698 58.677769 4
-62.582893 -62.100727 131.62164 4
9.7852497 23.943199 86.907196 0
-19.294964 7.9481502 44.233765 4
4.0047498 47.342552 -59.963249 2
-95.706177 -63.167198 162.80692 4
7.0222082 17.890713 33.742474 0
19.51895 34.2953 -30.0322 2
13.910749 20.207233 114.54768 0
-4.4916902 0.27035999 39.755161 4
6.927433 17.2708 36.249165 0
-5.043931 -0.973858 41.620255 4
61.837193 28.537888 7.789784 2
53.601051 43.1418 5.9373999 2
74.251709 29.922489 9.1184816 2
8.174017 17.910366 54.581635 0
100.90656 40.050873 6.2156248 2
-24.90675 -6.4246502 73.885956 4
-2.7220681 6.0252581 31.682766 4
-41.087719 -31.648584 113.12966 4
-22.23455 3.6283 52.479698 4
5.4573498 17.80695 27.38765 0
2.8308499 62.895592 -166.7113 1
60.762386 42.363125 10.410404 2
-10.354695 -13.163966 57.935131 4
-93.108627 -62.679726 162.47189 4
-3.6277001 22.270351 28.763201 0
3.9835751 23.361563 70.627991 0
12.639276 19.909149 104.5619 0
23.607332 33.603825 -25.390358 2
7.1473269 45.583313 -50.93219 2
15.09568 20.494835 118.60088 0
76.588394 29.663925 9.4152508 2
-30.18895 47.297401 -98.228203 3
13.297634 22.651001 103.60928 0
-7.8447709 45.272343 -116.14668 3
-2.830775 22.017401 34.006798 0
-12.76255 17.569599 25.3069 4
12.3078 37.311348 -44.875153 2
-100.25757 -65.866638 165.12491 4
1.66195 23.133251 59.281651 0
-20.462961 49.930313 -98.506828 3
-25.440845 44.836853 -109.72885 3
10.45765 45.069401 -43.069801 2
-15.217371 -20.526674 67.383026 4
15.80625 20.802151 120.7536 0
-29.2342 -13.088475 85.0979 4
-3.1103799 37.615021 -28.911129 4
-46.198849 -53.180401 113.769 4
2.95175 19.2237 14.8978 0
-63.153999 -55.402878 145.34702 4
-98.409943 -65.878479 164.21045 4
13.164499 36.706875 -42.792526 2
3.405133 47.466331 -62.637886 2
-73.140465 -65.474892 142.66417 4
7.9806499 17.798599 49.551201 0
29.531166 44.520119 -14.173833 2
-47.066986 -45.256935 128.02216 4
81.104149 30.328501 9.3558664 2
-25.112225 -34.506577 94.602753 4
37.997959 33.00103 -3.7855411 2
5.3571501 46.0914 -54.820999 2
-8.9851503 28.7903 -4.3589001 4
1.95155 16.317951 6.7021499 4
60.440643 28.59701 7.6962032 2
7.83255 38.6423 -54.202599 2
-34.962791 -19.713335 93.317268 4
0.69695002 21.523399 5.3504 0
8.3827 17.6728 52.137451 0
40.692776 32.913326 -0.64520001 2
3.0078499 21.318001 -7.2898998 4
9.8931007 37.625351 -49.4025 2
-12.021975 21.374916 14.8855 4
22.689358 44.921543 -24.777718 2
-75.680252 -66.0308 145.0222 4
16.864176 35.52639 -34.374508 2
-39.377842 -25.962402 102.1824 4
-1.6891 39.096298 -34.848549 4
5.1597538 40.719894 -63.198147 2
-42.583401 -36.314266 118.81803 4
-52.614876 -57.120876 120.80913 4
20.2883 34.1166 -29.035 2
4.9594069 18.604099 21.109146 0
-8.9305496 28.3127 -2.6118 4
42.1959 31.9238 0.78060001 2
-0.037725002 11.5499 18.086025 4
-33.067005 -42.223148 101.99796 4
-0.80204999 21.837566 48.360909 0
-24.5075 -3.2686 66.7024 4
-68.152916 -58.922943 149.65317 4
-26.45715 -36.074081 95.766342 4
1.983175 17.060766 5.0188422 4
-27.1278 45.344803 -108.00776 3
-40.379959 -48.766434 108.6238 4
36.311852 32.8978 -5.4187999 2
55.450611 42.526035 7.5787139 2
34.93399 32.03352 -7.4264078 2
-3.1055501 27.6661 -7.6101999 0
-58.118599 -60.121349 126.98955 4
-1.019179 9.6594296 23.612919 4
4.8534451 63.364075 -161.20483 1
-89.524353 -62.294201 161.50235 4
-23.077049 -32.717701 89.263603 4
-42.091805 -50.221977 110.13748 4
-9.5404644 56.233299 -110.0951 3
-34.470528 -44.279121 104.1671 4
-6.439784 -4.3832841 47.37458 4
75.687363 41.151199 13.727016 2
6.3538079 39.546951 -58.671761 2
-15.481913 11.754353 36.578884 4
-4.2544498 22.7003 23.756599 0
-53.937302 -51.282402 136.52126 4
-91.928696 -66.104141 160.72369 4
15.858868 35.540909 -36.467804 2
1.6589 15.339001 8.9074993 4
-4.7409 23.680199 9.5697498 0
-2.8233831 37.618336 -31.396866 4
-1.96065 8.0328999 28.316952 4
-31.922983 45.629051 -102.31404 3
-5.9693499 32.746498 -15.9152 4
2.2701249 35.673477 -32.404274 4
71.845642 28.996788 8.9299498 2
-91.843506 -62.734814 161.86224 4
-12.761125 -17.274574 63.778049 4
-40.122551 -27.239925 106.02647 4
83.095482 40.379803 13.3853 2
51.191673 44.132851 3.3018501 2
-86.816528 -62.234894 160.55179 4
-0.2485 10.87755 20.186399 4
-12.53415 18.9557 21.1786 4
18.177219 35.147209 -31.983955 2
-84.016647 -62.4487 159.4248 4
-85.794853 -66.778603 155.32899 4
-57.235352 -51.920399 140.02859 4
-36.197041 -45.212051 105.18721 4
13.06085 22.812099 102.5299 0
32.655327 31.7062 -11.394962 2
21.965681 33.431526 -27.112316 2
0.38610801 13.329067 12.394867 4
-101.48632 -65.4384 165.5732 4
-43.253895 -38.213219 120.69101 4
-68.820465 -59.644405 150.16577 4
6.1429629 23.647274 74.484756 0
-1.06005 22.723499 46.560699 0
58.197571 28.664074 7.241075 2
-40.159885 -28.679316 107.66863 4
2.2255089 19.604523 -0.73660803 4
-27.896774 -37.043274 96.878418 4
3.4907501 23.67 -14.249 4
-4.6425252 48.107327 -117.62263 3
-22.907015 -31.994244 87.320183 4
-71.021179 -64.985718 140.48778 4
-38.853817 -47.673401 107.4966 4
31.663742 32.240242 -13.419527 2
-7.6990499 30.224001 -8.2553997 4
-33.028252 45.6548 -100.6826 3
63.374649 42.305401 11.6278 2
14.653196 21.410936 116.36024 0
2.61655 36.791199 -32.554199 4
-26.060949 -10.0974 79.985603 4
-3.38095 4.13835 33.444801 4
10.37555 24.005199 89.772301 0
-1.51665 39.5788 -35.837399 4
9.0083504 19.261 70.677597 0
-2.377425 6.9130001 30.348625 4
1.0266 22.562349 2.8491001 0
5.95435 24.161551 76.363152 0
9.6511564 19.18535 82.479584 0
-6.197506 46.690659 -116.61264 3
-17.326616 10.316667 40.673466 4
-18.626183 43.891266 -112.39288 3
25.3248 32.843349 -23.259899 2
-31.641884 -41.22176 100.98165 4
12.24825 22.5226 96.654099 0
42.329002 45.195152 -4.4608998 2
-14.740175 13.339962 35.018959 4
-12.850825 16.944824 26.429651 4
-10.48285 24.411301 6.3559999 4
-59.715538 -60.757969 128.57175 4
-0.34889999 65.564713 -167.10747 1
33.789352 31.866074 -9.4636736 2
-59.31245 -52.650028 141.53949 4
1.9344 62.41124 -166.37961 1
-56.619797 -51.881424 139.13022 4
8.6037416 18.004576 65.246078 0
-4.022788 25.96155 -1.017175 0
-60.655525 -61.326248 129.63208 4
70.124016 28.781601 8.3590078 2
4.9439869 46.604233 -57.226166 2
4.3196502 34.237999 -33.993698 4
-68.741699 -64.3349 138.21095 4
17.697788 43.937294 -30.548267 2
28.310057 32.014 -19.012592 2
0.85243303 66.360268 -167.13763 1
-20.533451 6.2514 47.714752 4
-16.571772 11.00266 38.820084 4
-20.444038 -28.201664 77.153061 4
-10.51675 25.342501 5.8473001 4
67.655251 41.634399 12.7585 2
-0.89824998 51.369999 -123.251 3
-88.754753 -66.617996 158.23869 4
-16.696693 -23.36898 69.589714 4
-17.984449 9.6313 42.380901 4
1.13135 14.414767 10.58505 4
-22.50005 49.870899 -97.172203 3
44.267189 31.659161 1.5376689 2
-70.606102 -60.649399 151.43178 4
-6.5307498 32.731998 -13.9824 4
-8.2366877 28.663376 -6.1714749 4
-38.25655 -22.6707 97.442596 4
-29.27697 47.419563 -97.074005 3
12.17295 44.5578 -39.289501 2
3.0027499 20.594299 -2.8276999 4
13.14735 22.5247 106.2802 0
39.2533 33.269402 -1.70225 2
4.5100002 46.510899 -59.091652 2
-15.69705 12.0955 37.5406 4
-4.31005 22.749399 22.6609 0
-2.8311999 22.64155 32.840599 0
-8.9806747 45.422569 -115.69569 3
44.290741 44.979034 -3.835372 2
-87.898743 -66.531769 157.30315 4
-18.597387 -25.352163 72.644073 4
7.8139501 24.202724 81.613426 0
-5.2245998 34.466721 -20.054558 4
-37.008633 -22.022491 96.019669 4
-36.548317 -20.476917 94.615173 4
11.443594 19.85725 93.835007 0
-23.697891 -0.48074999 60.604988 4
-25.062429 -8.2421446 75.727386 4
-1.911217 49.9305 -119.87244 3
-2.3492329 58.580585 -121.00459 3
-38.287228 -24.011559 98.80307 4
4.2621498 26.272301 -17.873501 4
-54.826447 -58.362648 123.31386 4
8.2178001 24.235451 83.734894 0
-12.107725 -15.237887 60.974712 4
-13.31255 14.940701 31.52615 4
3.9145501 23.7817 -12.4188 4
13.55465 19.965401 109.8095 0
-34.163738 -18.4594 91.909485 4
11.181228 23.621714 91.475166 0
-64.167038 -56.297882 145.34726 4
-4.1721501 25.170099 2.29 0
-40.286934 -26.620916 104.47667 4
4.59305 41.371799 -67.4823 2
58.369549 42.4319 9.7580004 2
14.41345 21.8694 111.7735 0
-11.06785 -14.30865 59.9743 4
4.5367498 31.844801 -29.4431 4
0.43404999 23.0306 0.54530001 0
19.853149 44.3745 -27.470301 2
4.04105 24.7078 -14.754 4
-102.77738 -66.406555 167.0733 4
-4.343935 24.783794 4.1562171 0
8.8801498 18.3981 60.3615 0
4.1410751 63.524269 -166.72931 1
28.3999 44.844482 -16.227566 2
-74.842407 -65.589798 144.30998 4
-1.1352 63.883797 -166.1842 1
4.7133799 23.59528 72.771591 0
6.0611081 40.086319 -59.653778 2
-8.5229778 -9.6949062 53.457684 4
-48.420864 -46.714367 129.3266 4
16.681625 43.700649 -32.01955 2
-29.51075 45.191601 -106.4048 3
-13.924017 13.391666 32.608818 4
-12.364311 44.595718 -114.57941 3
5.0971999 17.8841 25.283852 0
3.707603 23.358475 68.223473 0
-1.50455 39.90395 -39.5317 4
-54.253639 -58.002136 122.57574 4
30.613277 31.972765 -15.157593 2
-1.16444 22.50626 44.85857 0
-7.6315498 56.677299 -111.4829 3
-2.28965 58.906052 -121.94765 3
-77.349701 -63.060452 155.47681 4
-79.218094 -66.255463 148.67398 4
11.303534 19.869217 92.424896 0
1.695703 47.815643 -66.466095 1
71.240845 40.750946 12.834105 2
-90.23642 -66.270996 159.61615 4
-45.267326 -41.92355 125.0294 4
0.50884998 12.334438 15.828562 4
6.3873501 24.211124 77.889526 0
74.915848 40.6129 13.2676 2
7.3229499 39.100899 -56.055901 2
92.545815 41.109921 10.917777 2
-33.07465 -16.704601 90.3937 4
27.499073 44.916462 -17.9305 2
78.721451 30.166649 9.9464998 2
56.874443 28.898964 6.8217921 2
34.638336 43.909325 -9.1474876 2
-4.4688501 22.9816 20.296801 0
-50.316124 -49.034298 132.76775 4
8.2646503 17.9858 55.657501 0
-12.511431 54.364922 -106.26689 3
-52.868134 -50.546776 135.13129 4
89.219421 33.152931 9.4668837 2
3.6719 26.539574 -19.098274 4
-1.8010499 22.344601 43.299999 0
13.1939 44.263252 -37.242649 2
8.2280502 17.999701 61.9888 0
-44.964703 -51.764423 112.75005 4
-41.387939 -33.471703 114.379 4
-4.6606002 34.91275 -22.0728 4
8.9830503 23.8381 86.353203 0
11.679075 44.420074 -40.701553 2
0.40200001 22.422501 55.86655 0
-9.4597197 27.398169 -0.718786 4
4.4169002 18.546051 18.868 0
88.025002 40.611599 12.1577 2
-11.517 54.755852 -107.77823 3
1.538975 17.949825 2.8424749 4
-11.07045 23.514299 9.8850002 4
13.018333 22.096985 100.01358 0
92.864853 33.844601 8.8656998 2
8.6378946 45.624634 -47.668911 2
72.898697 41.045151 13.58005 2
-24.464226 -4.0146132 67.585739 4
49.631775 44.353161 1.327458 2
-10.506725 25.295763 4.7166882 4
-33.743099 -43.525574 103.32179 4
-13.165425 54.367584 -105.08474 3
-30.434307 -14.317075 86.773392 4
-21.9221 -30.934898 83.900047 4
-81.099182 -66.372704 150.40259 4
2.1530499 22.713076 64.093674 0
-3.7853751 25.976425 -2.5236001 0
-66.391327 -62.867836 135.68275 4
6.0781498 17.410324 28.48 0
-72.469284 -64.920334 141.97099 4
1.4023499 15.5996 7.0268002 4
-4.3958788 24.440983 5.8902559 0
-56.0359 -58.2575 124.86375 4
-12.3197 20.515274 17.321501 4
12.47155 20.365587 100.71083 0
8.9850311 38.314743 -51.688629 2
-1.2707 51.075447 -121.4283 3
5.1273599 18.265678 22.984756 0
-31.042297 46.763615 -99.937393 3
-2.3783829 38.391834 -33.135937 4
91.099068 33.411224 9.3193283 2
-5.81915 34.150799 -18.2948 4
5.9230499 45.934448 -52.74295 2
-40.663349 -29.995899 110.9889 4
10.16945 19.861401 84.498398 0
26.530542 33.100632 -21.782288 2
-51.32555 -50.078899 134.12781 4
-9.5930614 -11.650775 56.104584 4
-16.973049 43.378201 -113.5044 3
13.67265 20.1661 111.9918 0
3.5002749 22.579784 -8.8393736 4
2.59515 18.9405 1.1334 4
-28.631302 -12.6454 84.184143 4
94.168915 35.122322 8.4619913 2
-24.90535 -4.8952999 70.897598 4
-5.0574641 -1.113142 42.808182 4
-1.686245 22.692291 39.792358 0
6.7719998 18.082649 32.850151 0
-0.34725001 10.5127 21.177601 4
-80.362587 -63.190376 157.30038 4
-69.349152 -64.610153 138.8681 4
-6.1257501 -2.32075 43.843048 4
3.8157499 25.447701 -17.831499 4
7.0660758 17.532598 37.969589 0
4.8761501 40.321499 -65.5084 2
-97.543297 -63.807823 163.88736 4
24.047951 44.679901 -23.753201 2
18.722 44.4939 -28.723301 2
37.388157 44.419323 -6.512032 2
-20.193392 44.308044 -111.40985 3
45.789009 31.026577 2.558929 2
-19.050213 -26.070263 73.041061 4
10.041008 19.319649 87.074394 0
13.639383 22.158316 109.88174 0
-7.5695229 31.031031 -10.340642 4
2.311841 22.6387 65.489517 0
-12.51355 18.3869 23.314199 4
15.56225 21.0109 119.4925 0
-1.22305 40.790901 -40.928299 4
7.9950371 18.423937 43.24894 0
-24.795298 -4.0717168 69.132118 4
-11.540625 22.380325 13.096575 4
1.13905 21.0217 7.3702002 0
-1.99705 8.151 25.8577 4
3.5804999 23.425018 -11.631267 4
48.715343 30.057123 3.95489 2
-22.812775 1.708625 55.409851 4
1.89055 19.9935 10.4219 0
2.64485 66.662048 -166.88115 1
-25.761993 -9.6739197 78.849953 4
1.5918 17.697151 4.4053502 4
-61.73045 -54.341301 144.1756 4
-7.5340829 -6.6730189 49.938293 4
-86.398026 -66.395279 155.97934 4
-3.4807501 37.071899 -26.8244 4
12.877272 23.001854 98.279388 0
-76.066757 -62.282898 154.04684 4
-3.5962501 26.0662 -6.0560002 4
99.232185 41.100388 7.204083 2
-44.845779 -41.043701 123.35768 4
-65.315788 -62.497864 134.46204 4
-99.746452 -65.117599 165.0031 4
-3.2168 27.907848 -9.9962006 4
14.623655 20.463316 117.70715 0
-30.014608 45.246998 -105.58917 3
-24.220001 -33.468948 92.942856 4
-10.608749 44.913002 -115.23003 3
-10.919176 23.998302 8.2467651 4
7.7184248 17.845074 40.107777 0
29.757248 32.259884 -16.641853 2
83.210899 31.352844 9.1790648 2
-4.3412309 23.976622 14.583027 0
-40.45575 -29.216572 109.41078 4
12.788044 20.018351 103.6664 0
13.045675 22.096851 108.1508 0
86.690193 31.998817 10.039333 2
87.7472 32.290253 9.8479004 2
11.26885 44.818977 -42.755928 2
1.025624 22.700653 57.75407 0
-10.02325 26.1129 2.6876881 4
-3.6482649 23.14917 24.381325 0
-4.6633458 23.950722 10.647717 0
14.99835 43.7911 -33.913898 2
-3.1931829 48.685051 -118.65369 3
99.837692 38.191067 6.7495828 2
-20.679852 4.8634248 48.828247 4
3.6822209 27.448654 -20.463224 4
11.707538 23.23785 93.420815 0
94.884514 40.969433 9.0355339 2
0.00015000001 52.510502 -125.334 3
84.926094 31.607403 9.6700583 2
-15.265651 52.8918 -102.88213 3
1.82385 16.8148 4.1732998 4
-23.188549 1.69865 56.903702 4
5.4692502 39.799599 -61.507999 2
9.5412436 19.443556 76.803108 0
2.370975 47.900574 -65.250351 1
-24.9095 -5.8901501 72.882401 4
-48.180977 -53.600098 116.03438 4
-21.498161 -28.855745 80.245804 4
3.89995 24.9296 -15.6011 4
11.17085 19.5413 95.797699 0
-102.08694 -66.601654 166.55115 4
9.2244473 18.809666 73.60173 0
46.011345 44.622627 -2.6476619 2
10.9128 19.902582 90.362991 0
9.7184668 23.800928 87.778656 0
96.474419 41.202621 8.3748074 2
-83.503647 -63.035999 159.007 4
1.01215 21.95665 4.6466498 0
-49.647175 -48.232948 131.51526 4
4.0102501 46.952351 -60.756523 2
-3.8456831 26.498466 -4.5163999 0
-1.565408 8.9200478 24.415615 4
-3.61305 2.2026999 37.468102 4
-66.098602 -57.738052 147.39209 4
69.511208 41.127098 12.982875 2
-43.565102 -50.926876 111.57562 4
101.01637 38.679237 6.2361288 2
-4.6245999 23.233501 17.87195 0
-32.164326 45.7197 -100.82537 3
11.348824 37.039135 -46.421299 2
-23.889851 -32.861752 91.233704 4
-44.084431 -39.669426 122.57166 4
90.499847 40.536324 10.94242 2
-3.3216829 22.095932 30.838701 0
64.301346 41.615028 11.64435 2
3.1487329 21.301399 -5.0725341 4
-2.5109899 22.045166 36.111652 0
48.375305 44.603725 -0.28285 2
-93.776947 -66.633102 161.83389 4
-1.068025 50.917229 -122.31203 3
4.3370829 32.789165 -30.792566 4
-14.43205 53.775799 -104.1348 3
-0.067450002 11.448 16.078899 4
-31.277092 45.252777 -103.74968 3
9.952775 19.385075 79.913872 0
-5.45925 33.314098 -17.5389 4
96.17482 35.621048 8.4682503 2
2.1270499 17.773199 1.9868 4
1.65365 15.8523 6.0345998 4
4.3267498 29.7689 -23.9585 4
-49.250519 -55.045666 117.10686 4
39.271355 33.061455 -2.542032 2
8.6194839 23.729794 84.310349 0
-21.71245 4.6546001 50.659801 4
1.802763 22.718571 62.084316 0
-10.601151 56.1311 -109.01815 3
0.19385 22.7041 53.141102 0
-38.950699 -24.57445 100.55708 4
-98.607071 -64.225891 164.38074 4
0.88415003 24.7311 -4.39185 0
-1.59445 59.402699 -123.5427 1
32.718925 44.030918 -10.072406 2
7.011487 23.759701 80.008713 0
-5.934 -3.3917 45.40733 4
-28.9055 45.29895 -107.0515 3
-81.947151 -63.0238 157.99409 4
-31.332401 -15.214275 88.02182 4
38.972984 44.56295 -5.671279 2
3.6760499 22.9596 -9.8521996 4
53.2831 29.124298 6.2042499 2
-3.1041501 58.253799 -119.3653 3
-62.082912 -61.773251 131.01314 4
9.1623497 45.545399 -46.4711 2
2.6168251 19.631775 12.455725 0
-19.065325 7.1540751 44.760075 4
-85.363647 -65.994949 154.84039 4
-1.839692 8.2985249 27.467533 4
-25.434715 -8.8454666 77.883064 4
-19.741188 -26.775925 74.328674 4
-25.007025 -7.113183 74.376648 4
-29.915199 -39.370285 99.111786 4
-95.25956 -65.920937 162.39044 4
56.912251 42.369026 9.1431084 2
-15.817284 -22.0707 68.508331 4
15.614284 35.798203 -37.288643 2
8.9187508 18.65835 75.37365 0
7.0446501 18.019051 31.7257 0
-4.9222498 23.939699 7.6362 0
12.104361 23.29319 94.940552 0
14.499516 43.839966 -35.727936 2
-4.1181002 35.672653 -23.76535 4
65.586609 41.502041 11.969335 2
8.9435501 18.427616 64.260803 0
8.9363747 18.999401 72.34053 0
-24.070181 -0.94872701 62.441151 4
-10.008625 -12.480525 57.583923 4
-41.133057 -48.494732 108.90211 4
-20.08605 -27.470301 76.766403 4
0.23915 22.760201 54.0033 0
-100.24675 -65.899101 166.02589 4
-47.455673 -53.256493 115.10259 4
15.112288 20.789898 117.03262 0
-78.719788 -63.071117 156.34009 4
7.5001502 17.849899 36.438599 0
-7.7036252 -7.6810579 51.202541 4
23.799652 32.91235 -24.961725 2
-21.195633 49.541534 -98.609222 3
13.253875 22.4426 101.69415 0
-21.742727 -29.427002 81.197205 4
40.791668 44.615227 -5.0764289 2
-41.746399 -34.064205 115.99139 4
-4.6290898 23.808161 12.473966 0
-92.688354 -65.705101 161.07513 4
-3.2565451 57.587677 -117.74714 3
1.5236 14.878176 10.0175 4
-1.51175 22.95215 42.72435 0
-2.730283 6.4401522 30.934887 4
-2.6373501 5.3058 32.0877 4
-38.208218 -47.571968 106.98743 4
10.5653 19.43795 89.082596 0
3.399102 22.971601 67.287407 0
74.862198 29.5441 10.09105 2
12.112203 20.115438 99.23716 0
3.05865 48.179699 -63.846699 1
54.218552 43.327976 6.801425 2
-84.265648 -66.666298 153.7574 4
8.2329168 38.617016 -53.348694 2
-3.1990499 3.6015 35.378201 4
-0.44955 11.2683 17.428499 4
1.0307 21.3563 6.4440999 0
-55.11515 -51.724125 137.7764 4
13.304462 20.015724 108.0425 0
4.2669501 28.104099 -21.940901 4
13.370814 22.184387 105.56402 0
-96.744446 -66.014145 163.29572 4
12.000095 20.229111 97.083054 0
-86.015869 -62.267082 160.34117 4
-7.2521968 -5.8060608 48.824032 4
-0.85544997 41.108498 -42.164772 4
-0.86938298 9.9304733 22.851194 4
8.6189499 18.330326 51.704102 0
98.757484 37.038303 7.4194002 2
-42.013062 -34.851341 116.85789 4
81.034531 40.333714 12.814558 2
8.5022497 18.4032 69.151199 0
-40.294518 -27.865292 107.36728 4
5.90275 23.7959 77.0924 0
-79.881844 -66.003922 149.24605 4
17.399143 35.915077 -33.783855 2
8.5253668 17.991726 58.641254 0
14.00505 35.949001 -40.7337 2
8.6157246 18.162159 67.479446 0
37.12085 33.101299 -4.0348001 2
35.6119 44.541874 -7.6932502 2
10.39805 19.911699 90.988602 0
-2.42735 21.987801 38.2244 0
67.007484 28.91806 7.786365 2
55.073299 28.979 6.6577001 2
3.3135669 21.876022 -6.792357 4
-14.134354 -19.454912 66.341125 4
-11.9048 21.451351 15.680925 4
14.039949 20.25305 115.34325 0
-73.418701 -61.815651 152.95898 4
-77.899048 -66.504997 147.36771 4
0.76450002 23.64835 -1.0653 0
-11.98815 -16.526899 62.2957 4
30.78875 44.2257 -12.18855 2
-16.14875 11.551 38.410301 4
3.2551501 22.730499 -11.3332 4
3.5314169 18.883799 17.0835 0
12.45228 20.066372 102.0269 0
9.7486496 19.3773 86.032303 0
1.60905 20.3979 9.1996002 0
-96.030022 -64.015823 163.09204 4
28.893341 31.924782 -18.000082 2
-7.4704299 46.03545 -116.0537 3
11.83011 36.980263 -45.427353 2
91.866386 40.663937 10.641789 2
61.468948 42.572399 10.8532 2
14.536242 21.629608 115.14968 0
-30.233028 -40.330994 99.867966 4
13.385336 20.216282 106.58446 0
9.4157906 18.750313 78.535683 0
1.5361561 22.561594 61.091412 0
-42.367199 -35.894272 118.17263 4
97.557373 36.208599 7.8818002 2
-37.281719 -21.343666 95.675362 4
8.8275766 18.215523 55.039379 0
47.427986 30.597809 3.1850021 2
36.617851 33.023899 -4.6826 2
-40.967659 -31.118702 112.54555 4
-83.368294 -66.385521 152.8434 4
-18.309881 8.5911884 42.806381 4
8.5633163 18.075268 50.020092 0
47.31041 44.575344 -1.443858 2
26.727093 44.599106 -19.598595 2
-50.255852 -55.815498 118.2828 4
79.511147 40.269901 12.702033 2
-67.106354 -58.234783 148.81735 4
-28.200918 47.790337 -96.762573 3
-9.65695 27.1299 0.97350001 4
7.3176498 17.7064 42.048401 0
-37.623024 -46.093025 105.89952 4
-26.825705 45.132618 -108.75059 3
67.767647 28.585144 7.809011 2
-27.661301 -37.402649 97.543449 4
-51.460602 -56.250896 119.50966 4
-4.0572128 56.905373 -116.69691 3
-23.236374 44.246685 -110.77482 3
-60.734901 -53.395802 142.83855 4
