# .PCD v0.7 - Point Cloud Data file format
VERSION 0.7
FIELDS x y z label
SIZE 4 4 4 4
TYPE F F F U
COUNT 1 1 1 1
WIDTH 748
HEIGHT 1
VIEWPOINT 0 0 0 1 0 0 0
POINTS 748
DATA ascii
-11.3751 2.5423501 39.389252 0
12.4691 -9.5803499 4.0211501 2
-6.8361001 0.25735 -9.8649502 2
-6.1936002 3.1812501 25.719851 0
6.6729002 0.24214999 -5.2080498 2
4.7290001 -9.3094101 13.26015 2
0.88230002 5.3677502 -10.66825 2
-12.2495 6.2174501 31.40995 0
12.4279 -12.44755 12.02635 2
-8.8896999 9.2473497 20.586651 0
-9.1450996 7.4608498 -39.359451 1
10.4359 -6.7291498 -0.44229999 2
-6.9243002 -0.45574999 -4.4465499 2
-5.0689001 -1.44115 1.04685 2
-6.4288001 12.83785 -33.306351 1
-2.1689 7.0954499 -13.70155 2
-0.82819998 -5.8730502 8.8389502 2
-7.5510001 10.03465 16.59815 0
1.749 -7.6580501 11.24405 2
-6.9082999 1.9480751 -13.259 2
-4.1136999 4.5397501 -6.82655 1
-6.0433998 6.1374502 -39.37915 1
4.7237501 2.6696 -6.46275 2
-7.8249502 4.4978499 -16.645649 1
2.6414499 4.28825 -8.2627001 2
-2.9270329 4.6873832 14.91945 0
-10.9721 7.2692499 28.870949 0
-13.1994 3.6256499 36.416752 0
-13.0085 4.80545 33.779652 0
-7.3582501 3.6465001 28.3146 0
-6.8007002 8.6561499 -39.226452 1
-8.8592672 3.3086829 33.124249 0
-5.8587999 4.4951501 -11.45565 1
-2.7825 6.44735 10.69355 0
7.9835 -1.83135 -4.21455 2
-10.7833 3.10115 37.03405 0
6.9078999 -9.7230501 13.95105 2
-2.0211999 -4.7332501 7.2294502 2
-3.2574501 7.3228002 6.7137499 0
-4.9905 9.5311499 11.11395 0
-6.1603999 10.81345 -32.303749 1
13.04085 -11.8283 10.0281 2
-3.704 4.9607501 -4.7183499 1
-9.5233002 8.4973497 24.377951 0
-8.4670992 9.6826162 18.465082 0
-5.0478001 5.6670499 8.2565002 0
-4.6775999 4.8612499 13.59875 0
-4.8738999 5.4186502 10.96895 0
-4.8108001 6.5117502 5.5524502 0
-8.8961334 8.8712835 22.454718 0
-6.3773999 9.8010502 14.22165 0
-4.5472999 9.3561001 9.3062496 0
-7.8836999 5.9918499 -39.282349 1
-6.4886999 -0.74835002 -2.6745501 2
-5.8474002 -1.0387501 -0.57775003 2
-6.853756 1.1053441 -11.544177 2
-5.3268328 11.532718 -33.927982 1
9.2076998 -4.5376501 -2.41435 2
-2.8645999 5.6382499 12.95245 0
-12.2116 2.3543501 37.74865 0
-3.4662249 -2.9330001 4.2358251 2
-5.5163999 4.5594501 -5.1587501 1
-5.7438002 8.91535 -35.464149 1
-4.3959999 -1.95135 2.6903501 2
-7.0001998 -0.63335001 -6.0458498 2
10.440072 -11.293632 14.23095 2
-0.099200003 5.9188499 -11.80765 2
-3.3280499 7.4967499 -14.81565 2
-6.973834 -0.220117 -8.367116 2
9.8442001 -5.6855998 -1.44595 2
-4.1905999 5.9911499 7.0076499 0
-9.53965 3.4059999 34.525352 0
11.908644 -8.8805647 2.7714789 2
11.1021 -7.8147502 0.85285002 2
0.1032 -6.7237072 9.7087498 2
-7.7273002 3.5159831 29.899984 0
-1.2477 6.4021502 -12.59385 2
-2.7927999 6.8503499 9.2176504 0
-6.5763998 9.7387514 -33.18615 1
-4.0240002 5.9363499 9.5350504 0
-4.7343659 4.8741498 -10.478583 1
-8.4969997 3.5107 31.69075 0
-6.86445 3.66695 26.887501 0
-5.5362 9.6603498 12.51935 0
-5.6806002 12.15465 -32.370152 1
8.4054003 -2.9648499 -3.55845 2
-4.4983668 3.9036169 20.693048 0
-12.3623 5.8317499 32.788551 0
13.06875 -10.6628 6.8875499 2
-3.9198501 4.0468998 18.95015 0
-8.0915499 8.3075504 -39.30875 1
-4.732276 5.0949402 12.311347 0
-6.13445 4.73875 -12.95035 1
-4.2003999 4.9377499 14.86425 0
-5.9556499 4.8537002 -6.7119498 1
-2.6018 -4.1986499 6.2177501 2
-5.2677002 3.6537499 22.83345 0
-2.8942499 7.1073999 7.9098501 0
-5.138 5.38065 9.7294502 0
-7.8031998 3.65485 -15.72995 1
-11.292 3.0408499 38.217449 0
-4.4003 6.1908498 -12.19765 1
-1.4636 -5.6273499 7.8240499 2
1.8175 4.8354502 -9.1702499 2
0.91097802 -7.2997379 10.470206 2
-4.8605671 4.3486829 -7.71275 1
3.699616 -8.8817167 12.659167 2
3.8243999 3.4495499 -7.3073502 2
2.5562501 -8.2312498 11.833651 2
12.6524 -10.094816 5.0503831 2
-5.6202002 8.3744497 -39.358051 1
-9.9694996 8.2704496 25.527651 0
-7.285666 2.5586829 -14.29305 2
12.9979 -11.51955 8.9518499 2
-6.2944999 5.1869502 -9.1058502 1
-11.6996 6.8143501 30.68235 0
-5.1852999 12.42625 -33.302052 1
5.8637829 -9.5119495 13.763351 2
-12.487 3.0926499 37.02235 0
-5.7451329 3.0971501 24.715517 0
-6.2420001 4.9197502 -14.87005 1
-3.1264 -3.5931499 5.4135499 2
11.512234 -8.2521162 1.72995 2
-6.8565001 -0.3545 -7.2136998 2
-4.08535 6.0496001 8.0303001 0
-12.1704 2.7574501 38.773048 0
-4.0302658 8.7126503 6.560883 0
-4.5099001 8.8448496 8.2013502 0
-5.4573998 4.3294501 -10.01275 1
8.8222504 -3.7291501 -3.05475 2
-2.840966 5.1049829 13.904217 0
7.8066001 -9.9808502 14.26225 2
-6.8579998 8.96805 -33.73745 1
-4.4503999 5.2172499 7.61935 0
-13.1344 4.4231501 34.668049 0
-10.4008 8.0369501 26.59515 0
-8.8818426 8.8732071 21.487749 0
-6.6968999 0.71473002 -10.68899 2
-4.2997499 6.3074002 -14.0945 1
-11.3241 7.0661168 29.725349 0
-7.0493002 7.20965 -35.150051 1
10.57135 -7.2779498 0.32600001 2
-5.717 5.0236502 -12.17635 1
-4.1192999 6.0435829 5.8723502 0
-6.93186 6.0936699 -39.313129 1
-7.9147 9.8024502 17.763651 0
5.2628999 2.08075 -6.0799499 2
-4.2340999 4.0232501 19.863649 0
-9.9179745 3.0850501 35.291752 0
-8.1613321 3.4458749 30.890079 0
-5.7371998 4.6345501 -4.3009501 1
-6.1324 4.77355 -13.81305 2
3.092268 3.715034 -7.6713009 2
-4.9528999 7.5216498 -16.550701 1
-7.6083999 3.05585 -14.94475 2
-5.6739998 9.4025497 -34.556648 1
-7.3454499 3.3304 29.0961 0
-5.6550002 7.5494499 -39.210651 1
-5.9351501 4.8716998 -5.8745499 1
-2.8387401 7.0956702 -14.26895 2
7.6134009 -1.1609499 -4.5458999 2
-4.7296 9.4623499 10.15585 0
-3.0662999 6.5065498 9.9286499 0
-3.4421329 7.5339842 5.7491498 0
-5.5170002 4.7037501 -10.72225 1
-6.1304002 9.3022499 -33.763149 1
9.7087936 -10.738199 14.297813 2
-5.3646002 9.3694496 11.79575 0
12.9109 -10.2787 5.9615502 2
12.8964 -12.19705 11.45155 2
-12.882075 4.0647001 35.495377 0
7.100028 -0.49470699 -4.8894792 2
-2.8652 6.1361499 11.505 0
-2.9964001 4.31635 15.65365 0
13.2193 -11.15015 8.1586504 2
-12.3225 5.3406501 33.37265 0
-6.8994999 10.00215 14.73755 0
12.066 -12.63935 12.74605 2
-5.0886002 4.3029499 -8.4939499 1
-9.4820986 3.2616169 33.742481 0
-4.6643 3.78615 21.41695 0
-7.0332999 1.62775 -12.58665 2
-4.5839 4.8113499 -4.28725 1
0.17399999 5.6338501 -11.17015 2
8.4825344 -10.306149 14.261401 2
-8.7950001 3.4393499 32.398251 0
3.0985341 -8.5032158 12.250683 2
-5.1988001 5.3801498 8.9404497 0
-6.1304998 -0.91444999 -1.24045 2
-6.6078 10.41495 -32.918251 1
-3.0416 5.7806501 12.20665 0
-5.3070998 4.2859502 -9.3002501 1
-7.5616002 10.00045 15.88265 0
6.0028 1.27205 -5.6462498 2
-4.4238 5.7400498 -11.64825 1
-1.5725 6.8119502 -13.07065 2
-5.7535 11.45675 -32.293449 1
10.8822 -12.05235 14.10965 2
-10.3787 2.9275169 36.294483 0
-4.8558998 3.7114501 22.076651 0
12.108334 -9.243783 3.3698831 2
10.0616 -6.2356 -1.06415 2
-5.9798002 5.17485 -7.32725 1
-3.7033999 4.0422831 18.303917 0
4.2058001 3.08585 -6.8755498 2
-4.8489599 5.3072309 11.67713 0
-9.0593996 7.7355499 -37.349751 1
-10.7589 7.5226002 28.060551 0
-7.4741001 5.1161499 -16.80125 1
-7.1564999 0.50024998 -9.3262501 2
-3.6124001 4.1373501 17.43475 0
-3.8998001 7.8701501 -15.62035 2
-6.92485 -0.18404999 -6.5699501 2
-5.36445 3.46525 23.467999 0
13.10515 -10.9177 7.5441999 2
-8.0103998 9.87745 17.05245 0
-11.5386 2.92715 38.860851 0
-4.4235001 5.5594501 -10.56375 1
9.5106754 -5.2509751 -1.88565 2
-4.1459999 8.7678499 7.4495502 0
-7.1111002 0.78944999 -10.12365 2
12.8915 -12.00885 10.63605 2
-9.3161001 8.6113501 23.74015 0
11.512709 -8.472827 2.337827 2
-6.295475 -0.84182501 -2.0574 2
-6.0572 9.7977505 13.64905 0
-5.55445 3.2723501 24.105 0
6.3758001 0.82365 -5.3941498 2
-7.4922328 8.6069841 -39.311085 1
-3.9166 -2.52335 3.8554499 2
-4.9074998 5.4485302 10.33886 0
-11.93666 6.0914502 31.942768 0
-2.5520999 5.2650499 13.37495 0
-10.071674 7.9399252 26.074799 0
4.1297002 -9.1433496 13.02555 2
-5.5379 -1.2328 0.28940001 2
-6.8978329 0.117183 -7.8563161 2
-4.3239002 5.09935 14.22935 0
-1.1009001 -5.6833391 8.3156281 2
-5.5752001 4.9848499 -9.9862499 1
-6.5879002 -0.58104998 -3.39325 2
-11.487699 7.1057501 29.135149 0
-9.0802336 8.6460171 23.032019 0
-6.7268729 1.323823 -12.094832 2
-3.3216 4.040616 16.904749 0
-8.3380003 9.6152496 19.056049 0
-6.3131618 12.126975 -33.078125 1
-8.8938999 6.92345 -39.336525 1
-4.8126998 -1.59575 1.78575 2
-5.7402 5.7610502 -37.51445 1
-2.9898 7.29915 7.2383499 0
-6.0640001 4.9795499 -8.3440504 1
-4.7115502 6.1177001 -16.1735 1
5.6444998 1.68545 -5.8412499 2
-2.54 4.7492499 14.24885 0
-8.8133001 9.3547497 20.025949 0
-6.0630002 4.5933499 -12.39825 1
-5.1533999 4.54565 -1.18325 0
-8.0824499 3.3515999 30.3139 0
-6.9941001 3.64395 27.44105 0
-5.9042001 6.6647501 -39.217201 1
-7.0430999 -0.38365 -5.1686502 2
12.6638 -9.8523502 4.5412502 2
-11.6534 6.8049502 30.092251 0
-3.9881999 4.6248498 -6.2126498 1
-13.2218 3.8420501 35.87315 0
-0.76454997 6.2564998 -12.238199 2
-6.2265 5.1928501 -9.66325 1
-6.4319 3.6163499 26.175949 0
-3.8608999 8.5236998 6.0598502 0
-12.8183 3.0223501 36.46875 0
-9.5998001 8.1701498 25.14175 0
-4.5518999 6.3052502 7.29635 0
-7.7413998 3.6909499 -15.19425 1
-5.5335002 4.8832998 -11.64335 1
-4.6027002 4.45155 -7.0359502 1
-7.0620999 8.5208502 -33.958351 1
-1.6589 -5.1064 7.7772498 2
-4.2405 5.7950501 -11.14705 1
-8.4441996 6.3573499 -39.310051 1
-8.6005001 7.4481502 -39.290451 1
12.95372 -11.64391 9.5073109 2
-12.8785 4.85885 34.377048 0
12.120001 -12.197201 12.45765 2
-7.3364 5.6579499 -39.344551 1
-3.6963501 7.5171299 -15.287981 2
11.2801 -12.15405 13.78585 2
-4.1977 9.1922503 7.9787502 0
-11.2224 7.4524999 28.27725 0
-4.9401999 5.6659498 9.3526497 0
-3.8101499 4.89255 -5.4123502 1
-4.9956999 7.5706501 -17.05715 1
-2.5523 5.6893501 12.30745 0
11.6923 -12.75525 13.22675 2
-10.118434 2.9467499 35.861553 0
13.0743 -10.47665 6.39645 2
-4.1974001 9.06985 6.8734498 0
1.2672499 -7.3354001 10.82205 2
-4.54 -1.77555 2.2446499 2
8.2424002 -2.4856501 -3.87165 2
-11.6956 2.35675 38.89275 0
2.69784 3.88763 -7.9123802 2
7.3153248 -9.9463501 14.244001 2
-5.1236501 4.5522499 -9.6716003 1
-7.4998398 6.2965298 -39.327969 1
-3.0566001 6.9120498 8.4268503 0
-4.5760498 6.4288998 -13.70485 1
-4.8227 6.38205 6.18015 0
-8.8036003 9.2385502 21.175751 0
-7.1564002 2.1301 -12.72695 2
-9.24265 3.1270001 34.139999 0
-7.5351 9.7942486 17.03475 0
-4.6933999 5.2027502 13.08845 0
6.293941 -9.8446093 13.677026 2
-6.8287721 0.901986 -11.112377 2
-12.31035 2.6868999 38.076653 0
-6.5563998 3.3736501 26.56455 0
-7.0917001 -0.36184999 -5.6677499 2
-6.5956001 9.3926497 -33.595051 1
-4.1290002 5.9116502 8.62955 0
-8.316433 7.8993831 -39.336884 1
-2.3987 -4.35325 6.6970501 2
-6.3168001 4.7616501 -13.37805 1
-7.039 0.29789999 -8.6852999 2
-4.4404998 3.8397169 20.238083 0
-10.682744 2.860321 36.652447 0
9.1351824 -4.868866 -2.0619669 2
8.9262667 -4.2321658 -2.6631329 2
-5.7783999 9.1952496 -35.099751 1
-4.1676402 4.6811299 15.314011 0
-5.0704999 5.16855 -23.51635 1
-5.0538998 11.84975 -33.73745 1
-7.0685 10.026183 15.31345 0
1.6027 5.0535498 -9.5119495 2
11.8786 -12.210051 12.8483 2
-7.4676499 3.3311999 29.5371 0
-5.9216499 9.7297001 13.2198 0
-4.5233002 9.2649498 8.3733501 0
-5.5430999 4.35745 -1.92865 0
6.8895011 -0.11071 -5.0242701 2
-3.9131999 5.7348499 7.75425 0
-12.503 5.0889502 33.702003 0
4.8813772 2.2828319 -6.292768 2
-3.4909 -3.1285501 4.6372499 2
-9.2333002 8.3323498 24.08065 0
8.8513498 -10.5228 14.133551 2
-5.3648 11.17395 -34.190552 1
-4.4218998 9.2964497 8.88235 0
12.657912 -12.090363 11.091475 2
-12.2595 6.0303502 32.404949 0
-11.8955 2.80725 39.117649 0
-7.0353999 2.1875501 -13.60995 2
-5.9268999 3.26875 25.37685 0
-2.5364201 6.9072499 -13.86115 2
-2.46385 -4.6219001 6.2793498 2
-4.4166002 5.17905 13.43095 0
1.0584 5.1484499 -10.2474 2
8.5385332 -3.457283 -3.252583 2
-6.8510671 -0.28725001 -7.689817 2
-7.0506001 3.40675 28.11335 0
-7.0739999 1.4849499 -11.54265 2
-7.6824999 4.8559999 -16.4366 1
-7.9359999 4.2578502 -15.88175 1
-6.9973001 0.01295 -7.4068499 2
-5.5699 12.63215 -33.268349 1
1.3649 5.2557502 -9.8584499 2
10.6875 -7.0924001 -0.050700001 2
-0.5334 -6.1177502 9.0463514 2
10.882151 -7.4858751 0.67061299 2
-6.4208002 10.50545 -32.467583 1
-4.48212 6.3042898 -13.266429 1
9.3188 -10.54965 14.329201 2
-4.0921001 -2.31565 3.3127501 2
-8.1443996 9.8569498 18.23385 0
-6.2412 11.25195 -32.286652 1
-9.5639 3.0283501 34.810551 0
-2.8727 6.2792501 11.07815 0
-4.4735999 3.64235 21.031851 0
-3.6347499 4.04075 17.8496 0
-5.7744999 4.6528502 -4.75105 1
-2.8829119 4.6721511 14.495725 0
-6.8259001 0.15815 -9.3106499 2
-3.0162001 6.6503501 9.5237503 0
-2.5390999 5.9197502 11.66945 0
-7.2983909 2.9400949 -14.676014 2
-8.5515003 3.1982501 32.647549 0
7.4092002 -0.74774998 -4.7498498 2
-7.5419998 5.4014502 -17.10605 1
-4.8948002 9.4896498 10.60365 0
-9.2399006 8.7028008 22.631649 0
-2.7913001 6.86935 8.7965498 0
-7.1084499 2.33215 -13.11685 2
-11.0243 3.1380501 37.734348 0
-5.6885328 4.6686168 -5.52285 1
-4.110774 3.8760171 19.278658 0
-3.2939999 7.45085 6.3025169 0
-5.7265 4.66225 -3.0947499 0
-12.686633 5.482583 33.034351 0
-5.5264001 9.3456497 12.25005 0
-7.8979001 8.6610508 -39.217102 1
-3.3255501 -3.3275001 5.0682998 2
-8.8497 9.1310501 21.807051 0
-10.4811 7.9448252 26.1117 0
-2.8452499 -3.9326501 5.91365 2
-5.0791101 4.4755702 -8.86306 1
3.5193999 3.6651499 -7.4696159 2
-7.5013251 3.5253999 -15.489824 1
-3.1400001 7.1476998 -14.72495 2
-12.0066 6.5699501 30.86635 0
1.9028 -8.0474758 11.3252 2
-5.9247999 4.7490501 -6.3227501 1
-5.053 5.1417499 11.31395 0
-6.1066999 3.0611999 25.075451 0
11.2827 -8.0093498 1.15685 2
-4.89292 3.5152099 21.687368 0
10.518849 -12.0541 14.282975 2
-2.9870999 4.2428498 16.04855 0
5.3709998 -9.6084499 13.62285 2
-5.1219001 5.1544499 10.79715 0
-6.3263998 8.5916166 -39.314953 1
2.7732 -8.5833502 12.03275 2
-13.2164 4.1403499 35.24065 0
-0.29326701 -6.3405499 9.2750502 2
-2.9105501 5.4348998 13.3282 0
-12.5842 2.9965501 37.496052 0
-4.1459999 6.1500502 7.3708501 0
-4.3723998 6.4999499 -14.55685 1
11.7136 -9.0672998 3.2874501 2
-9.5356998 8.5107498 24.773849 0
-6.093967 -0.93234998 -1.729233 2
-5.9833999 4.5454502 -12.01405 1
-11.124 7.0978498 29.288898 0
-6.0798998 4.9655499 -7.7660499 1
-2.8694601 6.4829502 10.269469 0
13.090199 -11.281616 8.5068998 2
-7.1409001 8.6857662 -35.129635 1
1.1429 -7.6119499 10.52715 2
-4.6252999 7.91395 -16.301149 2
-7.8269 4.3677502 -16.26565 1
-4.7224998 6.2551498 6.7790499 0
-6.6735001 -0.85259998 -3.8696499 2
0.73716003 -7.2955899 10.12005 2
-4.7505999 5.4657998 8.0096998 0
-5.4043002 -1.22145 -0.15615 2
-3.7811999 8.3371496 5.6034498 0
-1.0149 -6.0467501 8.4269514 2
-8.2893 9.6957493 17.7729 0
-3.1052001 5.9396501 11.74055 0
-4.4815001 5.5032501 7.33635 0
2.0746 4.6536002 -8.8301506 2
-4.8326001 4.4763498 -8.0785999 1
-12.0135 5.8080502 32.60635 0
3.873883 3.1494501 -7.0672169 2
-2.931175 4.4484248 15.224475 0
10.10126 -6.4401498 -0.65613002 2
3.2993 -8.8322496 12.41695 2
-7.8504 3.91225 -16.05335 1
-7.3291998 3.6298499 28.76965 0
-6.8712692 -0.058819 -8.7004728 2
-4.0973001 8.7311497 7.0706501 0
-6.9612498 9.7597256 15.038301 0
12.876487 -10.721613 7.308187 2
-5.1894002 3.35005 23.148251 0
-2.672883 -4.3216829 5.8642168 2
6.9357429 -10.078235 14.084394 2
-7.1471 3.6559501 27.842951 0
-8.6565666 9.5463486 18.863382 0
-0.03105 -6.9548998 9.4407501 2
6.8421001 -9.6378498 13.57285 2
-1.47535 6.500834 -12.879951 2
-8.2834997 3.2360499 31.546249 0
-4.9022999 12.20205 -33.406952 1
-6.8983498 -0.75255001 -4.9151502 2
-7.5584002 3.61305 29.306749 0
-8.4644003 8.2842503 -39.339451 1
-6.8764 -0.28850001 -6.1202002 2
-7.0878 2.37045 -14.03865 2
-5.60885 9.4974499 -34.957199 1
-5.2350998 -1.34095 0.57574999 2
-5.0009999 3.38325 22.782749 0
-11.057449 7.5164499 28.6082 0
5.1255002 -9.1841164 13.418149 2
-5.8123002 9.6147499 -34.287949 1
-4.3456998 4.9182501 13.90835 0
-5.3389001 3.1717999 23.6901 0
2.4414001 4.4046502 -8.5495501 2
-2.7923999 5.7632999 11.8867 0
-4.6475 9.3852501 9.6595497 0
-7.1759 5.9065499 -11.27045 1
-6.8736 1.7386169 -12.958249 2
-3.76875 5.1036749 -5.1136999 1
-11.2982 6.8962498 30.079849 0
-4.520267 6.2302828 6.038384 0
-4.4373002 6.1220498 -12.7277 1
5.6363001 1.42585 -5.5669498 2
-6.6318002 -0.71714997 -3.05755 2
7.8190999 -1.45605 -4.4367499 2
-2.5818999 6.1512499 10.81345 0
-2.1386499 -4.55405 6.8597999 2
-8.0818672 6.33915 -39.334251 1
6.4429002 0.53144997 -5.18855 2
-3.8929999 4.7026501 -5.70965 1
-8.4925003 9.4442997 19.88575 0
-5.7090669 9.6595497 12.88305 0
-3.7105 8.8157501 5.90975 0
-7.4516501 9.9381504 15.47715 0
12.4406 -12.04745 12.02315 2
-12.675 5.0755501 34.101299 0
-8.7086 9.1092501 20.307022 0
10.086412 -10.957049 14.3036 2
-3.8139 8.8217001 6.2973499 0
-12.836001 3.3705831 36.547985 0
-12.2226 6.21735 31.76895 0
8.0365496 -2.23475 -4.0187998 2
-12.1512 5.58885 32.941448 0
-11.5172 6.5869498 30.886749 0
-6.0244999 -0.98135 -0.90794998 2
-1.7302999 -4.9127998 7.3213501 2
0.39340001 -6.9215498 10.05215 2
-6.734055 9.699317 14.508784 0
-8.7755003 8.9089499 22.12635 0
-8.0746994 9.8510494 17.454201 0
-4.9070001 4.9832501 12.02745 0
-8.5879335 6.68295 -39.243748 1
-11.6477 6.93255 29.701918 0
-3.4323499 -3.2801001 4.2697001 2
-6.8146 10.10695 -32.954651 1
-5.3239002 9.5980501 12.05715 0
-4.2094998 4.5118499 -7.16155 1
-2.9128671 7.0624828 7.5637169 0
12.249225 -9.3735247 3.70245 2
-8.1325998 3.23615 31.169849 0
-9.7406998 2.8734 35.078148 0
-1.3009 -5.3204498 7.8572502 2
0.65939999 5.6391501 -10.82685 2
-10.9999 7.6610498 27.850849 0
8.10952 -10.09445 14.13401 2
12.987249 -11.019051 7.9373002 2
-0.56349999 6.0706501 -12.02735 2
12.1133 -12.46265 12.2365 2
-1.9438 7.0602498 -13.42195 2
-3.6289001 4.0922999 17.05225 0
-4.9691 5.65165 9.0097504 0
-5.72365 4.4977498 -2.7513001 0
-4.6908998 5.4643002 7.63975 0
4.4962859 -9.1292706 13.085206 2
-7.8594999 9.8624496 16.745583 0
-5.7526002 4.3604498 -10.74695 1
-2.8752749 5.6925001 12.49205 0
-11.9087 2.5318999 38.5019 0
-7.1011 0.24275 -8.3544502 2
-5.3706002 4.6108999 -0.92865002 0
-5.1517 9.5030994 11.4437 0
-9.2441254 8.4859257 23.431524 0
-6.5423999 6.0752101 -39.301533 1
-8.8864498 3.3187001 32.702652 0
-6.2622399 3.45455 25.909668 0
-6.9397502 -0.062550001 -7.0612502 2
-2.5667 5.1216502 13.68245 0
-7.0271001 0.59785002 -9.6241503 2
-11.310433 7.2833672 28.855698 0
-6.1798 5.0103502 -13.19345 1
12.486615 -12.312464 11.721392 2
-4.3153501 7.7779999 -16.2985 2
-9.7187996 3.3227 34.87315 0
-6.7150502 -0.46265 -6.9259501 2
-5.9083328 8.5173674 -39.256901 1
-3.7872 3.87885 18.649349 0
8.2867918 -3.1275589 -3.284642 2
-6.7616 -0.53595001 -3.93875 2
-10.566 7.89815 27.10515 0
-5.0768752 5.3218751 10.0804 0
-4.5098 4.5336499 -2.7720499 0
-8.5690002 3.2281499 32.272652 0
-4.4173002 4.76015 14.59415 0
-4.0015998 7.5507498 -15.52225 2
9.6623344 -5.5264339 -1.6733 2
8.69835 -10.373 14.50705 2
-6.8440399 0.52775002 -10.311529 2
-4.5605001 6.47475 -14.20925 1
-4.7314 4.3087502 -7.3045502 1
-8.4734001 9.6027498 19.52445 0
-4.1131501 4.7790499 -6.4865499 1
-1.278 -5.7965498 8.0377502 2
-11.27215 2.84355 39.3032 0
-5.6335001 7.9007001 -39.146599 1
-6.8662 1.41055 -12.40385 2
11.704829 -8.6500931 2.5378211 2
-6.3999 4.8635502 -14.01275 1
12.922501 -11.375651 9.2372828 2
-5.3832002 10.91745 -34.417702 1
-5.7047 -1.0798 -0.285 2
12.906349 -11.93845 10.30645 2
-5.5717001 9.18435 -35.381748 1
-6.5513 0.97965002 -11.53595 2
-2.5644 5.9662499 11.34655 0
12.482161 -10.07205 5.32761 2
-0.95964998 6.1687002 -12.484301 2
9.4492998 -4.98455 -2.0632501 2
-7.5271001 3.25915 29.84885 0
-2.9505999 -3.75615 5.63345 2
-5.2388501 4.8568001 -10.6514 1
-8.6904507 3.07655 32.921448 0
-11.8473 2.63585 38.803749 0
-6.6693401 9.8679304 14.095311 0
-11.9794 6.4553499 31.278049 0
-6.3183999 5.0764499 -15.223949 1
-4.9263 9.4533997 9.8775005 0
-6.0304499 6.3144999 -39.107601 1
-4.9609499 5.4228501 10.657184 0
8.1247997 -10.26625 14.41375 2
-4.2249999 -2.12485 2.90325 2
-3.0372 6.7708502 8.9809504 0
-6.8748002 0.675017 -9.9363174 2
0.086567 5.760283 -11.453583 2
-5.0658998 3.6626 22.5322 0
-6.2512002 4.9102998 -14.4657 1
-8.6845503 3.4851 32.101898 0
-4.1212001 6.0974159 7.7170501 0
6.1787 -9.55795 13.78155 2
-5.4977999 4.3231502 -0.87914997 0
10.477869 -11.692397 14.24922 2
-5.9162998 4.90485 -7.1729498 1
-5.0581999 5.3896499 9.2522497 0
-9.0963993 7.7298999 -37.6712 1
-7.2659659 9.8868837 15.109082 0
-6.4840398 -0.68531001 -3.67331 2
-8.6421328 7.0903502 -39.245083 1
-9.224 3.2672501 33.56115 0
-5.4809999 4.4432502 -3.77105 0
-0.1193 -6.541616 9.4425173 2
-12.3137 5.8765001 32.136398 0
-11.536799 2.7286749 39.103825 0
-7.7652001 9.7364502 17.43115 0
-5.1388998 5.1680002 10.48505 0
-12.7068 3.11935 36.801449 0
-10.4314 3.0366499 36.59325 0
-5.5602999 3.15325 24.39395 0
1.287467 -7.6313171 10.919551 2
-9.7774 8.0251503 25.512051 0
-4.9983501 -1.5203 1.3401999 2
-2.73002 5.5047698 12.704809 0
-4.6199999 7.62185 -16.185749 1
-2.8304501 6.6896 9.7709503 0
-7.7862 3.22225 30.24045 0
11.6135 -8.4016504 1.98305 2
-5.5328002 4.5385499 -4.08775 0
9.8540001 -5.9676828 -1.137917 2
-5.9278998 10.99625 -32.398048 1
8.6678667 -3.9266939 -2.70555 2
-4.5316 5.2709169 -10.290684 1
-12.6966 5.3046498 33.593002 0
-6.077775 11.497975 -32.37825 1
-6.8582001 -0.0083499998 -9.0048504 2
11.42105 -12.31915 13.56695 2
-5.3766999 4.8754501 -11.01445 1
-9.8987999 8.23915 25.117086 0
12.8273 -10.36645 6.2512498 2
-8.0664148 3.0916071 30.501192 0
-6.3831 5.4320502 -9.3143501 1
-8.7161207 9.0913496 20.922281 0
-9.1204996 7.4562502 -38.239151 1
5.2350998 1.77595 -6.0130501 2
12.6116 -11.99945 11.51155 2
-4.9065499 5.4925199 9.8919201 0
-6.1126828 -0.877083 -2.3347671 2
4.5121999 2.8183501 -6.6735501 2
-7.6501331 9.9313164 16.18265 0
-10.6882 7.8594499 27.52845 0
-12.8711 4.4360499 34.95195 0
4.2319002 2.78655 -6.8548498 2
5.5661998 -9.3794498 13.63265 2
-10.352366 2.7375829 36.062649 0
-8.3184996 3.47825 31.348549 0
-11.032249 3.0120001 37.299751 0
11.458534 -8.1224155 1.465117 2
-5.9057002 -0.98495001 -1.49625 2
-3.5680499 3.8526499 18.073 0
-11.1842 6.8907499 29.496651 0
-2.8138671 4.8955169 14.116483 0
-5.8662338 2.9086831 24.928518 0
-3.0748 6.0945501 11.29565 0
-6.6736398 3.44718 26.299419 0
11.090367 -12.480483 14.049117 2
-1.16905 -5.5164499 8.0387993 2
-4.8783498 4.4967499 -0.30899999 0
2.3542659 -8.0901833 11.667382 2
-7.72015 4.89045 -16.728901 1
3.0435669 3.9175 -7.8825002 2
-10.0632 3.04475 35.587151 0
-7.2722502 10.024799 15.6966 0
-7.0946002 8.6431503 -39.261902 1
-8.5963001 9.2708502 20.618151 0
-10.0736 8.2402496 25.80275 0
-11.5473 6.89505 30.44245 0
-10.375701 7.7572498 26.313982 0
-7.4442458 2.7219961 -14.486642 2
-3.0717001 5.4446502 13.03235 0
-11.4188 3.0192499 38.608349 0
-2.32355 -4.3634501 6.2812328 2
11.708359 -8.8637171 3.075784 2
-9.0045996 9.0532503 21.282551 0
-3.1565249 7.2753 6.0765748 0
-6.868742 -0.226864 -8.0935783 2
-4.8496342 5.0419159 12.672717 0
-9.6087999 3.36325 34.23595 0
-7.0453 9.8845501 14.49015 0
-4.8535891 5.1445842 11.101149 0
-6.5067 8.8192501 -39.27845 1
-10.449533 7.8686829 26.835119 0
-4.1788001 3.7966499 19.689449 0
11.8196 -12.57835 13.03395 2
0.4747 5.67275 -11.04915 2
-2.5701001 7.1259499 -14.05005 2
-4.4305501 3.8103001 19.878849 0
3.9750249 -9.0662003 12.751024 2
12.861279 -10.49047 6.6867299 2
-7.5481 3.3506501 -15.23225 2
-6.278801 9.8443832 13.470284 0
-6.8664422 -0.54126698 -6.2842422 2
-6.9260998 1.1629 -11.81565 2
-9.8828001 2.7606499 35.474251 0
-6.09341 4.6935701 -12.664139 1
-5.0606499 5.6729002 8.5418997 0
-4.3155999 6.2398639 7.0714502 0
-4.0507998 9.0343504 7.4124498 0
-12.955 4.6435499 34.646549 0
-4.1285 5.8695502 -10.86695 1
-3.1540999 4.1870999 16.495201 0
-7.2778001 2.28315 -13.72655 2
-5.7087331 8.1051664 -39.341099 1
-4.4881501 -1.75515 1.86105 2
-5.6679001 6.81075 -39.161949 1
8.2815113 -2.713028 -3.707473 2
12.9102 -11.22622 8.7220201 2
-10.7459 7.6578498 27.72715 0
-6.34935 9.7383003 13.89145 0
-3.6403999 7.3064499 -15.1087 2
-9.2854996 2.4509499 33.43845 0
-9.5125999 8.4847498 23.89835 0
-2.9082339 6.8734498 8.0664845 0
-7.0050998 -0.69994998 -5.6946502 2
-6.7456999 3.3701 27.17355 0
-5.9521999 11.720551 -32.19685 1
-3.0209999 7.281816 -14.375684 2
-4.6544499 3.83095 21.135399 0
-3.9393499 5.7205 9.9129 0
12.6514 -10.28395 5.54245 2
