# .PCD v0.7 - Point Cloud Data file format
VERSION 0.7
FIELDS x y z label
SIZE 4 4 4 4
TYPE F F F U
COUNT 1 1 1 1
WIDTH 917
HEIGHT 1
VIEWPOINT 0 0 0 1 0 0 0
POINTS 917
DATA ascii
1.829 12.62945 -51.873001 2
21.712601 -9.0669994 3.0862501 1
-8.80725 8.7999496 19.553101 0
8.1580496 4.2624502 37.376598 3
3.3770499 8.0662498 3.2219999 0
15.694249 1.07955 -11.718083 1
-0.59815001 -1.75345 24.4547 0
1.71715 0.71985 -9.1250658 1
-18.654249 -5.1305499 42.034 0
-13.175301 4.0985999 28.4813 0
4.0739999 7.0929599 27.892262 3
-4.2899499 11.37405 9.7733002 0
9.5168829 7.65415 -15.885133 1
19.99045 -5.4247499 -5.7293 1
-11.16095 -8.5561504 41.917999 0
14.118416 -7.125783 5.4691329 1
0.91595 2.4440501 -16.945801 1
-16.82085 -0.76445001 35.730999 0
1.45285 16.67775 -46.104301 2
2.90645 4.3979502 21.9494 3
4.5191002 -0.9418 -3.35725 1
1.99845 0.75164998 15.8976 0
-4.1663499 -3.2859499 33.058399 0
0.90889001 11.10055 -0.71020001 0
5.1881499 4.5864501 32.693298 3
0.38964999 4.9042501 -21.8883 1
3.57025 6.2575498 7.8910999 0
-11.26255 6.2051501 24.5203 0
0.37564999 10.32755 -21.4564 2
3.0016501 3.3436501 12.0497 0
-8.50525 -6.2130499 38.9366 0
-20.88875 -9.9895496 46.455399 0
1.56485 8.2203503 19.898001 3
18.474031 -8.0928497 6.059267 1
10.52175 -5.6543498 3.4577999 1
-21.231649 -16.54635 52.007 0
-17.152199 -12.51485 48.019951 0
18.455017 -3.135417 -8.6931 1
2.9549999 7.8422499 23.89835 3
-6.13555 10.8156 13.103251 0
-1.36255 10.53925 -51.854099 2
-6.24435 -4.72545 35.847099 0
1.8785501 4.3629498 18.096901 3
-7.67695 9.8857498 16.2894 0
3.9681001 10.11995 -21.53945 1
3.48265 4.5583501 25.4709 3
-15.466499 1.11905 33.084572 0
-13.734615 -9.7147608 44.063446 0
7.4646001 8.6651497 -18.463749 1
-0.70034999 7.3003502 -24.069235 2
6.1240501 -2.51055 -0.7281 1
0.46765 8.5121841 14.737087 3
0.30485001 8.9605494 2.8714671 0
-13.94605 2.97385 31.1931 0
2.54545 14.20015 -47.6721 2
5.74225 4.7213502 35.7542 3
17.054583 -1.133183 -10.318133 1
1.67515 4.78195 14.3289 3
-2.0862501 11.33605 7.2336001 0
20.501751 -9.8612499 5.4899001 1
14.4116 3.2550499 -12.742451 1
11.4454 6.3358002 -14.4213 1
1.93195 12.12095 -49.1866 2
0.16405 11.36655 1.7467999 0
-18.55245 -14.30325 49.4198 0
2.4033501 11.21795 -23.4205 2
1.317407 -0.131621 18.121473 0
2.1695499 8.6091499 -20.617201 2
21.02685 -6.4138498 -3.7433 1
0.23525 -1.1034499 22.2572 0
5.03125 6.60145 30.8284 3
0.98185003 1.1070499 -11.382 1
-0.67180002 8.6379251 5.0349498 0
0.30385 7.9335499 -21.9137 2
2.5309501 2.0201499 13.9229 0
-21.44165 -12.066684 47.518497 0
-10.13535 -6.9770498 40.4128 0
8.8961 -4.7544498 2.0655999 1
-2.93805 -2.76985 30.9496 0
-0.74844998 8.5750504 9.4129 3
1.19805 14.49025 -45.799999 2
-1.44165 -2.2729499 26.6451 0
0.96925002 1.79845 -14.6315 1
2.22315 7.7413502 21.877199 3
-0.15165 11.32175 3.8148 0
7.24265 -3.5539999 0.6979 1
0.76964998 3.2693501 -18.830601 1
6.70645 3.0596001 36.582401 3
16.145699 -7.33395 5.8855 1
-7.3115501 -5.52665 37.3923 0
-10.05515 7.21665 23.040501 0
-9.2829752 8.0950508 21.376574 0
-19.916849 -8.50525 45.5121 0
19.291376 -4.2939749 -7.2968249 1
6.4261498 5.44735 33.932301 3
0.75954998 9.4453497 -1.7227 0
-4.9586501 10.97065 11.592051 0
-19.006849 -6.3631501 43.460602 0
-1.292684 11.475216 5.4441342 0
2.3239501 0.43110001 -7.3715 1
-5.1175499 -4.11235 34.477402 0
2.06145 5.0671501 11.902 0
21.889549 -8.0380497 0.1883 1
13.274616 4.7056499 -13.2795 1
3.51455 5.37185 9.3725004 0
-21.730207 -15.295464 49.516445 0
-1.22475 8.2274504 6.6004 0
5.6844001 6.0967999 32.36705 3
-0.1192 8.3706999 13.247749 3
-12.01915 5.45785 25.754999 0
0.71015 1.39465 -13.1222 1
1.77195 7.7614498 -16.569599 2
3.5897501 -0.32644999 -4.9247999 1
0.925883 9.2837172 -0.1401 0
2.2939501 15.5339 -46.753548 2
0.33399999 10.071699 -29.640202 2
-0.43814999 12.0961 -51.860748 2
22.057051 -8.4928503 1.6339 1
1.35475 11.04385 -2.2862 0
15.18805 1.61655 -13.0397 1
5.3913498 -1.79565 -1.8289 1
0.73764998 -0.65015 20.9209 0
3.0271499 8.6750498 1.7143 0
17.631716 -2.1878171 -9.4690666 1
-16.53055 -11.58725 46.955601 0
3.43645 6.9833498 6.1216002 0
0.85530001 -0.50569999 19.48975 0
-12.68775 4.6761999 27.24555 0
-1.01415 8.4106503 7.9912 0
-21.224449 -16.14875 50.602501 0
3.5181501 7.61655 4.5446 0
-6.6279502 10.50075 14.4928 0
0.455125 7.8842592 -20.485184 2
5.2873001 4.6388001 34.087326 3
1.32415 4.6675501 15.7488 3
-21.815149 -13.13605 48.317001 0
1.03155 11.21005 0.7349 0
-0.81384999 8.1466007 10.67665 3
-14.58485 2.08675 32.271801 0
0.74538302 9.0827494 1.596433 0
2.3081751 5.2865248 13.283499 3
-18.31435 -13.157117 48.840199 0
2.5290999 13.062099 -48.5196 2
2.8440499 4.4398499 23.447599 3
-19.53565 -7.3441501 44.464752 0
-14.8567 -10.314301 45.3335 0
1.8476501 15.544399 -45.509148 2
4.19275 4.8716502 30.544399 3
1.7491 10.49695 -24.35235 2
2.63855 3.0169499 13.1926 0
6.4200501 5.5735502 35.169498 3
1.97795 10.23465 -51.989399 2
3.096983 7.4374499 25.0879 3
1.88195 0.48054999 17.227301 0
17.338549 -7.501483 6.047133 1
4.1277499 4.7171998 28.6633 3
-10.86155 -7.51125 41.2402 0
1.57805 4.51965 16.939699 3
2.06375 9.7167501 -22.7089 2
0.70993 9.1282501 -51.881542 2
-13.077801 -8.9478493 43.37875 0
21.291599 -6.9052501 -2.6514001 1
10.58435 7.0560498 -14.9692 1
-0.16515 -1.19735 23.5257 0
-11.855884 -9.09445 42.678467 0
3.515625 6.9267502 26.886576 3
16.46739 -0.28992999 -11.0956 1
4.7024002 9.2763004 -20.6989 1
-1.911117 -2.2758501 27.694067 0
1.75825 7.8457499 -17.7521 2
-2.57285 -2.7002499 29.8696 0
3.71205 4.6453171 26.726568 3
-17.84495 -3.41855 39.816898 0
2.08885 8.5099497 20.8468 3
-3.2750499 11.30415 9.0593004 0
-21.904951 -14.320283 49.024265 0
2.5748501 11.65235 -51.792301 2
-8.100975 9.5235748 17.302475 0
-19.381849 -15.05895 50.116699 0
0.2233 10.08505 -23.694149 2
-0.46605 9.9556503 -51.981098 2
-8.28685 9.00385 18.6332 0
-18.01845 -4.33325 41.3097 0
0.58515 8.4789495 16.367901 3
-2.9082501 11.47165 8.0277996 0
-21.268724 -11.082925 47.130974 0
-17.438602 -2.2918999 38.112473 0
6.7439499 -3.1011069 -0.110929 1
2.39855 7.8183498 22.9398 3
3.1334 4.5488 24.4842 3
2.7207501 0.16525 -6.4521999 1
21.067749 -9.4470997 4.4741001 1
6.5046501 5.27035 36.1763 3
-3.4159501 -2.9159501 31.8472 0
2.521733 9.6560497 -0.90869999 0
0.68234998 2.902 -17.834801 1
6.5032501 9.2132502 -19.4725 1
18.77375 -3.8410499 -8.04 1
-8.9861507 8.4865494 20.496399 0
2.4319501 1.45735 15.3356 0
6.29075 4.6833 34.733551 3
15.29285 2.79495 -12.8373 1
2.3269501 4.3990502 18.987801 3
6.97505 5.4576502 37.612999 3
0.70749301 11.718864 -49.306728 2
-4.6825638 11.261035 10.671214 0
-20.747799 -15.5286 51.2537 0
-1.915779 11.126922 6.2949848 0
-17.03805 -1.36295 36.535702 0
4.54215 6.4181499 30.0119 3
8.0804501 8.5455494 -17.732399 1
0.78665 4.5492501 -21.089199 1
3.61145 6.7328501 7.0630999 0
15.084925 -7.0794749 5.547174 1
2.04795 13.39345 -47.732899 2
13.724017 3.91715 -13.010567 1
7.0587502 3.9835501 36.930199 3
3.7755499 4.6710501 27.672199 3
0.65165001 2.13025 -15.8669 1
-0.30368301 6.3390832 -23.731432 1
8.8826694 7.8994699 -16.519299 1
-7.8645501 -5.7852502 38.092899 0
21.70063 -7.6426501 -0.66575998 1
-16.460831 -0.52591002 34.914642 0
4.12923 6.6978898 28.722021 3
2.93471 4.1200299 11.4838 0
1.7258 8.1331253 -19.899277 2
-4.7464499 -3.66765 33.771801 0
3.497633 7.4172339 26.11175 3
-13.470016 3.730983 29.259333 0
-12.318151 4.879735 26.445028 0
-5.5041752 10.8645 12.470725 0
0.70994997 9.2850504 0.7252 0
-13.64355 3.4195831 30.280569 0
3.2150829 -0.064782999 -5.6813998 1
1.26625 8.9398499 -1.2081 0
-15.59875 0.48025 33.710999 0
19.240017 -8.5729828 5.9335999 1
2.5455999 4.5367999 20.76075 3
1.43935 10.83425 -29.4419 2
-0.64644998 11.34315 4.8713999 0
4.2042499 4.8162498 29.681999 3
6.1050501 4.6119499 36.533501 3
8.4232502 3.954283 36.642899 3
5.4403501 4.3420501 31.8514 3
-0.75445002 -1.83605 25.378 0
0.23555 5.4823999 -22.6497 1
5.8725829 5.89575 33.2285 3
-6.0767498 10.44935 13.8458 0
0.92500001 1.26065 -12.260025 1
0.60764998 8.6603498 15.5757 3
12.6975 -6.6912999 4.8998499 1
2.4033501 14.88155 -47.2542 2
0.28870001 8.6184998 13.894251 3
-20.32935 -9.1347752 45.859924 0
-4.04105 -3.2304499 32.2356 0
-1.20175 8.4535503 5.8414001 0
1.2011499 -0.074150003 18.9244 0
5.90938 -2.2978101 -1.5114 1
1.41315 9.4609499 -51.9986 2
-15.3214 -10.7075 45.831051 0
-0.080250002 7.5330501 -15.645 0
-18.654249 -5.7567501 42.7878 0
2.3532 9.8418999 -1.6999 0
-0.64464998 8.2615499 11.41995 3
2.2355499 1.5804501 14.4814 0
3.441417 4.9561501 10.110367 0
-19.492249 -7.9492002 44.935951 0
21.2486 -9.3038998 3.6486499 1
-10.326307 -7.6760359 40.661629 0
0.5783 3.7102499 -19.424549 1
1.19695 8.4127502 18.020599 3
-9.4549503 -7.2140498 40.070999 0
10.050366 7.319416 -15.439116 1
8.315876 -4.4853001 1.6555001 1
-14.9827 1.45315 32.613701 0
0.53514999 12.34795 -51.9981 2
11.72105 -6.4145498 4.3053999 1
-1.21565 -2.0676501 25.9589 0
-1.0262001 8.2964497 8.7329502 0
-16.706705 -12.298849 47.275497 0
6.8673501 4.7347498 36.550999 3
0.79449999 11.1257 0.02785 0
0.88325 1.6424 -13.85865 1
6.3434501 3.9349501 37.122398 3
2.10115 11.104575 -51.9459 2
6.96275 8.8866501 -18.955999 1
-17.751415 -3.708617 40.484901 0
-14.2679 2.52795 31.672224 0
-20.739651 -10.59745 47.0089 0
1.02685 -0.45225 20.1943 0
9.6399994 -5.5232 2.8331001 1
19.95385 -9.3868504 5.3456998 1
-9.6362486 7.7741499 22.157499 0
-0.40505001 8.3280506 12.212049 3
4.54215 4.2505999 30.430099 3
7.6405501 4.7588501 37.304699 3
1.2381999 10.2929 -21.242451 2
0.26214999 8.02775 -21.2017 2
0.248483 9.6772833 -51.92337 2
17.246838 -1.761162 -9.8988123 1
4.5576501 6.8831501 29.2967 3
4.8425498 4.6247501 31.509001 3
0.66305 10.60355 -29.983 2
7.7154498 -3.99595 1.2124 1
20.48765 -5.6614499 -5.2786002 1
1.83085 14.81325 -45.783798 2
13.66695 -6.65065 5.2017999 1
3.503783 10.488716 -22.152868 1
1.34965 8.3578501 18.978399 3
-21.61375 -15.67975 50.251301 0
1.9165829 10.758916 -23.725067 2
18.08675 -2.6726501 -9.0667 1
-8.3333502 9.2632504 17.907249 0
0.74225003 9.3469496 -0.99260002 0
11.868189 5.8694301 -14.0488 1
2.9030499 11.00655 -22.986099 2
1.22315 15.15765 -45.607601 2
20.899549 -6.88445 -3.2339001 1
-15.898183 -11.341049 46.5368 0
1.9525501 16.014851 -46.401199 2
2.0790999 0.56559998 -8.0292997 1
1.4410501 16.023649 -45.912102 2
-17.86935 -12.87455 48.336899 0
10.23765 -5.18785 2.9540999 1
-8.3694115 -6.2347498 38.140942 0
-10.871676 6.5024281 24.056614 0
5.6978998 4.743525 35.050076 3
-5.9222498 -4.75985 35.1749 0
-13.60985 -9.1336498 43.7435 0
-14.270048 -9.7094936 44.511703 0
1.48475 4.6221499 15.0588 3
-19.4655 -6.9432502 43.925049 0
-3.4737501 -3.1379499 31.090149 0
5.3291502 6.40555 31.6481 3
-18.6106 -13.656349 49.161552 0
-9.0740166 -6.322916 39.255833 0
-18.10025 -5.0169001 41.66515 0
-1.97745 -2.25965 28.347401 0
2.2499499 8.2651501 21.4347 3
21.63265 -7.00035 -1.9159 1
-2.2762499 -2.4154501 29.357599 0
1.12245 12.520201 -51.76405 2
-3.67645 11.22955 9.6041002 0
-10.42175 6.9447498 23.6159 0
20.86235 -5.9632502 -4.4794998 1
0.4941 9.0146999 2.1874499 0
1.99625 4.4552498 17.469 3
1.76285 7.9934502 20.6385 3
-6.54705 -5.00175 36.340801 0
-0.65595001 11.45645 4.1802001 0
-0.84600002 8.12675 9.8535986 3
9.3373508 -4.96525 2.4855499 1
2.4943299 13.68867 -48.067039 2
17.88694 -7.8694301 6.1147699 1
2.76705 4.3773499 22.590799 3
0.0094499998 11.43115 2.3498001 0
2.7014501 2.57075 13.6262 0
8.6750498 8.2505503 -16.987301 1
2.91347 4.4138699 21.329 3
11.11445 -6.0020499 3.9126999 1
5.86795 5.00495 36.9459 3
15.72995 -6.9970498 5.5798001 1
1.90075 16.14975 -45.412701 2
1.5202 0.82634997 -9.69695 1
3.66505 6.7704501 27.567301 3
12.64375 5.33495 -13.5856 1
-1.1303 8.2809 7.3162498 0
-4.1531501 11.14585 10.3891 0
0.87914997 12.72485 -47.132202 2
20.14085 -4.9981499 -6.1290002 1
10.88915 -5.19665 3.3203001 1
-3.1918001 11.1616 8.4598999 0
21.871349 -8.3222504 1.0874 1
2.4489 8.2435493 22.120102 3
16.67613 -0.72401202 -10.736275 1
-0.47255 8.7104502 4.3382001 0
2.8620501 2.92115 12.6445 0
-0.24575 7.6784 -24.1682 2
0.64295 8.0100498 -22.5448 2
0.21945 -1.1134501 22.894199 0
-0.37265 11.2663 3.26215 0
-13.05935 -9.5858498 43.662899 0
2.1612501 12.1356 -51.86515 2
2.03385 0.77144998 16.552299 0
0.76601702 8.3619833 17.014366 3
0.50835001 4.4102502 -20.5879 1
-0.62919998 6.7165999 -24.1157 1
16.18425 0.38984999 -11.5817 1
20.90045 -9.0435486 4.0454001 1
-7.0816498 -5.2506499 36.852402 0
-21.819151 -14.96525 49.038502 0
3.5532501 5.6930652 8.8823996 0
0.46755001 10.34895 -22.0923 2
7.6910501 4.3248501 36.917099 3
0.61094999 -0.92895001 21.498501 0
-5.4967499 -4.2932 34.879452 0
0.92343098 4.0941072 -19.698162 1
2.1489501 4.9971499 13.925 3
-2.74735 -2.8318501 29.332199 0
19.573349 -9.2315998 5.8243999 1
-1.48685 -2.0620501 27.368099 0
-19.021549 -13.95175 49.434399 0
1.62615 10.04785 -22.878 2
6.5480499 5.1709499 36.743999 3
0.65565002 2.31055 -16.4116 1
-5.16855 -4.0409498 33.874401 0
1.78425 0.62559998 -8.5641994 1
1.93855 9.66465 -51.842236 2
-21.43285 -16.463051 51.0952 0
3.8132501 7.30825 27.184799 3
-17.181049 -1.55575 37.050499 0
4.9913502 4.5611 32.121498 3
3.50545 7.4347501 5.0801001 0
3.79195 -0.54105002 -4.4432998 1
2.75525 7.4338498 24.232899 3
0.63615 7.8035498 -19.924601 2
1.9999501 5.0911498 12.7215 3
5.5351501 9.7389498 -20.277 1
-17.483749 -2.93645 39.4025 0
1.85195 8.7452497 -1.076 0
5.0941501 4.5912499 33.243198 3
-6.9913001 10.2817 14.853849 0
-20.32575 -15.70735 50.939301 0
-2.5532169 11.478351 7.4969668 0
1.60625 9.8460503 -21.2647 2
-13.892626 3.1057999 30.659527 0
-18.889835 -6.3051119 42.924858 0
-12.31605 -8.7397499 42.89735 0
-14.5352 -10.11985 44.935123 0
-15.61195 -10.97465 46.210602 0
3.15675 4.4834499 10.154 0
0.17415 10.27445 -23.1831 2
19.65975 -4.7295499 -6.8306999 1
7.18255 -3.0901501 0.212 1
-17.307549 -13.116516 48.117268 0
3.1303501 7.7521501 24.492701 3
-0.21895 8.8052502 3.7829001 0
-0.20919999 5.9588499 -23.357899 1
-0.1823 8.3578501 12.70435 3
6.05935 9.4599504 -19.8253 1
-16.95965 -1.95755 37.688698 0
4.28965 9.3389502 -21.083799 1
-21.444151 -11.55905 47.341599 0
-5.4527502 11.04305 11.8374 0
2.01335 8.75385 -21.1523 2
2.0897 1.31575 14.922649 0
15.59015 -7.4370499 5.8484998 1
4.71415 -1.28705 -2.9999001 1
4.6758499 4.5782499 29.928101 3
0.61804998 2.6594501 -17.3654 1
-13.528783 3.4691999 29.718332 0
-2.043283 11.434883 6.7028999 0
-17.382549 -2.60655 38.819901 0
2.927 3.8638999 12.055 0
3.1554 4.4964499 23.865826 3
2.67275 2.5459499 12.9698 0
3.4505501 6.7062502 6.5672998 0
-21.64069 -16.125711 51.839539 0
-18.062901 -4.0689998 40.695801 0
-1.1946501 -1.8599499 26.4485 0
4.38305 6.43365 29.490801 3
3.3330829 6.9656501 26.309267 3
-8.6334496 8.6973486 20.0317 0
4.9852829 6.2659159 31.285568 3
13.19825 -6.7722502 5.0046 1
-8.9012499 8.3536501 20.9893 0
2.77935 3.4732499 12.4984 0
1.22955 9.0113497 -51.824699 2
-10.35795 -7.7915502 41.163101 0
2.14835 12.73635 -48.6408 2
0.63375002 1.97875 -15.2205 1
5.6741662 4.673234 34.542816 3
3.9258161 6.6995158 28.251566 3
5.1853499 -1.5416501 -2.2221 1
-0.03765 12.34375 -51.529549 2
3.3780501 6.4024501 7.4127998 0
-0.92874998 10.894527 -51.924522 2
1.0809 1.6381 -13.370649 1
8.2894001 8.2868996 -17.348049 1
-11.4646 -8.8634996 42.269249 0
1.3597 15.683638 -45.523697 2
-12.941483 4.4363499 27.613733 0
-1.19435 11.36325 5.9287 0
3.7009499 4.5738902 25.92388 3
20.44865 -6.1178498 -4.8841 1
2.2513499 4.4731498 18.497 3
0.893305 3.1158769 -18.302446 1
-21.547649 -16.74795 51.675598 0
1.09655 16.33975 -46.1991 2
0.090449996 5.2609501 -22.070499 1
1.44925 14.12305 -46.024601 2
3.27265 8.2138996 2.46205 0
1.38325 1.10225 -11.6765 1
6.0970998 4.4967499 37.016647 3
2.34535 7.6563501 22.4734 3
-16.3356 -0.093099996 34.709549 0
-3.845288 11.261562 9.139987 0
-6.6143498 10.57735 13.996 0
-0.28134999 -1.39705 24.326 0
15.30035 2.43135 -12.5037 1
0.92397499 3.694875 -19.072887 1
-17.059349 -12.046584 47.508503 0
-3.35795 -2.70855 31.300301 0
2.13445 1.2032501 15.7135 0
2.0429499 7.9741502 21.0422 3
6.7381749 4.1471748 37.321323 3
-16.71505 -12.63585 47.833801 0
-16.03285 0.38765001 33.918098 0
3.4140999 5.8811998 8.2554989 0
-19.910465 -14.907279 50.2869 0
3.64485 0.026450001 -5.4477 1
6.9893498 -3.5274501 0.112 1
-19.04085 -14.80035 49.882198 0
4.73805 6.4254498 30.4811 3
-5.0293159 11.094617 11.126166 0
1.3168499 8.3108826 18.4811 3
-8.4106112 -5.75351 38.279919 0
9.8341093 -5.1091499 2.6698 1
19.0721 -4.0601001 -7.72575 1
-16.935217 -1.1085171 36.13559 0
-1.0157501 11.42935 4.5043998 0
-18.50215 -5.3537502 42.488098 0
21.45665 -7.6995502 -1.0808001 1
3.15695 3.9774499 11.0775 0
6.1077909 4.7467899 35.362122 3
1.111622 11.081536 -1.284971 0
12.54365 -6.3186498 4.6385002 1
-8.6062498 8.9836502 18.9914 0
18.491972 -3.484694 -8.3036108 1
-7.7118001 -5.8227 37.509453 0
0.14444999 8.4264507 14.30945 3
5.5409751 4.5528498 33.052326 3
-22.00305 -13.92715 48.7691 0
5.3214841 6.07055 32.056202 3
-21.826 -12.690825 48.046902 0
1.26335 0.96534997 -10.5056 1
-21.37825 -15.47185 49.786301 0
-0.69690001 11.69765 -51.899101 2
2.57915 8.1026497 22.602699 3
0.077249996 8.1025496 -20.7691 2
-8.9722004 -6.72925 39.48225 0
0.67584997 7.9451499 -21.420401 2
1.5157501 10.761499 -28.9506 2
-20.024651 -8.2554998 45.123352 0
4.9106498 -1.36265 -2.5762999 1
-5.72925 10.70135 12.8908 0
-7.1076498 10.17385 15.6595 0
-11.5173 5.9474502 24.91785 0
-0.108836 9.9062214 -51.679447 2
20.682201 -6.2265749 -4.0838499 1
12.25705 5.6785498 -13.86775 1
-0.00655 5.6489501 -23.0156 1
6.0722499 -2.16855 -1.0907 1
3.4614501 7.1833501 5.52285 0
-13.044316 4.2862501 28.0728 0
-18.325251 -4.6690502 41.418598 0
2.96785 4.4730501 11.1389 0
14.64015 -6.9401498 5.5314498 1
21.8363 -7.7596998 -0.18009999 1
13.60605 4.3563499 -13.0997 1
-7.2909498 -5.66295 36.869202 0
12.87625 4.8343501 -13.5043 1
14.054382 3.618783 -12.885066 1
-13.18275 4.0478501 28.940701 0
1.90435 8.2557793 20.285313 3
-12.136683 5.081399 26.071367 0
-1.124133 -1.723967 25.665117 0
21.658051 -7.29495 -1.1776 1
-2.4767499 11.33265 7.9264002 0
-0.23845001 -1.40675 22.8785 0
1.01785 9.0766497 -1.6346 0
21.896549 -8.9121504 2.6963999 1
-17.42095 -2.0815499 37.706432 0
-7.88375 9.6875296 16.71044 0
0.82055002 9.2769499 1.1659 0
2.2711501 4.3836498 19.887899 3
-19.25135 -14.37175 49.935299 0
2.1428499 0.84034997 -8.3906002 1
-16.091551 -11.61155 46.8493 0
-2.7544501 -2.7095499 30.5411 0
-9.5140495 7.90275 21.742001 0
3.3121901 4.56985 24.89798 3
5.45925 4.5490499 32.310051 3
-19.242975 -6.8607998 43.541523 0
14.702518 2.8221829 -12.5418 1
15.698483 0.68884999 -11.493033 1
0.84985 8.6057501 15.952 3
11.13585 6.6400499 -14.5719 1
2.7016001 7.5456171 23.66675 3
-6.3056302 10.67795 13.497721 0
21.902451 -8.6972504 2.1352 1
1.5605 8.1728001 19.450951 3
-11.95455 -8.6452503 42.649399 0
-2.27665 -2.3490169 28.907202 0
1.2374001 11.0403 -1.79435 0
-0.13835 -1.4432499 23.8971 0
-16.712151 -0.56010002 35.344151 0
0.90189999 1.3772 -12.68885 1
15.49675 1.6506 -12.119749 1
-0.00135 8.3383503 13.7109 3
-0.52214998 -1.52095 24.823999 0
-10.482484 -7.3341169 40.895935 0
0.93384999 8.3477163 17.496332 3
12.12665 -6.4780002 4.46875 1
3.2030499 8.2807503 3.5668001 0
6.519949 5.2956829 35.735737 3
-19.75267 -7.7354898 44.651699 0
3.5411999 4.6884999 26.32345 3
0.40975001 8.3480492 15.1405 3
1.7083 16.299149 -46.122597 2
5.0486498 9.46735 -20.512501 1
6.1385498 4.5748501 35.971401 3
8.1418486 4.2834001 36.69825 3
2.7622499 7.9591498 23.235399 3
0.40265 4.74195 -21.1586 1
-1.624325 11.298399 5.9374251 0
9.2228003 7.8625498 -16.25095 1
4.3390498 6.5395498 29.068249 3
11.68975 -6.1389751 3.9711499 1
3.26125 7.96875 4.4064999 0
3.39835 7.4727502 25.693199 3
3.1823499 8.4620504 3.1017001 0
17.917549 -2.51215 -9.4410496 1
-15.6655 0.69821697 33.342617 0
2.0755999 4.973825 14.350275 3
-0.95475 8.58745 7.6019001 0
16.675137 -0.92840701 -10.311257 1
-22.057051 -14.68015 49.257401 0
2.471683 4.4826498 20.257002 3
1.50485 4.5701499 16.5184 3
21.659883 -8.1638498 0.69239998 1
4.5563502 4.6385498 31.059799 3
5.5618172 5.8587508 32.933197 3
6.0682998 -2.6468 -1.1314 1
13.72005 -7.0598502 5.3197999 1
0.48945001 -1.04845 21.915899 0
-9.7134485 7.3361001 22.327 0
2.5645499 9.4966497 -0.32589999 0
14.27405 -6.73875 5.3752999 1
-21.645683 -12.341783 47.878468 0
16.941349 -7.3462 6.0749002 1
-9.3748503 -6.5320501 39.641602 0
-8.3508501 -6.0657501 38.5639 0
-9.9030247 -7.313025 40.263515 0
-12.511549 4.6647902 26.860819 0
-6.8647499 -5.2807999 36.357803 0
4.1731501 -0.88835001 -3.7665999 1
0.1012 7.7006998 -16.7243 0
-4.5355 11.274349 10.2655 0
-4.0883498 -3.4231501 32.607899 0
6.6754999 -2.7646 -0.3554 1
-14.88865 1.84355 32.487602 0
1.96635 4.6901999 17.121849 3
2.1398499 1.11085 15.304 0
0.73724997 1.71875 -14.2913 1
1.91905 0.69854999 -9.4919004 1
-10.88225 -8.3562498 41.677601 0
0.70761698 9.0342836 2.7196331 0
4.7561498 6.7574501 29.8948 3
4.5349498 -0.53724998 -3.6830001 1
-10.889137 6.10885 24.248611 0
3.89165 4.7051501 28.0716 3
-9.8966951 7.4688411 22.748301 0
1.3096 0.021400001 18.50955 0
2.2904661 1.928683 14.2587 0
2.4110501 2.4539499 13.9015 0
-17.497749 -12.697083 48.164734 0
4.2281499 7.0115499 28.4685 3
-3.5263 11.26855 8.7314749 0
1.87927 12.43707 -49.455196 2
-19.057449 -7.0079498 43.891701 0
0.31445 10.98945 1.6637 0
0.88634998 4.1456499 -20.376101 1
2.29895 15.093117 -46.915401 2
8.1113682 -4.2583799 1.2919329 1
-3.76845 -2.9646499 32.055801 0
3.6245501 4.6627998 27.12925 3
-6.3056502 10.3102 14.3204 0
9.691576 7.3422251 -15.6406 1
21.45145 -7.0107002 -2.2866001 1
-11.81855 5.65205 25.452101 0
7.6846499 4.35465 37.370399 3
8.6134501 7.8204498 -16.819799 1
0.70797902 -0.36524999 19.871714 0
21.60165 -9.1896496 3.4621999 1
-0.90254998 8.617651 5.3734498 0
0.100305 8.5710773 12.909481 3
-16.24925 0.15555 34.267067 0
3.4071169 7.8742828 3.6968329 0
1.46845 0.28310001 17.82275 0
-16.654701 -11.90255 47.193649 0
5.6990261 -2.0489881 -1.914825 1
0.1119 7.7568498 -18.128349 2
11.507776 6.0502248 -14.138725 1
2.0373831 10.704216 -51.970837 2
-9.0072498 8.5088501 20.0916 0
2.36115 5.4505501 10.4926 0
16.21295 -0.00315 -11.2529 1
3.099417 10.717183 -22.623499 2
-6.7055001 -5.11235 35.962051 0
-0.41125 8.4320498 11.7029 3
-0.78095001 8.3480501 10.3281 3
4.29355 4.75945 29.272898 3
3.627717 7.3457999 26.485901 3
5.3175001 4.6485801 33.68631 3
-10.47185 -7.1912498 40.520199 0
0.52824998 11.2945 0.9314 0
19.81905 -4.8671999 -6.4895 1
17.212151 -1.48895 -10.2217 1
-14.08801 2.4980171 31.315546 0
-1.03275 8.3789501 9.2103996 0
-19.461082 -14.721955 49.917004 0
1.79465 9.2957497 -51.8876 2
2.10975 4.9962502 13.0978 3
6.85005 4.6307502 37.084999 3
1.12765 1.04225 -10.8914 1
-12.07595 5.0728502 25.6798 0
-1.13585 11.485701 4.9535499 0
20.12265 -9.7867498 5.4102001 1
0.39405 10.20305 -30.057501 2
-11.48705 -8.3712502 42.037998 0
7.4152498 -3.8522501 0.88779998 1
-6.00385 -4.3060498 35.096199 0
2.89955 8.9218168 1.3771 0
-19.82925 -8.1366501 44.748798 0
-0.077917002 11.114083 2.5648 0
1.40865 4.6767502 16.132 3
-0.50615001 11.45285 3.7107 0
0.90135002 9.3388004 -0.52724999 0
0.16125 11.01375 2.0703001 0
-17.26915 -2.3994501 38.4487 0
-5.8453002 10.6738 12.493851 0
-8.4562502 9.1202497 18.300375 0
2.3550501 14.51155 -47.4972 2
1.79505 4.7952499 14.6999 3
17.488424 -2.0583749 -9.8264742 1
19.396049 -4.6161499 -7.0939999 1
5.64255 4.4921498 34.025398 3
-4.3835502 11.06945 10.8305 0
10.85955 6.8278499 -14.7713 1
0.71125001 9.2701502 0.33669999 0
-21.479218 -16.042816 50.280567 0
21.582716 -8.244916 0.32100001 1
16.52545 -7.5563998 6.0128498 1
1.91485 8.2443504 -20.218 2
-7.5619502 10.01175 15.9422 0
15.57245 1.60785 -12.998 1
0.66829997 11.27475 1.3576 0
2.2260001 11.528351 -51.90395 2
-9.27985 -6.9725499 39.825401 0
-0.27395001 11.42625 2.9245999 0
2.9493999 4.51685 22.900749 3
1.1452 11.142 -0.36295 0
-21.072916 -15.730583 51.436035 0
2.5162001 0.31465 -7.0520501 1
1.60725 15.1675 -45.593102 2
8.5987501 -4.8171501 1.831 1
-10.68657 6.4910102 23.720779 0
2.0701499 5.01755 12.3518 3
-1.15755 8.3811502 6.2558999 0
2.40885 8.1079502 21.7649 3
-13.64645 -10.07535 44.243801 0
-6.1044502 -4.6578498 35.494148 0
0.11855 10.27285 -21.732401 2
2.4685669 9.688117 -1.284367 0
1.07335 -0.20655 19.4009 0
-18.93619 -14.319045 49.484531 0
-8.68505 -6.4805498 39.1371 0
0.59855002 7.9990501 -22.167999 2
1.82725 0.58815002 16.2927 0
-21.37645 -15.85765 51.877499 0
1.11745 10.899883 -0.95193303 0
6.3007498 5.6559501 34.821602 3
-20.5277 -9.5415735 46.076599 0
-0.31417 6.70261 -23.855921 1
3.2383599 5.5355692 8.7555494 0
2.9454501 0.10895 -6.131134 1
-10.98285 -7.89115 41.47015 0
-4.5405998 -3.3857501 33.245102 0
3.0933499 4.1817498 10.7146 0
-2.2274499 11.33505 7.6075001 0
0.71265 -0.70569998 20.553301 0
1.54585 8.7715502 -0.86580002 0
-18.23365 -12.90715 48.5774 0
-14.03187 -9.9600496 44.375858 0
2.5069499 7.5488172 23.3507 3
-5.3691502 11.12105 12.1905 0
-21.855999 -13.5595 48.67725 0
15.8819 -7.6606002 5.8977499 1
3.9186499 -0.27065 -4.763 1
2.1921501 4.35885 19.4111 3
1.07265 -0.42105001 18.9433 0
-10.271717 7.0552502 23.296432 0
1.29425 4.6588502 15.3736 3
1.705529 8.3319511 19.07176 3
-12.64811 -8.9115696 43.118679 0
1.6925499 15.89295 -45.5756 2
1.38095 0.90815002 -10.1283 1
-15.89195 0.33765 33.540199 0
0.44655001 10.35705 -22.4659 2
-17.84745 -3.6358171 40.113266 0
1.57645 8.4832497 -23.696899 2
0.30825001 4.9538002 -21.534199 1
-20.61355 -15.92145 51.226799 0
4.0562501 -0.67954999 -4.2315998 1
7.33145 4.2595501 36.929199 3
4.9141002 4.5811248 31.104574 3
2.71435 11.24335 -23.190001 2
-20.295832 -15.503759 50.485733 0
20.78705 -9.6005497 4.6492 1
0.64434999 8.0030499 -21.803699 2
-6.3450499 -4.9527502 35.5807 0
-0.13465001 5.6380501 -22.674801 1
8.4943504 7.9767499 -17.1455 1
11.37005 -6.28475 3.8757501 1
0.93585002 8.5073252 16.460724 3
-1.06625 8.4078503 8.3511 0
-3.6149499 -3.1315501 31.4848 0
2.08655 11.07595 -23.528299 2
10.24565 7.085475 -15.241276 1
-18.947817 -5.9311829 42.911236 0
5.7216501 6.1315498 32.7556 3
0.45484999 8.3374004 15.5212 3
-0.66600603 8.2957058 11.061524 3
-17.092649 -1.76775 37.328247 0
3.4841001 4.4587002 24.234951 3
1.94345 0.59794998 16.892799 0
3.2323 6.7164998 6.2499499 0
3.69625 7.2972498 26.8354 3
-13.127659 -9.2964678 43.461155 0
6.3393998 -2.7118001 -0.47080001 1
14.07895 3.21595 -12.869 1
-2.86695 11.30695 8.4257002 0
-0.031849999 8.8324003 3.4403501 0
6.1579499 5.8131499 33.785099 3
0.71404999 -0.93094999 21.139099 0
2.5878501 2.2825501 13.4512 0
6.2395501 5.7146502 34.476151 3
-7.4914832 -5.331316 37.156265 0
4.0548501 4.59975 28.989901 3
-7.0739498 10.2289 15.27855 0
3.3231001 5.20755 9.6209002 0
-20.556074 -9.9365501 46.291801 0
19.28495 -8.9155502 6.0082998 1
21.0567 -6.5603499 -3.3768499 1
3.3060501 7.6127501 25.3125 3
21.56505 -8.47015 0.89490002 1
-20.97555 -10.41845 46.816799 0
10.38695 -5.6234498 3.1182001 1
-15.82835 0.28815001 34.187099 0
3.1112499 3.8727 11.69485 0
-14.91725 -10.722549 45.6991 0
0.31105 -1.0818501 21.597099 0
1.54795 0.12125 17.291149 0
0.02135 -1.25725 22.577299 0
-14.6254 -10.486099 45.094425 0
-20.226217 -8.6524496 45.575104 0
-20.848 -10.948851 47.058449 0
-0.86185002 11.41075 -52.007 2
2.2914169 12.91155 -49.090931 2
18.1446 -3.0464001 -8.9257002 1
3.2451501 8.3854504 2.0676 0
2.14045 0.4991 -7.6582499 1
15.6732 1.3636 -11.916201 1
11.187109 -5.7698898 3.6654401 1
-18.022501 -4.3615599 40.937576 0
3.2937829 0.22248299 -6.0368328 1
18.885183 -3.76355 -7.7213001 1
17.500031 -7.8772211 6.0695601 1
-17.61875 -2.7251501 38.596901 0
-18.514639 -13.329116 49.063221 0
21.652649 -7.2439499 -1.5316499 1
6.6371498 4.9272499 36.999599 3
0.68851697 4.1405501 -20.093134 1
-2.8604 -2.8643999 30.112499 0
7.2822499 -3.3471501 0.41949999 1
-2.00265 -2.4423499 27.4062 0
3.18325 7.6823502 24.8263 3
2.5378499 5.0922499 13.4504 3
0.92007202 3.7252281 -19.460669 1
20.694 -9.6848001 5.0552502 1
1.94393 5.24577 11.374681 0
-0.124717 -1.08895 23.059265 0
1.46375 11.03115 -1.4886 0
18.81255 -8.1427498 6.0598001 1
2.87815 7.9197502 23.5741 3
-14.42995 2.3148501 32.069698 0
-0.84464997 10.55805 -52.001099 2
20.064199 -5.3917999 -5.3973498 1
9.2453499 -4.7571502 2.2320001 1
0.61295003 4.7247 -21.42605 1
-8.2795496 9.3742504 17.551201 0
-12.34905 5.0459499 26.7404 0
21.20085 -6.8710499 -3.0142 1
-5.2743001 11.0842 11.54355 0
-1.75815 -2.2112501 27.9895 0
-17.64315 -2.9719501 39.10564 0
19.730301 -9.4691496 5.6410999 1
-0.02135 7.5487499 -15.978 0
2.2550499 1.03845 15.9834 0
3.0957501 4.3141499 20.9487 3
-9.1205702 8.0927315 21.079861 0
-18.287849 -4.9619999 41.963501 0
-15.257151 1.28625 32.879547 0
-5.7605829 -4.5022502 34.9007 0
10.85155 -5.59905 3.4988 1
-0.47275001 7.8969498 -24.287149 2
3.78215 6.7625999 27.88295 3
-14.321691 -10.11865 44.674782 0
-6.4441171 10.452633 13.706084 0
9.0592833 -5.0304499 2.1682999 1
-13.81135 -9.3955498 43.991199 0
7.9095502 8.72435 -18.094801 1
9.1674004 7.6627498 -15.98715 1
10.96545 -6.08465 3.5941 1
-5.9174099 10.61477 13.259779 0
