# .PCD v0.7 - Point Cloud Data file format
VERSION 0.7
FIELDS x y z label
SIZE 4 4 4 4
TYPE F F F U
COUNT 1 1 1 1
WIDTH 1036
HEIGHT 1
VIEWPOINT 0 0 0 1 0 0 0
POINTS 1036
DATA ascii
-1.8832 25.322866 -62.805904 2
23.566809 -1.516692 -13.199007 3
23.52301 21.547459 57.894741 0
-22.7097 -28.812099 62.760101 1
-22.066833 -11.1797 51.019436 1
-7.4169331 13.397301 25.680801 1
6.5690999 7.7275 -14.2614 3
1.61945 20.321751 -7.4909 2
15.3862 20.2174 45.382099 0
14.0975 13.6569 -25.692699 3
0.41339999 3.4479001 30.321199 1
-9.6684408 -6.7929521 51.58305 1
-18.910601 -2.3489001 43.819401 1
-17.626751 -18.749199 58.838223 1
-13.67837 7.4533901 33.386292 1
19.387964 4.4162359 -21.807795 3
14.08515 1.82735 -8.6919498 3
6.5875001 20.179199 24.9737 0
4.6719341 10.30022 8.9236937 1
1.6688 11.1976 -24.3022 3
2.9484251 7.8991499 22.921024 1
7.8618999 18.355099 -29.539227 3
11.63525 19.135725 38.028076 0
11.143675 13.509701 24.273975 0
4.6558251 20.340351 17.3433 0
20.460833 19.486933 51.234131 0
-3.991492 17.374046 14.146498 1
-23.606405 -22.953245 58.372387 1
-2.2112 -0.81674999 35.8162 1
0.28330001 19.7022 -0.48300001 2
0.080600001 28.2078 -56.456699 2
-23.1576 -16.321701 55.50655 1
8.6129751 19.357651 31.302475 0
17.25145 17.050566 40.044884 0
-5.4828 -3.3886499 45.161449 1
3.9836991 8.549015 16.631338 1
-0.50510001 16.3675 -33.258701 3
5.283083 16.010134 -6.3713002 2
-10.900126 10.6224 29.211723 1
22.157835 1.134442 -17.984762 3
5.9850669 14.550167 6.095633 0
5.3716478 13.744824 12.844621 0
2.2356999 20.591299 -13.8016 2
3.763658 20.477873 -32.070995 3
-20.676201 -6.4379001 47.383301 1
4.7988439 16.741577 -11.383311 2
-3.41835 -1.9432 40.362602 1
3.1192999 19.190567 13.025017 0
-19.546625 -22.69585 60.651474 1
19.11504 18.459888 47.070618 0
13.694 19.150299 41.655201 0
20.9694 21.811501 54.644798 0
-15.259923 -15.62788 57.275555 1
9.3872004 13.0867 20.6817 0
12.813498 14.256372 27.768826 0
10.908134 3.6035841 -10.404984 3
-3.321604 21.55229 -62.836731 2
22.7652 -2.8427999 -9.4511003 3
-1.01455 0.9052 32.66555 1
17.40745 20.766048 49.17395 0
8.5949707 5.7257128 -12.056433 3
4.052175 14.582775 9.0044003 0
-22.4382 -13.5887 53.620399 1
0.63084197 14.551999 -30.642061 3
0.89275002 12.839158 -27.111435 3
1.4385 6.1136498 28.05065 1
16.963242 0.54815 -7.877563 3
-5.2523999 14.8495 23.1593 1
-3.9005001 16.5364 17.603701 1
4.250267 8.9370661 13.518933 1
1.327333 17.731667 5.7996001 0
2.1845 10.8602 -21.207701 3
-12.438256 9.006053 31.11561 1
7.0416002 12.8928 15.2869 0
5.051188 11.696175 6.4013252 1
3.17715 15.18545 5.7927999 0
5.1096501 8.7388496 -16.70475 3
23.2041 -0.23100001 -15.6976 3
14.833646 15.575368 33.794552 0
-12.5295 -10.5475 54.642799 1
-23.492201 -20.199183 57.571098 1
-15.4932 4.7364001 37.272099 1
12.3519 15.4854 -26.369801 3
20.7869 2.7849 -20.3274 3
18.027725 6.453836 -23.364204 3
9.6065121 17.249149 -27.805199 3
-14.535584 5.851902 35.299618 1
19.556351 21.427399 52.717598 0
10.63156 18.949646 35.836563 0
-10.8503 -8.3878002 52.908699 1
9.7472668 18.5273 33.492832 0
-0.98834997 26.157825 -56.940224 2
-21.030201 -24.326851 61.486801 1
2.0887001 18.7803 -31.2759 2
-6.4840002 -4.2684999 47.154949 1
8.2688608 13.416622 18.704195 0
-21.441099 -8.7376003 48.7169 1
-0.56400001 19.007351 5.1279001 1
-2.6420021 18.319851 9.2068596 1
-3.582267 17.736099 11.79455 1
1.002 20.0439 -2.8884001 2
1.345 17.6304 3.5376999 0
-1.6009229 22.912743 -62.826965 2
-4.6747808 23.275835 -62.806393 2
22.155922 20.848066 56.203259 0
21.246675 20.133675 53.283268 0
-8.2727003 -5.6749001 49.861099 1
-14.530926 -13.812925 56.451477 1
-21.843449 -26.900164 62.093575 1
3.7151 19.800663 15.194475 0
12.833011 19.404867 39.748272 0
-23.489309 -24.930099 59.306499 1
0.082635 19.299177 1.56872 2
1.8985831 20.459557 -11.507646 2
13.126041 14.873533 29.656792 0
-4.4167829 -2.675833 43.204964 1
11.453276 14.2609 26.093601 0
5.2030001 20.385574 19.35055 0
-0.22939999 27.080551 -58.535301 2
10.3545 13.1826 22.496599 0
-1.9085751 -0.041274998 34.062252 1
17.965 17.6343 41.7966 0
-3.651098 24.912367 -62.482643 2
-18.66415 -20.111225 59.660599 1
5.2582002 12.9125 5.0966001 1
-0.32870001 2.444 31.80805 1
15.363417 15.872883 35.469517 0
7.4605122 13.391927 17.117004 0
2.3222129 18.414593 10.339479 0
0.85773599 4.7321448 29.186749 1
2.025825 20.429125 -15.530766 2
8.2698908 19.444613 29.582743 0
-22.141319 -12.451225 52.339417 1
10.668445 16.270567 -26.823631 3
-1.4311 27.900801 -57.131802 2
-22.837299 -27.301201 60.748501 1
3.5016 8.2814999 21.3836 1
1.3816 20.370501 -9.2370996 2
3.8434999 8.3259001 14.994 1
-2.6817501 -1.2248 37.30695 1
18.41843 -0.164537 -7.8389802 3
3.6526999 15.178 7.5650001 0
-11.751059 -9.6201887 53.405941 1
14.279099 15.093367 32.373749 0
16.262028 9.9419003 -24.897621 3
16.673712 20.435308 47.734524 0
-4.803175 15.281025 21.655624 1
5.6772752 14.629625 4.4320002 0
1.5728 11.223 -22.602699 3
-2.3243999 22.648199 -59.193802 2
0.21717501 15.324276 -31.919224 3
5.0514169 20.08849 -31.247334 3
-13.5174 -11.8794 55.6534 1
3.5520799 8.3021212 18.299299 1
4.1514001 9.6471004 -17.6224 3
21.43185 -1.343945 -8.3221836 3
-21.8048 -10.0234 49.888802 1
-16.89045 1.87415 40.81905 1
-18.074501 -0.72286701 42.183231 1
9.7649994 4.7068 -11.048349 3
2.5798831 7.509583 24.311357 1
-3.12815 -1.34315 38.911247 1
0.01825 19.094501 3.6393001 1
21.646601 20.332001 54.678699 0
6.1245232 8.1964064 -15.57478 3
-4.3215332 16.178482 18.956966 1
-19.409599 -21.357201 59.823002 1
14.80531 12.401311 -25.472212 3
6.7370381 18.944273 -30.291641 3
-23.29837 -21.601799 57.89835 1
-17.204451 -17.325392 58.197052 1
4.7502999 16.356651 -10.0007 2
0.44534999 18.785917 -32.001324 2
-2.7197001 18.130375 10.61905 1
2.7003 10.453414 -19.947031 3
16.309885 19.868357 46.425591 0
7.3319001 19.8743 27.1089 0
-13.0197 8.4095001 32.2603 1
15.560348 0.89003599 -8.237195 3
-7.2965498 -4.5802999 48.664352 1
19.575249 18.734901 48.372051 0
1.8314 6.8168001 26.7127 1
-1.928556 21.509392 -62.790226 2
5.0741 11.1498 7.8965001 1
18.283501 17.759399 44.229698 0
-10.2012 11.3451 28.238199 1
-16.301834 -16.342701 57.895702 1
-1.062 24.663099 -60.134998 2
4.2035999 8.9341002 12.0657 1
13.891133 19.852234 42.834064 0
15.3724 16.6574 37.025799 0
4.6927252 9.97785 10.224649 1
2.686419 19.067749 11.763055 0
5.8631001 13.6572 14.0847 0
-23.282583 -26.054811 59.982067 1
13.780849 14.600201 30.77475 0
20.01235 19.178501 49.841499 0
2.9751461 21.156244 -32.852581 2
5.2676001 16.0408 -7.8386998 2
21.997101 21.7213 57.150902 0
22.757999 0.51920003 -17.018999 3
-14.0932 6.697876 34.348038 1
-21.087549 -7.5811501 48.086899 1
18.726028 5.3549008 -22.596407 3
9.284584 19.078667 32.352455 0
-20.081041 -5.0580659 46.76738 1
-22.9144 -19.1378 57.181702 1
4.7679 13.7419 11.7284 0
-22.191093 -28.115717 61.844791 1
21.553951 1.8953 -19.263577 3
-9.0712509 -6.3543 50.573273 1
-0.89413297 17.711617 -33.837551 2
5.8113999 20.361116 21.939308 0
-13.8893 -13.0471 55.724197 1
11.831249 3.1071751 -9.7818003 3
21.85218 21.788849 55.482025 0
13.070222 2.3403449 -9.1949778 3
-6.5647001 14.0047 24.753799 1
20.053373 3.59534 -21.104435 3
15.22365 19.591949 44.3652 0
10.319966 13.920867 23.509634 0
-4.2360001 17.006599 16.0856 1
-0.66469997 28.812099 -57.196201 2
-8.1274004 13.0406 26.6952 1
-1.243439 18.750961 6.0566769 1
1.068033 17.124701 2.5119331 0
-1.948531 18.354609 8.2604647 1
3.3584001 19.460899 14.1364 0
13.073025 14.5858 -25.953426 3
23.473267 -1.642633 -12.038567 3
0.97619998 12.1284 -25.233999 3
21.919483 -2.3676381 -8.8303709 3
5.4087501 20.43405 20.598951 0
-6.1664829 14.282949 23.717434 1
-0.50782597 27.132181 -56.591999 2
18.772926 18.146549 46.04435 0
8.8629999 17.723768 -28.527067 3
15.82562 10.901999 -25.272282 3
-19.631399 -3.6309669 45.425766 1
12.8885 19.6019 40.844601 0
2.1210999 20.576851 -12.69585 2
-5.9345999 -3.8418 46.287899 1
0.79006398 13.801251 -29.608168 3
1.036625 12.910965 -28.210449 3
23.217449 -2.5360999 -10.60285 3
0.53609902 19.413328 0.55220002 2
-22.953796 -17.349874 55.84663 1
-18.383465 -1.615409 43.212181 1
17.183599 7.9791999 -24.2054 3
4.5157342 13.947101 9.7511673 0
6.8193002 13.4606 16.2472 0
13.079651 14.210837 28.811562 0
13.5749 15.3203 31.544001 0
17.943617 17.72485 42.861767 0
22.8547 21.599949 56.4958 0
7.188067 20.033499 26.040085 0
-0.85470003 24.8251 -62.786098 2
6.473413 20.20295 23.887211 0
12.367434 18.793549 38.719166 0
-14.976549 -14.862625 56.597298 1
-4.6841998 24.3274 -62.92495 2
7.9534001 6.1666999 -12.772133 3
5.2761002 16.492001 -9.1030998 2
7.8935132 19.661263 28.5688 0
5.1307001 15.6336 -5.4156499 2
1.334397 12.0886 -26.378666 3
1.8069 18.559601 -35.494598 2
20.921692 19.842827 52.21077 0
12.324245 13.943188 26.810432 0
-0.93835002 12.744801 5.1394501 1
1.260733 17.577116 4.7955999 0
23.526199 -0.76069999 -14.7332 3
1.187433 20.063866 -4.3374171 2
-20.211763 -23.610878 60.9977 1
14.3649 20.0207 43.699799 0
-23.563286 -24.015404 58.932831 1
-15.839749 3.959784 38.962631 1
5.0583 20.4088 18.374975 0
-15.1232 5.322 36.243401 1
9.6343822 13.681833 21.55245 0
-18.263 -19.44805 59.06575 1
1.9492 18.830999 9.4126997 0
-19.318401 -3.0002 44.675148 1
-0.39520001 14.498301 -3.6795001 2
-0.60495001 1.5574369 32.064011 1
5.8003831 19.529678 -30.839756 3
-22.880585 -15.574117 54.982265 1
6.3993888 13.455289 14.841817 0
-2.188941 -0.4549 34.859993 1
7.1469288 7.13696 -13.812809 3
14.151125 15.759375 33.175976 0
3.125 10.1832 -19.133301 3
2.4503 7.4926 25.237301 1
9.8198004 18.965799 34.487301 0
-23.443649 -18.499424 56.777451 1
-1.6860501 25.04845 -57.962502 2
-0.20657501 19.023426 -33.048378 2
8.3882999 13.4637 19.6434 0
5.2412 14.6692 6.6159 0
10.2672 3.7591 -11.0349 3
22.866161 21.188532 57.298668 0
1.641956 18.041018 8.1015997 0
8.7572002 18.891001 30.4111 0
1.3519 17.857401 6.6796999 0
-22.882383 -27.897333 62.35405 1
7.4924831 12.887401 16.271175 0
20.6646 -0.86159998 -7.9303999 3
-0.070133001 15.912399 -32.501266 3
2.208647 10.741159 -22.248587 3
17.6369 7.3299999 -23.8389 3
10.2673 16.889 -27.373699 3
5.5355 8.7471256 -15.95215 3
4.4154172 9.52174 11.334002 1
-0.97680002 24.993799 -59.343201 2
19.374399 -0.1603 -8.1075001 3
3.8689251 8.4486256 19.08345 1
11.13585 14.111333 25.023636 0
5.3133001 13.3606 4.1533999 1
-4.4882998 15.46175 20.88365 1
-22.543449 -14.477288 54.10675 1
-21.699499 -25.954 62.069698 1
-8.6089363 12.402991 27.098167 1
3.909162 8.5178003 14.165937 1
14.845095 1.119671 -8.6164217 3
1.643275 11.38305 -23.41885 3
16.063234 16.248299 37.251358 0
22.8815 22.0681 57.804001 0
21.874802 20.527168 55.453613 0
-11.1987 -9.1384001 53.015598 1
4.709538 9.0820885 -17.335762 3
15.7344 16.10605 36.454651 0
4.94414 11.28078 7.0973601 1
-15.550977 4.4036541 38.016537 1
3.6182401 9.9713097 -18.393555 3
16.8246 8.8527002 -24.530899 3
-1.674576 0.533898 33.422527 1
7.6696 13.5266 17.937599 0
16.8839 16.6824 39.308701 0
17.60445 -0.13975 -7.9044499 3
15.25661 11.475628 -25.280182 3
0.94316298 13.427262 -28.898058 3
0.3633 19.311899 2.5644 2
-23.6887 -22.157499 58.453499 1
14.92175 16.405899 35.875 0
-20.562599 -24.972149 61.3965 1
0.77248299 19.757418 -1.253392 2
12.0249 14.4475 27.3552 0
1.4839 11.5299 -25.121601 3
1.63155 20.392963 -8.2923622 2
-19.63945 -21.86355 60.386917 1
16.18705 20.386801 47.00935 0
-19.77248 -4.4725862 46.339664 1
-0.24838801 19.04863 4.3789101 1
0.68309999 20.036699 -3.6777 2
-4.36483 15.591757 19.787281 1
10.9886 19.0005 37.134998 0
15.7163 20.3032 46.151501 0
-3.5992 17.5121 13.4829 1
0.20569 18.80492 -30.933508 2
-4.1719499 -2.2130499 42.584999 1
18.806133 21.182539 51.313026 0
4.2603502 19.925018 16.60535 0
18.463404 17.984024 44.949074 0
7.637167 19.754461 27.810156 0
3.8259001 15.0436 8.4252014 0
-3.5053999 -1.8104 39.395199 1
8.2354326 17.961391 -28.905268 3
10.704647 18.41094 35.217091 0
23.5168 -2.38185 -11.294833 3
-16.511696 2.492867 40.447418 1
7.5701199 6.7443352 -13.12386 3
-2.6575029 25.023319 -62.809616 2
9.0973997 5.2714 -11.5189 3
-20.414 -5.7219 47.329201 1
1.9594001 18.072201 9.1295004 0
22.519602 21.616465 55.818436 0
12.380088 2.6078451 -9.6467457 3
-11.02195 10.248175 29.8536 1
0.48370001 14.4775 -29.731899 3
-2.6284139 -0.86828798 36.561386 1
17.84 21.0273 49.934799 0
-2.624825 21.828098 -62.822399 2
5.8311591 14.5836 5.3630252 0
2.609678 7.8292222 23.636057 1
-21.479618 -9.2486477 49.25935 1
12.5497 14.65415 28.530449 0
-8.7418499 -5.6904502 50.5009 1
3.7091999 8.3267002 20.382999 1
-17.2966 1.0802751 41.320625 1
16.235283 0.775617 -7.9643831 3
2.3615 18.946301 11.04985 0
16.615688 16.739546 38.36348 0
-23.573919 -20.873617 57.850681 1
17.083433 20.680534 48.517368 0
1.19724 5.4421959 28.213552 1
-16.2341 3.0337 39.829899 1
9.7987003 13.7748 22.2591 0
-22.45985 -13.18505 53.011497 1
14.4409 13.03775 -25.514599 3
-18.738356 -20.834572 59.683212 1
5.869875 20.335876 22.662926 0
3.6812389 8.5578632 15.97393 1
-15.667483 -16.2791 57.557251 1
1.930367 20.755568 -37.543667 2
2.1063001 7.0324998 25.8671 1
20.193718 19.433424 50.489609 0
11.424919 3.056952 -10.372203 3
-3.8828001 17.5268 12.4124 1
4.4268498 9.4103498 10.62505 1
-3.6851001 -2.1851499 41.2066 1
22.943523 0.134275 -16.295839 3
8.3584995 19.4772 30.3106 0
-10.406006 10.96475 28.808832 1
13.547633 19.806299 42.207867 0
18.261744 18.059578 43.581524 0
8.5953999 12.9036 19.252701 0
-0.86037499 17.010277 -33.7211 2
3.022433 17.223867 -32.220768 3
13.182625 19.691799 41.485077 0
-15.0994 -14.1392 56.723099 1
-0.58004999 28.154837 -56.945801 2
18.4142 21.0352 50.414825 0
11.804737 13.792908 25.696081 0
-2.9793 18.2854 9.8532 1
-17.611099 -18.019402 58.564003 1
-5.2175999 23.8792 -62.834099 2
7.1932969 18.521255 -29.894543 3
-1.430433 25.761236 -57.324768 2
3.5531001 20.1141 14.5874 0
4.8653998 14.2029 10.9015 0
15.8028 16.837002 37.62495 0
4.005837 19.839062 15.855835 0
1.2617 11.761 -24.223949 3
22.891073 -2.228317 -10.045615 3
10.128609 18.418308 34.181633 0
19.144222 21.223066 51.920197 0
3.6222999 20.9629 -32.6861 3
-3.3545599 17.897751 11.01016 1
-13.005825 -11.098576 55.047249 1
-1.3430001 23.782101 -62.825302 2
18.294298 6.012701 -22.905867 3
-0.19437 18.985075 -32.360523 2
-14.918961 5.1426072 36.877468 1
11.7289 14.4352 26.6998 0
5.1253901 16.166889 -7.02426 2
-13.49925 7.6856499 32.764702 1
9.3916998 19.053301 33.0368 0
-9.4966002 11.905734 27.941101 1
1.11435 5.3331499 28.88335 1
-21.76815 -10.641537 50.551315 1
9.9549999 13.12455 21.780849 0
-10.034822 -7.497942 51.86293 1
-5.3636498 15.05935 22.445499 1
8.97645 13.536375 20.382275 0
2.1817999 19.0509 10.1566 0
-23.1535 -18.027243 56.302361 1
6.2403002 8.0443001 -14.927 3
-6.8558998 -4.7365999 48.000999 1
-22.17515 -27.474737 62.205719 1
-22.342867 -28.131102 62.680737 1
1.8589669 20.476433 -9.6968994 2
21.494738 20.18465 54.042412 0
-1.4276 28.567551 -57.065952 2
16.3694 9.3382177 -24.629166 3
14.816349 20.110775 44.267776 0
-9.4811497 -6.2677999 51.09 1
-0.230167 26.498684 -58.908081 2
4.6023002 20.4151 -31.6416 3
11.766522 18.706696 37.540272 0
-4.081512 16.19252 18.341379 1
1.0546 17.1387 1.8545001 0
0.71960002 4.4555998 29.888599 1
0.036449999 27.478149 -56.474548 2
14.235146 1.224179 -8.8975639 3
5.1615791 12.784538 4.423583 1
4.780951 10.878584 8.4140844 1
-4.30545 22.741199 -62.876198 2
-4.1294999 17.28245 14.8028 1
21.500608 -1.992608 -8.3241997 3
0.47903299 14.814267 -31.219433 3
23.243793 -1.9065371 -10.942656 3
-10.598891 -7.942934 52.424107 1
-1.2686419 18.6926 6.778091 1
13.453517 14.11705 -25.713867 3
-12.009607 9.5241919 30.646835 1
3.028348 19.368675 12.408913 0
10.6433 13.27495 23.08375 0
1.1174001 12.5672 -27.653799 3
4.1289001 20.400101 16.1481 0
0.853733 19.811007 -2.293823 2
0.94090003 12.5923 -26.4433 3
3.9893501 14.2869 8.4388504 0
8.9540997 19.300699 31.8515 0
-23.15419 -26.686409 60.2827 1
10.117701 13.780701 22.919201 0
19.807146 4.0085802 -21.525064 3
-1.611674 22.201025 -62.791332 2
9.5702496 18.5422 32.623699 0
-6.4232359 -3.7134731 46.846298 1
2.26615 20.556749 -14.93045 2
6.0925002 20.36215 23.4021 0
4.7613878 10.266937 9.5535002 1
19.9391 21.505199 53.218899 0
4.7160721 16.935907 -12.008449 2
10.727501 13.9505 23.994284 0
2.9828999 7.9446502 22.281765 1
-13.853151 -12.395633 55.800262 1
3.3908999 15.1905 6.9913998 0
-7.04285 13.71255 25.0411 1
13.545151 1.54195 -8.9981003 3
-14.797847 5.7038031 35.864086 1
-7.6409001 -5.2902999 49.209801 1
10.325417 18.911116 35.209335 0
19.223499 18.5818 47.677799 0
1.4488 11.7807 -25.8456 3
12.0548 19.2701 38.977852 0
3.8584001 8.6264 17.8619 1
4.600666 14.176267 10.3372 0
-22.631317 -27.798201 61.143417 1
20.392075 3.2433 -20.719704 3
-13.777303 6.8290291 33.829021 1
15.2502 15.61425 34.916748 0
0.27630001 15.0507 -30.5072 3
14.553734 15.244184 33.027718 0
2.4637251 18.071775 -33.731827 3
7.6743498 6.1683002 -13.3214 3
-12.725468 8.6196079 31.761969 1
4.323 8.9879999 12.8077 1
4.9495001 16.8015 -10.7508 2
3.8947001 20.3155 15.4908 0
2.9166999 10.1027 -20.395 3
7.5486898 13.459061 16.520199 0
1.5931 17.697025 7.2130752 0
19.755964 19.063446 49.194851 0
5.09935 12.08535 5.5112 1
13.3891 14.347 29.518299 0
-2.4660001 18.408424 8.5637493 1
21.544418 21.811434 54.823437 0
14.726047 11.929963 -25.108027 3
13.613667 14.565583 30.198734 0
-18.245687 -1.170545 42.612808 1
-19.642109 -4.010416 45.980591 1
7.9548001 19.221901 28.16745 0
12.417452 14.85153 -25.990534 3
11.6231 13.6489 25.148899 0
13.798775 15.449933 32.076923 0
7.2835002 6.5503001 -13.7433 3
5.7211332 13.721833 13.4837 0
-23.293932 -25.420198 59.568439 1
7.9805002 19.2341 28.9639 0
-14.508396 6.203238 34.829948 1
1.954 11.000726 -21.787827 3
19.111803 4.7922802 -22.163797 3
4.779345 15.976216 -7.4574318 2
5.4580178 20.230282 18.76091 0
-0.89394999 1.5352 32.570297 1
1.6446 20.478401 -10.9848 2
-0.58198297 27.365517 -58.171551 2
-1.53695 18.6544 7.6164999 1
-20.465582 -24.063059 61.258347 1
1.13 12.2743 -25.869499 3
22.004801 21.833599 56.0382 0
-22.675224 -28.404825 62.16975 1
6.831811 13.360997 15.553268 0
16.923 -0.0263 -7.8411002 3
-20.778351 -7.1892238 47.801197 1
-9.1764002 12.2672 27.629801 1
-12.1678 -10.1665 54.320301 1
1.7412 18.288099 8.6416998 0
-13.142457 -11.657336 55.127804 1
-20.068827 -22.908289 60.804245 1
15.3682 19.8344 44.861 0
3.928704 8.5121059 17.307693 1
14.9704 15.542625 34.4258 0
0.73969001 14.21868 -30.168964 3
-14.361401 -13.2797 56.261566 1
22.067848 1.38745 -18.588951 3
19.054899 18.1717 46.535801 0
-11.8556 -10.2468 53.842499 1
8.9562111 5.0914221 -12.144722 3
-15.4039 -15.2522 56.878899 1
20.724966 19.80245 51.683022 0
9.6832504 13.09585 21.164351 0
-3.2386 -1.7654001 38.555801 1
-6.5773001 13.6697 25.354099 1
-3.5812299 21.96154 -62.551151 2
15.23245 16.499334 36.333775 0
0.60159999 13.6952 -28.5446 3
4.2732 14.494 9.5099001 0
-17.64312 -0.140661 41.866978 1
-22.080601 -11.6107 51.37225 1
-1.22675 24.398201 -62.577248 2
11.473071 13.801045 24.615782 0
-4.0193062 24.684814 -62.832306 2
-7.5271502 -5.0711751 48.540428 1
1.62909 17.975357 6.212173 0
-16.0786 3.5299001 39.553101 1
13.9188 19.985399 43.370998 0
1.4073 5.8353 27.5242 1
1.271099 20.063057 -7.8307142 2
20.523226 21.622574 54.013191 0
-0.34639999 1.9133 31.6656 1
0.30649999 3.6503999 30.8202 1
-11.93055 -9.6912498 53.9188 1
20.927401 -0.86070001 -8.4110003 3
0.33745 19.7015 0.13160001 2
-19.083799 -2.6666579 44.310425 1
-2.4344001 18.309299 9.8730001 1
0.51819301 19.350042 1.243947 2
-3.982367 17.342407 13.133808 1
-5.6838379 14.483175 23.564686 1
4.7649112 11.755066 6.9003029 1
-17.017 1.345 40.936501 1
22.305151 -2.9049921 -9.1681662 3
20.192434 -0.51997799 -8.2329454 3
-4.126833 15.953683 19.4114 1
-20.918726 -25.413898 61.656799 1
1.883783 20.4482 -13.163966 2
23.299858 -0.47235 -15.224083 3
9.2382431 17.442635 -28.147848 3
21.041666 2.460233 -19.874233 3
6.5408001 13.0141 14.568 0
4.6800251 20.33625 17.88065 0
-7.93645 12.6738 27.038399 1
1.2489001 20.3521 -7.1029 2
3.2207 8.3660002 21.833 1
18.26803 0.25658599 -8.455843 3
1.515511 6.416533 27.5217 1
18.680683 18.385365 45.327629 0
12.130897 14.191038 26.381084 0
-8.6334 -6.03895 50.1138 1
6.5136199 7.6069398 -14.797562 3
4.0697899 9.3200397 11.725456 1
10.386237 18.403719 34.792202 0
1.836503 18.037228 7.607728 0
17.486099 0.37369999 -7.8414001 3
5.0639758 15.991082 -5.8020582 2
-5.2685499 15.1075 21.8423 1
23.224081 -1.915639 -11.659966 3
9.2569618 13.583181 20.827993 0
-11.673 9.9902496 29.950399 1
-8.1405659 -5.16605 49.818581 1
12.5493 13.9048 27.477699 0
16.240759 20.390732 46.414551 0
-22.833851 -28.324299 62.914497 1
12.923849 18.91625 39.920349 0
7.2988 19.938801 26.588451 0
5.0713 12.2524 6.2112002 1
4.9727802 16.556225 -9.5266876 2
-5.1431999 -3.2090001 44.135101 1
-23.589312 -23.580431 58.640961 1
12.386291 19.341141 39.377964 0
12.151855 18.756174 38.244469 0
14.6809 1.5456001 -8.8696003 3
8.6034555 19.076433 29.950319 0
-0.96745598 26.891443 -56.624271 2
-0.29210001 28.463533 -57.291271 2
10.8155 14 24.632 0
-21.56743 -9.571187 49.80463 1
-4.0728002 -2.4993501 42.165398 1
5.1511998 13.5378 2.7217 1
-14.605474 -14.2904 56.707451 1
-2.216634 -0.117093 34.471428 1
-0.85479999 19.0252 4.7027502 1
-7.614233 -4.74365 49.045364 1
3.8001001 8.3376999 19.819799 1
9.3984003 4.7365999 -11.5015 3
-4.6889672 -2.8901 43.901302 1
2.8685999 21.48645 -33.254051 2
12.793443 2.233547 -9.6142082 3
5.1630502 20.4781 20.1255 0
0.87285501 20.126911 -4.737433 2
14.1584 15.8943 33.670502 0
3.4789 19.539801 14.8217 0
6.857337 19.841118 24.699299 0
0.51333302 18.791933 -31.342535 2
13.5437 2.1582999 -9.5127001 3
1.599218 11.762952 -24.607443 3
9.7171011 18.941675 33.788948 0
19.756201 21.546801 52.225101 0
2.6149931 10.607141 -20.444729 3
13.87755 15.6702 32.7556 0
16.340599 16.546801 37.9809 0
4.2273998 14.1119 8.9315996 0
1.1611561 17.397444 3.9491439 0
14.140566 14.954288 31.737812 0
-18.70627 -1.985788 43.531677 1
5.1547999 9.0299997 -16.2938 3
0.7245 19.657524 -0.188425 2
2.551019 18.771219 10.612271 0
17.713688 6.9245391 -23.552094 3
22.4475 21.30706 56.33144 0
-0.73315001 18.9918 5.69205 1
-0.88709998 28.4326 -57.4347 2
3.863884 8.361433 15.5519 1
22.568001 -2.3292 -9.3965998 3
-17.998466 -1.5190099 42.910862 1
20.9909 19.867699 52.703598 0
3.3023469 10.018523 -19.778074 3
4.4752002 14.523149 9.9638004 0
-7.203011 13.201922 26.160934 1
21.9034 1.6495 -19.009899 3
1.1987081 17.336641 2.9419119 0
-13.2388 -12.1339 55.330799 1
17.6257 17.3937 41.526302 0
0.158741 19.087526 2.9561069 2
0.1829 20.256401 -49.1647 2
2.4077001 7.7010999 24.790001 1
-4.0594149 16.606663 16.980602 1
16.580313 0.4648 -8.1782093 3
23.616499 -1.8454061 -12.465363 3
-23.282238 -19.466488 57.194115 1
-5.8388252 14.300537 24.085361 1
1.1565 17.483 5.2677999 0
-3.3177559 24.980898 -62.838055 2
-3.3973999 17.585501 12.363334 1
-10.34025 10.6283 29.208651 1
-5.388875 -3.220258 44.679859 1
3.9946499 8.6854076 14.617929 1
1.4268 20.2425 -5.3752999 2
1.17196 12.40156 -27.106792 3
-21.920401 -26.476542 61.72316 1
-1.318717 0.60798299 33.096848 1
17.997433 0.234567 -7.9488339 3
12.395049 14.499419 27.827881 0
15.927944 10.379734 -24.990694 3
22.545967 21.831333 57.54335 0
4.0591502 8.6840496 13.15045 1
-13.206 8.1121998 32.646599 1
17.771599 17.624201 42.4193 0
-22.616989 -15.211486 54.675972 1
-2.27495 25.064949 -62.406925 2
6.3723931 19.163675 -30.522711 3
-19.1943 -21.774 60.2188 1
2.1046 20.55645 -11.933599 2
-4.3098998 16.406401 17.8241 1
10.741199 13.322067 23.554132 0
18.712662 -0.53479999 -7.9274349 3
11.39315 14.163349 25.425713 0
1.7227 6.6605 27.16465 1
-16.868 -16.7446 57.922298 1
22.836279 -2.7012999 -9.992877 3
-1.2068 1.08845 33.064224 1
10.06041 4.1377902 -11.242929 3
5.108933 13.804133 12.448733 0
2.5495 7.2179999 24.8582 1
-21.120275 -7.96138 48.480103 1
-20.141821 -5.458653 47.037403 1
5.1159 16.032 -8.6125002 2
2.5446 19.30945 11.2981 0
-2.006038 21.832062 -62.448601 2
-23.032465 -16.742233 55.691071 1
-0.69746703 26.514099 -56.727032 2
11.043735 19.010416 36.60268 0
6.8929501 13.101025 14.874699 0
-1.5765001 -0.0149 33.724602 1
1.336064 17.735289 0.80719602 0
-2.9051671 17.99115 11.128584 1
5.1489 15.7257 -6.8527002 2
-11.2413 10.3279 29.3577 1
-4.2963748 16.318975 17.271801 1
1.94487 7.1016998 26.325401 1
2.112808 18.390041 9.4551401 0
-2.9622059 -1.449228 37.975803 1
-10.638201 -8.5044746 52.378525 1
-15.589139 3.652797 39.304722 1
20.9834 21.8633 54.177601 0
23.4692 -1.3933001 -12.4359 3
5.1692171 13.735716 3.88235 1
-14.125085 -12.886524 56.092999 1
13.958217 14.887982 31.237951 0
-1.574586 22.584909 -62.497448 2
0.60530001 3.7872 30.000099 1
3.9238999 8.3971996 18.559999 1
10.58175 3.9230671 -10.736077 3
1.3451 20.3827 -8.7707014 2
-18.122583 -19.799814 59.332657 1
-22.171574 -12.760238 52.683201 1
13.66158 13.69528 -25.541019 3
0.474033 14.8549 -30.1378 3
5.2533998 12.4283 5.7803001 1
-17.9457 -18.471825 58.651627 1
-16.286552 2.8544381 40.269466 1
-5.832303 -3.6141701 45.647167 1
7.9478998 13.3557 18.26235 0
-17.637451 0.48050001 41.64835 1
-9.8831997 11.5698 27.993299 1
-23.241638 -21.163418 57.720695 1
-21.074787 -24.999165 61.536316 1
23.563812 -1.020725 -14.181274 3
10.964 16.123699 -26.5056 3
17.5394 17.296801 40.636902 0
-10.336845 -7.8097801 52.024536 1
23.245001 21.1684 57.554699 0
-3.6754379 -1.948267 40.740406 1
-22.932203 -26.392206 60.012478 1
-23.30661 -22.704124 58.610771 1
-22.572655 -14.816898 54.410004 1
1.0716 19.9233 -3.3227999 2
-22.100166 -11.899234 52.048504 1
-8.9113226 12.11675 27.28241 1
-7.784533 13.037883 26.13475 1
16.7834 20.471399 48.174198 0
-19.828674 -22.339525 60.646 1
10.27135 16.308849 -27.0413 3
12.860296 14.17159 28.21262 0
1.9439 10.7674 -22.790001 3
5.0594902 12.700549 5.4456701 1
-2.1711631 18.462826 7.8797131 1
-3.2971749 -1.825025 39.798347 1
-1.863831 25.758568 -57.672821 2
22.995028 21.592684 57.629524 0
4.1252999 8.7059498 12.51315 1
15.19894 1.173027 -8.2941294 3
-11.24655 -8.7304993 53.206001 1
3.2776 19.199499 13.5658 0
-1.4218 26.2306 -57.042599 2
23.319 21.577599 57.224701 0
-4.0317831 16.979254 15.16611 1
0.40189999 15.20775 -31.525133 3
-3.0623 -1.4067 37.500198 1
1.90595 20.471748 -10.3459 2
-4.5151482 -2.5485289 42.566059 1
2.8671999 7.6479998 23.955099 1
-17.957747 -19.023794 58.964542 1
-2.1925499 18.3132 8.9057493 1
-0.181254 27.499441 -58.022881 2
6.8829002 20.089567 25.365 0
2.82745 8.1114998 23.365952 1
3.620012 8.5616188 19.436623 1
7.9014611 18.085087 -29.185781 3
15.227013 20.060886 44.503189 0
-0.448625 19.07275 3.6724 1
18.80409 5.1122222 -22.208584 3
-6.8592658 -4.0815778 47.416229 1
-2.9974329 18.007072 10.292233 1
5.0008831 16.691734 -10.321651 2
3.75876 8.2694902 16.975109 1
5.0545149 13.835217 11.064229 0
0.051385 2.616215 31.082714 1
0.84307998 19.790617 -4.0110569 2
4.9439001 10.6439 8.8543997 1
-3.6670001 17.6376 13.032499 1
-19.057625 -20.908075 59.982277 1
-15.88 -15.894 57.50135 1
8.260067 19.115288 29.287132 0
-21.3468 -25.691 62.021999 1
-0.6063 27.8009 -57.841202 2
19.885899 19.418499 49.492088 0
0.46707299 19.71867 -1.5710289 2
18.668694 21.083525 50.904633 0
-0.509027 17.014908 -33.403954 3
3.3284249 8.4912748 21.035526 1
2.197269 18.442795 9.9169674 0
20.408381 19.799101 50.926609 0
-12.331261 8.6625624 31.370781 1
22.566994 0.521644 -16.621613 3
7.8597498 12.836451 17.127716 0
1.714167 11.098966 -23.875765 3
0.078730002 15.58025 -32.255108 3
-13.476672 6.917491 33.52103 1
-2.3385 -0.9623 36.245399 1
-15.177683 -14.924284 57.06292 1
-22.929367 -26.783607 60.646709 1
5.4427328 20.185804 19.813908 0
5.2684002 13.1227 4.6794 1
-4.2797828 16.603048 16.248075 1
15.893706 16.588423 36.996342 0
4.6105499 9.7270994 10.8636 1
11.7132 15.8882 -26.6406 3
-15.543492 4.10326 38.333546 1
-3.1143 -1.6585 39.276501 1
-0.121804 16.597401 -32.777596 3
6.0128999 20.400101 21.555099 0
-1.427229 23.561909 -62.438244 2
17.745651 20.828949 49.559063 0
12.452311 14.23306 27.108086 0
-2.3242829 -0.49511701 35.48468 1
10.7549 3.3290999 -10.705 3
-22.839487 -15.986962 55.162548 1
-1.0748 24.569901 -60.559101 2
-23.200697 -19.901821 57.447441 1
1.134833 17.456734 4.3977332 0
-0.050900001 27.800501 -56.751598 2
-1.0935169 28.195633 -57.135632 2
7.8324161 13.411133 17.479485 0
-1.2642 24.96125 -62.743015 2
0.58741999 4.6624131 29.518017 1
16.4009 20.4494 47.398998 0
9.7656002 17.025499 -27.296101 3
0.19705001 18.835819 -31.651031 2
6.4048219 13.122634 14.172356 0
5.111167 12.347282 5.1687498 1
-1.357875 18.749249 7.2361751 1
23.611969 -1.2120661 -13.776138 3
10.811275 18.9909 36.225624 0
8.7184 13.521851 20.038399 0
-22.908167 -17.772209 55.909775 1
4.6263251 9.8750496 9.6649752 1
8.3123245 5.8405728 -12.432735 3
-23.296291 -24.34524 58.99482 1
-17.345804 -18.383516 58.479626 1
3.4172499 10.094851 -18.833126 3
0.98276198 13.145412 -28.578199 3
2.2534001 7.3824 25.6008 1
-5.9168501 -3.3547001 45.975273 1
5.1283002 12.5384 4.7705002 1
-4.7515578 15.21761 21.23695 1
23.5893 -2.049927 -11.98774 3
12.7732 19.522898 40.441875 0
15.56675 16.237761 36.085533 0
-7.2473068 -4.7489591 48.16872 1
-3.3134999 17.704718 11.387567 1
2.6215169 18.760132 11.331079 0
-22.45933 -14.16403 53.832108 1
-17.705105 -0.51289898 42.192478 1
-23.316315 -21.912056 58.317917 1
22.056114 20.910625 55.460716 0
1.2078969 20.081261 -5.0269871 2
9.9959326 18.903366 34.106636 0
5.7620182 8.530427 -15.572571 3
-21.181118 -8.4570684 48.536007 1
3.871907 20.782894 -32.339214 3
4.9353671 11.048767 7.4476328 1
5.8300672 14.947383 5.8066502 0
8.3829002 13.460899 19.1057 0
-22.079901 -10.8928 50.714802 1
-1.32575 0.84640002 33.440048 1
0.84250498 19.771183 -1.8779581 2
-6.4341002 13.9774 24.358051 1
1.645967 11.302357 -23.006029 3
-4.9066501 15.105 22.050301 1
-0.65820003 19.032801 4.3016 1
-4.2410159 16.966867 15.587483 1
4.8709998 10.7868 7.8730998 1
17.971701 17.8095 43.417801 0
0.81515002 13.54515 -29.275 3
-22.233644 -27.792822 62.466263 1
3.9203 9.8259506 -17.91725 3
1.23619 11.959615 -24.957993 3
-19.393074 -3.2975349 45.051941 1
5.2712002 13.0745 3.8563001 1
5.3680472 19.750113 -30.995195 3
21.908567 21.431351 56.553883 0
-21.605095 -26.743172 61.754105 1
-23.206915 -19.043362 56.904789 1
10.0153 13.28 21.3272 0
-4.2179999 17.0919 13.9472 1
2.2981999 10.7309 -20.832924 3
12.445048 19.089794 38.995354 0
4.504612 9.4395618 -17.321848 3
3.5704999 8.6125002 20.088301 1
17.264706 7.5158138 -23.635923 3
12.7047 19.601299 39.3554 0
8.4687204 17.967239 -28.526379 3
6.8828502 7.4345002 -13.918501 3
-14.466866 6.428884 34.488419 1
-23.307751 -22.305901 58.49765 1
21.564278 -2.237875 -8.669405 3
-22.959677 -25.989687 59.736572 1
22.458 0.69019997 -17.617599 3
-3.8792 22.352934 -62.874401 2
-0.97799999 18.862549 6.3478498 1
1.6043921 20.432848 -10.014489 2
-16.599426 2.0364749 40.581352 1
9.5946503 18.958832 33.389603 0
-22.6607 -16.994301 55.879902 1
-22.337763 -28.494839 62.494972 1
1.710375 18.427849 8.2131252 0
-8.5880337 -5.5153708 50.166019 1
4.4524002 19.947901 16.9636 0
5.0753002 11.5561 7.3667002 1
3.7948 8.3494997 16.3314 1
5.5234251 20.432426 21.26075 0
2.5554669 7.8646441 24.09989 1
-1.7212501 18.4902 7.9527502 1
17.119061 17.127123 39.665558 0
23.547319 -1.630703 -12.810905 3
6.7953491 18.697783 -29.975727 3
15.6905 20.2089 45.712799 0
-1.0367 18.954201 5.1167002 1
-22.466724 -28.02705 61.4333 1
-20.038601 -4.7395501 46.485802 1
6.78196 20.132572 24.30752 0
-18.816 -21.2742 59.869106 1
0.184021 18.856274 -32.305344 2
0.94840002 5.6332002 28.4667 1
-21.845133 -10.311585 50.167419 1
-4.7498999 -2.8943 43.264633 1
0.63401699 4.139183 29.654699 1
-15.9555 -16.5116 57.715801 1
0.71869999 19.611601 0.22400001 2
-0.59030801 28.169149 -57.501579 2
0.166806 3.0399189 30.783264 1
-3.0230999 21.879717 -62.823181 2
-6.3810692 -3.9347 46.514141 1
21.834814 21.575218 55.143032 0
23.058601 -2.0975001 -10.3853 3
-2.8755 -1.183733 36.958828 1
-11.460475 -9.275713 53.285698 1
-4.6027298 15.214914 20.590214 1
0.86681098 5.0204091 28.851299 1
-6.1843781 -3.678817 46.021378 1
-1.880528 25.427708 -57.957489 2
-1.1040699 12.796579 5.4993501 1
10.040401 18.922632 34.817669 0
1.176334 20.135229 -6.4230719 2
-7.8460279 12.804304 26.452427 1
0.0265 19.266575 1.962275 2
-3.672313 -1.899949 40.058155 1
13.1436 14.4403 29.1313 0
-7.1690459 13.508162 25.358816 1
-8.4997997 12.583799 26.760551 1
9.2740765 13.117713 20.213446 0
-9.3372002 -6.5981998 50.740898 1
17.6406 17.379299 41.129601 0
1.213425 12.188624 -26.774025 3
3.9746981 8.6578465 15.167943 1
12.022675 13.927574 26.104599 0
-12.038676 9.2518511 30.933748 1
18.655151 5.6438498 -22.8585 3
-0.41829699 26.06221 -59.023643 2
-3.74015 -2.2616501 41.591702 1
-2.2052829 21.243401 -62.889416 2
22.808901 21.2377 56.909698 0
0.78985 19.754318 -0.82634997 2
20.183495 -0.867531 -7.9401312 3
2.2107501 20.510799 -14.54195 2
4.7555408 9.3045149 -17.012661 3
5.741293 20.391518 20.826281 0
-15.2509 5.0282001 37.164848 1
-3.9979999 16.238899 18.740101 1
-14.3254 -13.6522 56.138 1
5.1332998 15.6863 -6.1466999 2
3.8229499 14.63665 8.3698502 0
-18.931299 -20.388599 59.740398 1
