# .PCD v0.7 - Point Cloud Data file format
VERSION 0.7
FIELDS x y z label
SIZE 4 4 4 4
TYPE F F F U
COUNT 1 1 1 1
WIDTH 1054
HEIGHT 1
VIEWPOINT 0 0 0 1 0 0 0
POINTS 1054
DATA ascii
19.414801 4.24685 -7.6718001 3
45.537399 28.43865 86.664398 2
-51.297699 -28.072149 40.794601 3
31.435499 14.80035 -86.722 1
30.9813 8.2727499 42.014301 2
45.565498 0.22095001 -45.361698 0
5.7881999 0.15825 14.5719 3
-30.6574 -11.662251 40.465797 3
33.421902 20.829651 64.783401 2
49.9627 -10.48165 -29.440701 0
9.4879999 12.015751 3.2632501 3
29.7626 3.13415 -46.973 0
-16.67235 -7.7561998 33.485298 3
-4.4513998 -1.4022501 26.241899 3
36.561401 -3.1041501 -33.258598 0
23.092876 13.891774 30.151249 2
-44.463654 -15.6453 35.832649 3
-30.283001 -2.4061 29.139351 3
29.1653 19.81115 50.649502 2
-4.276 9.9433498 17.6478 3
41.490837 22.677631 75.285698 2
35.7715 13.58975 56.898499 2
39.113201 8.4394503 -48.974701 0
25.84815 17.32415 40.473053 2
19.9951 13.13765 -13.3245 3
49.945602 -6.6403999 -38.9473 0
15.272 3.8977499 1.55215 3
15.2775 12.60995 -4.6852002 3
22.2749 11.43605 21.6565 2
-37.966301 -16.28615 41.5285 3
22.7176 5.2739501 -14.86675 3
39.917301 19.525749 68.553802 2
31.2694 18.60535 -80.442101 1
34.279202 11.30885 -53.397999 0
42.267963 26.506882 80.94239 2
28.4531 7.4914498 -26.9617 2
23.3894 12.98895 -18.691999 3
29.6196 5.4449501 -52.82095 0
36.665401 23.159349 71.818703 2
31.192499 1.69915 -41.470901 0
27.331699 13.06745 -25.5441 3
-12.4192 -6.7025499 29.998899 3
-49.101898 -23.88135 37.8438 3
28.274151 9.1178999 -56.789253 1
34.076862 -0.28696999 -37.259239 0
25.1045 6.20085 -19.685101 3
-14.0247 7.2792501 22.237 3
-23.4363 2.8429501 25.936001 3
-1.15505 10.65025 13.499849 3
47.683548 -3.6547501 -42.624649 0
45.347073 -8.0948496 -28.690876 0
-25.945299 -9.9155502 39.3078 3
-34.207699 -5.1437502 31.047899 3
-0.43700001 -0.27265 22.8554 3
-41.224052 -12.1203 33.701302 3
-8.6452999 8.8003502 20.8764 3
2.7618001 -0.28955001 18.893499 3
17.293417 4.3097501 -3.0770659 3
-20.733749 -8.4654007 36.513351 3
-47.104652 -19.5431 36.9786 3
39.904469 -5.6787171 -30.944468 0
-26.880301 0.88045001 28.6311 3
13.5046 4.2898502 5.9649 3
8.6440001 1.86905 11.6179 3
34.674099 11.95055 52.950699 2
27.9713 11.38105 -64.896202 1
-34.4837 -13.77505 40.8069 3
4.2557998 11.88735 8.0847998 3
17.259899 12.86345 -8.4750996 3
32.637501 9.5933504 46.750401 2
39.699299 25.20435 77.699799 2
-47.918701 -25.54545 41.058102 3
27.316601 18.655899 43.655548 2
23.6409 7.1999502 15.6203 2
28.866867 19.301985 47.091099 2
44.1054 26.48835 84.016403 2
27.843599 14.56745 -86.510002 1
7.2498002 11.88825 5.9127002 3
43.8638 3.15975 -46.519402 0
26.2843 6.43855 -22.989599 2
41.505199 6.2807002 -47.473801 0
31.966101 20.533251 61.091 2
38.480652 23.944901 74.5298 2
36.742622 15.116911 59.632061 2
22.505266 10.528884 18.5133 2
51.190601 -9.4880505 -32.3083 0
42.8153 24.58115 78.464699 2
21.49052 12.893941 -16.123249 3
50.986198 -7.92205 -36.131802 0
38.788601 17.93475 66.189903 2
0.68175697 10.900564 11.168513 3
24.8183 16.074949 37.662399 2
-49.671497 -26.459684 38.89267 3
32.239647 16.713551 -82.303345 1
29.29295 7.0585999 -55.1609 0
33.992599 10.93285 50.4799 2
10.514299 2.9619 9.9446507 3
48.014301 -8.7459497 -28.6735 0
11.922251 4.2513499 8.0788498 3
-36.144501 -6.8878498 31.539101 3
4.2596002 -0.25195 16.5893 3
29.6024 13.87335 -68.574997 1
30.9475 7.663136 39.536343 2
13.4917 12.66395 -2.8689001 3
-39.463051 -10.5714 32.718601 3
-28.364052 -10.63305 40.127499 3
46.6745 -1.9166501 -44.122101 0
20.6614 4.5794501 -10.037 3
31.736433 15.240684 -84.295967 1
16.691099 3.98645 -0.69760001 3
10.5644 11.98865 0.88765001 3
23.788 14.89635 33.717701 2
21.631001 4.9376502 -12.6837 3
22.4543 12.07315 24.0144 2
23.0109 12.82415 27.849899 2
2.3905001 11.48455 9.5437002 3
30.8545 12.486525 -86.487022 1
22.705601 9.1585503 13.714 2
-45.827099 -17.676849 36.357899 3
-48.231201 -21.667549 37.463902 3
-28.7498 -0.58115 28.952299 3
27.5259 6.8266501 -25.0257 2
30.590599 20.216551 55.867199 2
16.196899 12.30525 -6.6313 3
24.2138 5.7771502 -17.423 3
40.055199 20.197451 70.593002 2
-10.169 -5.4177499 29.052999 3
44.043301 25.998949 81.906502 2
-20.706301 4.2572498 24.4764 3
38.059666 17.349117 64.311485 2
32.884102 0.37375 -38.815201 0
24.4111 13.31605 -20.476299 3
41.893902 23.19315 77.2827 2
51.055603 -8.7495003 -34.173248 0
44.812599 28.19055 84.798103 2
41.073002 21.574249 73.676399 2
-17.4389 6.03655 22.975599 3
37.7537 9.4065504 -50.571201 0
34.0518 21.083151 66.730598 2
26.3246 13.11845 -23.8843 3
25.8645 5.5021501 23.625099 2
-5.7142 9.4939499 18.9986 3
29.926001 3.4721501 -48.931198 0
27.546101 5.1659999 28.553123 2
-49.3479 -26.78035 40.759102 3
42.955399 24.75415 80.607803 2
35.909431 10.267517 -52.27663 0
29.277851 6.5841999 35.535553 2
-6.7307 -2.7441499 27.843399 3
29.918701 19.853951 52.441849 2
-25.485399 1.67785 27.664801 3
29.838301 4.5116501 -51.213001 0
28.2082 12.74655 -86.635696 1
-18.883699 -8.2944498 35.3797 3
23.335899 14.48075 31.9704 2
32.880199 17.237049 -80.649597 1
31.3976 20.338949 59.343399 2
22.5103 9.9088001 16.75585 2
28.2999 6.1764498 32.087601 2
-7.0346999 8.9979496 20.0781 3
-1.7463 -0.63384998 24.014999 3
29.191601 8.7386503 -28.3482 2
30.9058 11.04965 -53.8568 1
43.093899 27.41865 82.902603 2
43.9743 -7.0911498 -29.049 0
24.339399 15.40815 35.805401 2
29.7157 14.964149 -86.524101 1
-21.921801 3.1809499 24.993299 3
-43.837002 -20.916567 41.245083 3
36.930069 15.676717 61.236065 2
34.523567 -1.0935169 -35.842533 0
37.566399 23.294998 73.227753 2
18.291733 4.2653828 -4.4229002 3
28.8402 19.500351 49.038502 2
35.550201 -2.1589999 -34.377449 0
31.3846 15.35825 -81.8545 1
41.269199 -6.2944498 -30.25375 0
19.0364 4.4525499 -6.0263 3
0.59280002 -0.44345 21.5994 3
-3.2960601 -0.75699002 25.288219 3
29.954 2.60355 -45.4034 0
32.967499 12.54805 -54.9617 0
1.612 -0.49985 20.267599 3
-13.7445 -7.0051498 30.881201 3
40.241199 7.55755 -48.237499 0
17.6593 12.61365 -10.0345 3
-22.0191 -8.9138498 37.336899 3
23.466549 7.68015 14.06365 2
18.942301 12.74645 -12.2093 3
34.817501 12.67045 54.5732 2
35.802502 14.63945 58.462601 2
22.692249 12.6625 26.319149 2
-41.665436 -18.871416 41.10397 3
30.5958 2.0594499 -43.104599 0
-15.72845 6.4985499 22.58815 3
-5.6652999 -2.0215499 26.9865 3
-12.3509 7.8208499 22.044001 3
-38.988602 -17.42625 41.453701 3
25.9191 10.46795 -23.6054 2
26.7665 18.163549 42.2836 2
-15.3772 -7.4868498 32.262199 3
21.2924 5.2205501 -11.2241 3
-0.44580001 10.71585 12.1935 3
-42.255001 -13.34665 34.4757 3
-43.4883 -14.50025 35.329201 3
31.873501 9.3471498 45.211399 2
-10.4156 8.2967501 21.668501 3
31.6579 8.5272503 43.3186 2
-31.497499 -3.0796499 29.614401 3
-3.2098999 10.09575 16.516899 3
-24.1838 -9.4231501 38.501499 3
30.2717 11.15945 -86.6894 1
7.6859999 1.0509501 12.75415 3
-33.2616 -13.00535 41.028702 3
28.650801 7.7393498 -56.272598 1
-33.1273 -4.4783001 30.353151 3
-2.049 10.63475 14.6359 3
22.577299 9.5420504 15.287 2
38.9147 24.539351 76.036301 2
-17.8148 -8.0156498 34.4716 3
33.9711 11.57125 51.754299 2
46.757568 -8.0927496 -28.551466 0
37.388699 -4.2140498 -32.434299 0
40.703102 20.981949 72.445496 2
38.898949 -4.8866248 -31.549274 0
28.0938 19.32745 45.932499 2
31.7176 18.10235 -81.737297 1
-49.326035 -25.275217 38.282536 3
15.725451 4.1132498 0.27452499 3
30.0401 7.3109498 38.572899 2
35.383598 13.41625 55.610001 2
8.4554996 12.00955 4.4123998 3
25.413799 5.7241502 22.304899 2
29.531633 6.2961159 -53.960903 0
-11.4719 -5.6866999 29.52005 3
-50.078197 -27.443949 39.706467 3
49.020069 -9.669816 -28.965134 0
6.1774001 11.87315 6.6894999 3
14.1572 4.2065501 4.6911998 3
11.3647 12.28945 -0.15915 3
-31.87085 -12.708549 40.658852 3
6.7252998 0.55234998 13.739599 3
-35.819401 -14.57795 41.444302 3
48.488602 -4.33815 -41.849499 0
-47.040298 -24.57655 41.0984 3
31.232201 7.7348499 40.8493 2
3.5044999 -0.37965 17.7101 3
32.995098 10.71295 49.242001 2
12.5903 12.72355 -1.9446 3
44.161346 27.728451 83.694778 2
15.0268 4.0438499 2.8017001 3
14.1406 7.4577498 -6.2146001 3
-29.7624 -10.75145 40.555401 3
4.9014502 0.31740001 15.58105 3
36.625 9.8883495 -51.297199 0
44.559502 27.869749 85.984299 2
3.5160999 11.252075 8.8698502 3
23.028599 12.30195 25.101 2
30.614901 11.82445 -55.558601 1
-27.3925 -9.9444504 39.765499 3
-46.095901 -23.699051 41.230598 3
-36.850201 -15.51895 41.390701 3
30.853149 13.7312 -86.5345 1
29.9566 4.09905 -50.05965 0
32.310799 20.63345 62.427502 2
35.2127 22.182949 69.0121 2
16.796801 3.78615 -2.086 3
27.7234 18.900249 44.785198 2
47.12125 -2.8116 -43.428047 0
-40.308998 -11.37265 33.064201 3
32.06855 15.89175 -83.281647 1
22.135201 5.1872501 -13.7524 3
31.822599 14.88115 -85.443199 1
-27.692001 -0.04465 28.752048 3
24.846201 6.02565 -18.5296 3
32.7062 10.17015 47.794998 2
5.368 11.58665 7.5337 3
14.5654 12.54295 -3.7327001 3
30.052401 19.95805 53.8484 2
-47.277599 -20.654099 37.291 3
1.3291 11.46115 10.3838 3
22.9205 13.46715 28.8099 2
30.9667 20.334949 57.959301 2
43.354301 4.1880498 -46.795399 0
32.030602 16.523849 -81.062202 1
28.789101 12.88275 -63.3395 1
32.958099 20.276649 63.609501 2
38.9856 18.77865 67.798798 2
28.695499 11.60045 -86.588203 1
42.418499 5.4464502 -47.126999 0
25.7934 13.42125 -22.930401 3
43.767899 26.06875 82.999802 2
44.169998 27.27165 84.934303 2
45.967701 -0.72915 -44.814999 0
-35.478699 -5.9807501 31.572001 3
30.4681 2.1231501 -44.2188 0
-50.509102 -27.25705 40.719101 3
31.1366 20.18515 56.840302 2
28.6635 15.32055 -86.463997 1
-23.217199 -9.2313499 38.006699 3
16.7372 12.76525 -7.5117002 3
24.208799 6.5050502 18.1633 2
33.625401 12.02715 -54.043301 0
34.6646 21.710051 67.734299 2
-19.7493 -8.4065504 36.029701 3
33.630299 0.38585001 -37.981701 0
37.66935 16.7118 63.505249 2
-32.476601 -3.66785 30.069 3
38.147148 17.669201 65.367798 2
-14.537149 -7.3316498 31.52655 3
41.535 22.79665 76.357597 2
15.76 12.60975 -5.6367998 3
26.442699 17.82925 41.323601 2
24.798401 13.26675 -21.507299 3
-38.647999 -9.6360502 32.113201 3
45.6436 28.351351 85.615799 2
36.068001 22.68095 70.841698 2
29.2244 8.0729504 -27.531601 2
49.439701 -5.7012501 -40.213902 0
35.157501 -1.85305 -35.301598 0
42.521702 24.268551 79.421501 2
28.920099 13.06255 -65.9711 1
30.150499 3.4258831 -47.915897 0
22.112301 10.44055 17.556 2
31.344601 17.400049 -82.388397 1
18.3503 12.97655 -10.7023 3
23.479099 13.94385 31.100101 2
42.215302 23.755251 78.379097 2
-19.548201 4.7948499 23.8948 3
-25.142601 -9.4677496 38.879402 3
30.552101 14.89465 -82.325394 1
-7.7178998 8.4945498 20.6273 3
42.867149 -6.9506502 -29.3447 0
31.7498 1.06005 -40.7934 0
21.0557 13.11505 -15.2053 3
-4.8506999 9.5088501 18.344049 3
39.902699 19.52585 69.584801 2
18.3388 4.0816498 -5.4173999 3
26.32 6.8249502 -22.071699 2
-45.895802 -22.506149 41.1189 3
22.057501 13.32715 -16.8239 3
29.4639 6.1665502 34.583 2
-2.5386 10.24625 15.8014 3
32.113338 20.34425 60.028503 2
-9.3382502 8.3098001 21.386101 3
-11.28125 7.888 21.918699 3
31.599899 9.0268497 44.1675 2
25.320801 16.703051 39.266602 2
27.7509 5.7899499 29.5693 2
22.121 10.96675 19.398701 2
26.733999 5.3636498 26.318399 2
40.8494 6.8881502 -47.8218 0
-48.614201 -26.070049 40.655102 3
29.474701 6.8288498 36.517799 2
32.499001 18.1087 -80.595352 1
27.098 6.6856499 -24.1896 2
11.23605 3.50825 9.0900497 3
27.7414 11.40685 -63.6096 1
28.021299 12.63455 -26.202801 1
-0.1548 0.00085000001 21.9725 3
50.267601 -6.9790502 -38.118401 0
41.918976 -6.8685498 -29.877125 0
-34.956799 -14.59705 41.067402 3
29.892599 9.7625504 -50.829498 1
50.698399 -7.4275498 -36.880798 0
38.101299 -4.6010499 -31.950001 0
51.0383 -9.8666496 -31.465401 0
36.0597 13.98405 57.749802 2
38.938751 18.5243 66.897881 2
45.116699 0.98675001 -45.825001 0
12.5908 4.1696501 7.3393998 3
-13.09761 7.0665698 22.263371 3
44.347099 2.3476501 -46.273899 0
17.6418 3.90065 -3.8747001 3
31.305275 1.877975 -42.503124 0
1.8839 -0.26455 19.360149 3
36.275726 -2.7099249 -34.042049 0
30.1008 2.5710499 -46.337799 0
51.127899 -9.18855 -33.167099 0
40.987801 22.053551 74.813797 2
32.350498 0.88634998 -39.675301 0
-45.350498 -16.79125 36.200001 3
9.6653996 12.36095 2.2711999 3
-16.2134 -7.4474502 32.771599 3
-43.148178 -20.165588 41.216621 3
-41.622002 -12.80515 34.1241 3
29.750601 4.9516501 -52.0839 0
36.560501 14.533251 58.928249 2
24.098301 6.8253002 16.371099 2
28.558701 6.1206498 33.061901 2
-29.591101 -1.3376499 29.140499 3
-44.647202 -21.479151 41.2188 3
29.407101 19.73135 51.722099 2
43.359798 25.301949 81.523628 2
39.537834 24.508682 76.691566 2
50.1996 -9.9669504 -30.221701 0
14.6303 4.0938501 3.7233 3
12.0824 12.51675 -1.2565 3
22.336599 11.78825 23.1199 2
22.695099 13.23505 -18.0907 3
13.0321 4.5145502 6.6668 3
-18.645201 5.4198499 23.5247 3
8.1146002 1.27975 11.9737 3
38.917198 24.244551 75.220299 2
26.1189 5.50565 24.679399 2
-7.3634 -3.30055 28.2174 3
34.500938 -0.75773001 -36.676121 0
-22.5882 3.08025 25.527201 3
30.518101 7.7699499 40.3741 2
23.979401 13.36775 -19.674 3
-43.706398 -15.281651 35.677948 3
33.432098 10.27515 48.624401 2
-0.977 11.08565 12.7496 3
41.538101 26.31525 80.545303 2
31.69154 8.4586306 42.469643 2
-45.883202 -18.45875 36.687698 3
37.193699 23.053949 72.4748 2
38.1749 9.03965 -49.727501 0
30.3041 20.164949 54.940102 2
31.781601 13.09685 -55.965401 0
33.7519 10.99175 49.560299 2
29.520599 11.62355 -86.7276 1
40.709553 -6.0676332 -30.915382 0
-39.673901 -17.87855 41.598202 3
25.0718 5.9401498 21.3246 2
8.2785206 11.54219 5.0771999 3
-42.691261 -14.150391 35.1105 3
10.0075 2.62255 10.4932 3
22.3605 9.6046495 14.3088 2
25.331699 16.30175 38.370148 2
18.840401 12.66185 -11.2757 3
25.439199 6.2793498 -20.5693 3
-8.9229002 -4.5503502 28.733601 3
27.061701 5.3947501 27.615999 2
-31.5149 -11.97535 40.677898 3
36.4818 15.47675 60.315498 2
32.400799 9.3755503 45.8423 2
23.624149 14.730949 32.938248 2
29.3901 13.23705 -63.879002 1
49.732399 -6.0717001 -39.5541 0
20.1387 13.10745 -14.122 3
-50.498501 -28.19075 40.861099 3
-40.936428 -18.353922 41.126472 3
26.63236 6.9115701 -23.543959 2
-42.017502 -19.51635 41.436798 3
-37.4706 -8.28615 31.84 3
24.495199 6.1866498 19.388 2
44.802299 27.331051 85.451897 2
25.7959 6.3231502 -21.7554 3
23.0271 5.5976501 -15.5326 3
23.0679 12.49565 26.9937 2
37.177898 16.723949 62.887001 2
29.033199 19.689751 49.848598 2
32.263699 8.9886503 44.628799 2
24.054501 5.8761501 -16.658701 3
22.1959 11.27295 20.5788 2
28.1549 11.18205 -65.6297 1
22.696199 5.6737499 -14.1954 3
-36.180099 -15.20815 41.1367 3
-49.687099 -27.480551 40.819698 3
21.3922 4.9347501 -11.9416 3
24.066299 7.6736498 14.7201 2
23.999001 15.12595 34.4688 2
16.091999 3.64605 -0.2225 3
34.670399 21.08075 67.285896 2
35.7248 22.48245 69.900597 2
20.130501 4.6118498 -8.1227999 3
-29.071699 -10.93745 40.264599 3
15.8572 3.95995 1.0579 3
-13.1825 -6.7017498 30.365601 3
40.338902 20.717251 71.735298 2
16.978701 4.0714502 -1.3997 3
28.50095 8.3420506 -56.711651 1
-37.026299 -7.6111498 31.7201 3
33.766102 20.60405 65.417603 2
22.2332 5.31635 -12.934 3
28.4312 19.10885 44.924599 2
25.332399 6.6118498 -19.0998 3
20.3151 4.37675 -9.0991001 3
30.660599 11.692718 -86.259178 1
-24.6891 2.1510501 27.0467 3
35.090199 21.394051 68.262299 2
25.495399 13.15385 -22.191401 3
1.886875 11.0821 10.064875 3
10.2537 12.10025 1.5825 3
49.710999 -9.8286514 -29.681999 0
-8.0478001 -3.07335 28.3836 3
42.581699 27.11795 82.145401 2
28.5336 19.50725 47.8946 2
22.2717 11.60145 22.3762 2
48.993801 -4.96345 -41.105202 0
9.1084995 11.72375 3.9459 3
27.1847 7.3200498 -24.5991 2
-38.565701 -16.82645 41.483799 3
-25.710699 -9.0195503 39.004398 3
-46.674702 -18.91905 36.7621 3
40.647736 21.356882 73.121864 2
22.4725 9.4541502 13.0589 2
28.854099 5.7525501 32.2985 2
35.365799 14.10325 57.219299 2
-3.8773999 10.21215 17.035801 3
9.1157999 2.33775 11.3211 3
46.403999 -1.33375 -44.464699 0
-3.7319 -0.89765 25.863001 3
27.1106 18.47735 42.842499 2
37.1721 16.13335 62.293701 2
28.041901 5.3043499 29.1152 2
45.343498 27.939499 86.174698 2
-46.764301 -23.913349 40.997101 3
-20.0625 4.2869501 24.1479 3
-1.691533 10.298217 14.1054 3
-7.9851999 -3.7897501 28.311001 3
28.225451 12.1394 -66.491455 1
-22.6231 -8.6718502 37.676998 3
-17.959101 5.6139498 23.3999 3
-26.653601 -10.09335 39.591801 3
-49.819099 -25.901951 38.4622 3
31.4074 7.9397502 41.539902 2
31.71685 15.85965 -83.930145 1
39.3009 -5.35465 -31.161301 0
-44.3969 -16.334351 36.020901 3
33.6968 11.21615 51.194901 2
31.735235 18.258284 -80.880531 1
42.094601 23.20895 76.524803 2
34.2183 11.86735 52.354698 2
46.053799 -8.1979504 -28.6028 0
-16.424999 6.3036499 22.7957 3
28.411501 12.64275 -26.798201 1
41.699532 5.6810198 -47.149448 0
-33.924702 -4.5740499 30.7376 3
2.948833 11.08905 9.3626671 3
32.365299 20.49795 61.674099 2
36.0877 9.8032503 -51.749401 0
32.416302 12.78105 -55.557701 0
-24.120399 2.3484499 26.5898 3
29.3561 13.14355 -65.367599 1
30.2904 7.5659499 39.306198 2
7.6975002 11.95355 5.3751001 3
32.979801 20.74935 64.126198 2
-5.1153002 -1.693917 26.704033 3
39.3279 19.17005 68.434196 2
42.8475 4.6508999 -46.920349 0
43.470402 25.245649 80.528999 2
32.785099 10.46265 48.444801 2
19.482201 12.98255 -12.5815 3
-10.8138 -5.4574499 29.5103 3
10.7307 3.51735 9.5846996 3
29.718399 6.0654998 -53.315849 0
28.7992 8.1742496 -28.2379 2
30.758301 8.0409498 41.25 2
35.7402 21.975149 69.408501 2
27.3085 13.97755 -86.620201 1
28.135599 7.2094498 -26.3783 2
43.526501 25.655849 82.201698 2
14.92325 12.06855 -4.4549999 3
22.877501 11.6933 23.63155 2
31.52495 16.13345 -81.310379 1
47.915596 -4.055203 -42.096794 0
-4.3544998 -0.72444999 26.229799 3
40.595901 20.648649 70.616096 2
33.556499 -0.26374999 -37.7803 0
39.645302 8.1247501 -48.6842 0
30.1485 2.5089171 -44.681133 0
-37.491001 -15.79935 41.562401 3
-2.6582999 -0.66474998 25.069099 3
31.8815 1.3046499 -40.172901 0
37.4944 17.16305 63.9842 2
11.6857 3.79775 8.5247002 3
42.142601 26.77335 81.553497 2
33.211498 11.00575 49.969101 2
42.75275 24.702274 79.922676 2
32.7686 20.227949 62.9622 2
-38.205898 -9.1498499 31.9599 3
39.927799 20.121899 69.913147 2
23.1661 13.03775 -19.325701 3
5.2870002 0.085649997 15.0797 3
-48.665001 -22.581249 37.483101 3
38.5243 8.5364838 -49.284397 0
24.1707 15.24605 35.107601 2
20.31362 4.90837 -9.5437403 3
-33.801701 -13.86855 40.896702 3
45.478413 -0.28427199 -44.908722 0
29.612301 4.45575 -50.504799 0
-6.1378999 -2.2402501 27.4021 3
-30.911667 -2.886517 29.362635 3
-5.1619 9.0518494 18.715698 3
-42.671761 -19.730091 41.057922 3
28.334801 8.8856497 -30.187901 1
22.6117 12.58765 25.6651 2
32.005901 16.46945 -82.872002 1
47.401699 -8.2364502 -28.579201 0
39.957802 24.684502 77.385147 2
39.532101 19.706949 69.070099 2
-30.107525 -11.244576 40.286999 3
-18.311001 -8.11695 34.892651 3
33.701061 11.44581 -53.743481 0
-1.8499 0.00655 24.1271 3
-46.790199 -20.18305 37.131599 3
19.660801 4.66155 -7.2273002 3
43.469749 27.57115 83.417702 2
11.8902 12.41775 -0.63870001 3
-15.2031 -7.0604501 31.781099 3
28.899 6.41365 34.160301 2
-49.073448 -24.5112 38.014801 3
27.56365 5.7449002 28.852749 2
29.839399 3.70715 -49.530499 0
24.4895 15.64885 36.5214 2
40.307999 25.052551 78.112747 2
37.131599 9.4890833 -50.929096 0
33.929798 21.260349 66.096497 2
1.83845 0.01065 19.94795 3
28.816401 19.28335 46.431499 2
22.570801 10.51405 19.318199 2
28.631599 9.6712503 -12.1283 2
13.904866 4.331717 4.0883999 3
45.062302 -7.5928502 -28.9718 0
28.7269 8.0545998 -27.1014 2
47.276501 -3.14505 -42.902847 0
22.1814 10.01605 15.6025 2
35.326534 10.411983 -52.556133 0
-35.154202 -14.05445 41.3452 3
29.50555 6.6771498 -54.537453 0
29.767349 6.3267498 35.20615 2
35.358799 13.51655 56.417 2
48.675247 -9.1460505 -28.833649 0
-43.270401 -20.736349 41.4757 3
30.787466 13.102417 -86.635368 1
43.737087 2.7098839 -46.086948 0
-0.062600002 11.0914 11.8519 3
-21.186199 3.63345 24.6245 3
10.7133 12.50555 0.55080003 3
38.032867 -4.1044168 -32.440399 0
30.860199 2.1563001 -43.672752 0
17.931299 4.11905 -3.3548999 3
25.824501 6.7787499 -20.516151 3
34.335152 12.435699 53.537201 2
36.267097 14.49955 58.051498 2
42.285599 -7.2235498 -29.505249 0
31.1984 17.93775 -80.793999 1
21.827499 5.3123498 -12.1974 3
-28.7456 -1.21505 28.985201 3
36.078899 14.89725 59.100899 2
43.272343 27.29711 82.302811 2
-25.540199 0.94704998 27.963799 3
26.487101 5.4423499 25.6731 2
22.5401 12.23265 24.6117 2
-7.6529002 9.0536499 20.358801 3
19.0471 4.2026501 -7.0064998 3
3.6752999 0.044349998 17.271099 3
7.0585999 11.38395 6.5985999 3
9.7159996 11.863251 2.6415329 3
42.080963 23.726376 77.709274 2
4.66715 -0.25655001 15.54845 3
13.0586 12.466351 -2.2765 3
40.3904 20.33235 71.108498 2
50.464451 -7.2803001 -37.452599 0
31.657 14.91465 -86.154701 1
23.950199 6.7697501 16.994499 2
-45.6506 -23.271151 41.192402 3
50.654297 -10.1227 -30.733999 0
-32.51585 -12.896999 40.713951 3
49.220299 -5.21415 -40.522301 0
23.907898 14.535117 32.335567 2
51.1982 -8.3860502 -34.799099 0
-21.282801 -8.6826172 36.935497 3
41.579449 22.171349 74.179504 2
26.8297 13.27775 -24.1973 3
-39.071602 -10.03255 32.316799 3
-30.9505 -12.19625 40.547199 3
27.730101 7.0710502 -25.923401 2
43.723053 -7.6475248 -29.110001 0
28.2388 5.35465 29.7572 2
14.5117 4.2807999 3.13815 3
25.74765 6.3025498 -21.14045 3
-29.125401 -10.35675 40.441502 3
0.4842 0.12725 21.781799 3
-34.029099 -13.29615 41.0653 3
16.1157 12.74555 -6.2191 3
37.547298 23.87075 73.5979 2
29.464199 19.64045 49.269001 2
-2.408 10.45035 15.1963 3
22.650801 10.92355 20.8134 2
40.9659 26.084249 79.6511 2
23.914467 7.1432171 15.0336 2
17.273125 4.1222248 -2.500375 3
-6.1925998 9.2724504 19.407101 3
22.256901 10.99005 20.0488 2
19.8528 4.38835 -8.7111998 3
31.235399 8.5495501 42.890499 2
31.265999 14.30105 -86.433449 1
24.8344 5.9278498 20.61035 2
18.875 4.34585 -5.362 3
-8.5298004 -4.14255 28.5397 3
-29.681599 -1.92985 29.1054 3
24.069267 14.52195 33.348103 2
29.094 6.4857502 34.9235 2
47.008701 -2.3136499 -43.826599 0
22.248501 10.06675 16.245701 2
23.92906 13.06055 -20.240421 3
-33.281502 -13.55445 40.802101 3
9.4938002 2.4080501 10.8514 3
33.910301 -0.52378303 -36.740997 0
44.143398 26.211349 82.562798 2
34.891502 10.9207 -52.960751 0
-9.6204996 -4.8723502 28.870501 3
-23.7281 2.3178501 26.148849 3
4.7445998 11.66545 7.8395 3
-48.785198 -26.48085 40.192001 3
42.37875 24.240551 78.670898 2
28.242867 12.092784 -63.426434 1
40.948299 21.78145 74.212997 2
37.034599 15.86875 61.786701 2
33.241299 0.82644999 -38.609001 0
26.108049 6.3501 -22.3459 3
39.334602 18.894199 67.125305 2
-6.8365002 -2.1747501 27.747499 3
17.4949 12.696 -9.1737499 3
27.952499 5.76265 30.8097 2
-23.7698 -9.1094503 38.234001 3
22.9736 12.23495 25.9739 2
15.3305 3.9842501 2.1259999 3
-50.075802 -26.91115 39.469799 3
-48.864349 -23.36495 37.7169 3
-35.455299 -14.91775 41.142799 3
28.759199 7.3522501 -55.851501 1
44.238251 26.3132 83.47805 2
-2.2442999 -0.65985 24.313751 3
-7.4646001 -2.746217 28.0763 3
40.4622 20.41865 69.851402 2
29.996 3.0416501 -47.496399 0
24.7131 15.88055 37.126301 2
37.942902 23.904051 74.317101 2
40.66935 25.34025 78.893997 2
27.935501 8.6725492 -56.641151 1
44.723999 1.8944499 -46.130199 0
22.240299 13.24725 -17.430599 3
-14.908751 6.8673 22.452 3
24.636801 6.0050502 19.917999 2
24.386 13.05355 -21.072201 3
-44.975101 -16.389549 36.022999 3
-17.279566 -7.8821502 33.933437 3
26.26195 5.42975 24.054699 2
16.316099 12.65925 -7.0693002 3
40.501999 -5.5395498 -30.820299 0
40.314335 7.059267 -47.959766 0
31.194599 1.47365 -42.109402 0
20.621401 13.02975 -14.4709 3
31.87685 15.11915 -84.922897 1
32.830803 9.49965 46.218151 2
41.568699 25.885651 80.002998 2
-35.719433 -6.5037498 31.567368 3
38.3839 24.27215 74.989998 2
-22.892 2.6826999 25.84705 3
29.104549 14.9931 -86.625153 1
32.725224 0.71817499 -39.276848 0
22.743099 12.975451 27.36735 2
22.947399 13.68375 29.552299 2
44.470173 27.883738 84.285042 2
28.738199 7.7884498 -27.6304 2
28.519642 12.13703 -86.675217 1
43.619099 3.6751499 -46.547901 0
34.986099 22.01055 68.517403 2
17.8736 4.4572501 -4.0853 3
50.899899 -9.6501503 -32.869301 0
-20.1861 -8.24475 36.354301 3
-6.4839001 8.6991501 20.0732 3
39.891499 -5.1752501 -31.2054 0
-40.382801 -18.733351 41.190701 3
27.730999 12.66905 -25.646999 1
44.451965 -7.518383 -28.886801 0
30.4713 14.98345 -86.7239 1
-35.0676 -5.6434498 31.3839 3
35.6245 14.39925 57.9846 2
51.073799 -8.1912498 -35.5355 0
13.8335 4.4846501 5.2132001 3
43.206001 25.06255 81.038399 2
38.5564 18.22555 66.607903 2
16.257433 4.153317 -0.055199999 3
30.7286 20.28425 56.471298 2
22.1007 10.75845 18.8232 2
20.983601 4.6621499 -10.7976 3
27.265301 5.47295 28.180901 2
30.068733 19.843216 51.9044 2
27.322901 13.06735 -24.933001 3
-40.69775 -11.6603 33.341351 3
-14.2281 -7.2119498 31.065399 3
22.119701 10.30525 16.731998 2
18.1835 12.28355 -10.0562 3
22.627899 9.75105 15.8243 2
30.726101 20.017851 55.366299 2
27.740601 18.682999 44.11705 2
28.286316 14.913378 -86.485817 1
31.756901 20.488649 60.4282 2
4.4924002 0.14545 16.1238 3
24.10005 7.4818001 15.49095 2
23.891151 7.3056002 14.3271 2
33.088799 9.7084503 47.047752 2
38.3708 17.929951 65.828796 2
2.4885001 -0.20295 18.387501 3
18.9373 13.06765 -11.6368 3
22.324499 9.8859501 14.9397 2
34.727699 -1.43255 -35.4244 0
50.722527 -9.6884747 -32.103127 0
32.625702 20.65715 63.395 2
9.2472496 11.53255 3.4323001 3
48.682949 -4.6985002 -41.484352 0
16.965599 12.82645 -8.0063 3
7.1362 0.73135 13.3254 3
21.4321 13.12915 -15.6031 3
43.099731 -7.4447842 -29.307098 0
24.186399 14.71745 34.047401 2
36.915352 15.27555 60.580952 2
24.4575 6.4341002 17.6427 2
7.7112198 1.46917 12.28908 3
37.609501 -3.7467501 -32.706802 0
-47.962399 -21.270651 37.1987 3
22.781799 13.32585 28.186001 2
32.045898 8.7126503 44.056301 2
24.3605 5.91785 -18.0473 3
36.672001 -2.97335 -33.779202 0
2.3340001 0.026249999 19.270201 3
40.6982 25.80825 79.267502 2
37.9408 17.398251 64.8386 2
22.7134 11.18645 21.8559 2
33.182999 0.23514999 -38.384602 0
22.816099 5.8018498 -14.9399 3
32.422501 20.18475 61.235901 2
39.54855 24.90645 77.109695 2
45.059799 28.275049 85.322197 2
22.542601 10.13095 17.6612 2
-2.7177 -0.12885 24.9503 3
12.5258 4.7226501 6.7975001 3
3.2198999 0.01115 17.9993 3
-0.74629998 0.10245 23.087799 3
27.1887 5.0864501 26.399599 2
24.0919 6.9158502 15.72235 2
31.743299 9.1838503 44.660702 2
3.6951001 -0.41115001 16.8769 3
34.936401 12.89465 55.0457 2
-38.0924 -16.91465 41.24765 3
11.165668 12.07445 0.289 3
29.872601 7.25105 38.068199 2
25.00975 12.9537 -21.8859 3
-27.6 -10.42155 39.889099 3
-21.6691 3.6428499 24.8999 3
13.6355 4.12995 4.7789001 3
44.329399 27.57905 85.432404 2
-32.711559 -4.2340102 30.123219 3
26.47485 5.4331498 25.07085 2
32.562599 9.1690502 45.377201 2
22.1563 10.59335 18.111099 2
31.5347 20.333851 58.827801 2
22.257799 9.4842501 13.5464 2
-42.611698 -13.64565 34.736198 3
-37.025902 -16.09045 41.210899 3
17.706499 12.93435 -9.6013002 3
45.621799 -7.6620498 -28.836599 0
41.644699 22.54645 75.900398 2
26.9104 5.42805 27.1068 2
30.085699 6.7200499 36.7579 2
23.4939 14.07665 31.6147 2
-21.093468 -8.0846167 36.855499 3
14.2517 12.45395 -3.3134999 3
16.5767 3.72575 -1.3708 3
6.5050998 11.40695 6.763 3
39.6847 19.273251 67.987396 2
29.519974 19.661474 51.086227 2
7.8046999 11.70445 5.8305998 3
28.666901 19.236151 45.925201 2
-40.0047 -18.31155 41.414902 3
45.820702 28.086349 86.388496 2
27.9405 11.59385 -65.884003 1
18.292751 12.68435 -11.139549 3
22.621651 10.90705 19.6674 2
22.705299 12.98095 -17.6157 3
-41.139099 -12.59505 34.134399 3
30.710899 10.08245 -64.703796 1
-19.0404 4.8105502 23.759899 3
22.880699 11.73495 24.1555 2
-48.192501 -25.99065 41.003399 3
29.153543 7.50495 -55.539703 0
45.037899 27.58235 85.848396 2
8.0825996 1.7645 11.7747 3
1.2451 -0.46515 20.742701 3
36.235638 22.321716 70.498039 2
11.101174 3.8730249 8.7380753 3
26.12524 13.105211 -23.308239 3
25.543068 13.022384 -22.696701 3
30.914499 20.311449 57.298 2
-1.3635 -0.34255001 23.809299 3
-0.1117 0.092349999 22.485201 3
3.8754001 11.38945 8.5170002 3
23.4799 13.79105 30.4867 2
-26.246901 1.09575 28.240299 3
34.720501 12.51355 54.085033 2
36.941433 15.526517 59.886829 2
13.4106 4.1984501 5.3202 3
-29.5875 -11.26335 40.322601 3
29.917601 19.87355 53.351799 2
-40.8559 -18.778151 41.4179 3
22.705 13.05425 -18.5788 3
-5.6568999 -1.50425 27.040199 3
24.92915 6.2838502 -19.08745 3
28.546499 6.30655 32.576599 2
6.1880002 0.40204999 14.206 3
44.45055 26.885401 84.58255 2
28.721701 6.24365 33.643501 2
32.757534 16.73815 -80.710503 1
25.6784 5.6223502 22.957701 2
30.9147 15.09665 -82.0177 1
23.3015 5.43785 -15.9401 3
29.868576 4.89955 -51.552849 0
-11.8477 7.8854499 21.946699 3
34.799599 12.19305 53.389 2
-39.878635 -11.088483 33.063099 3
31.090467 2.0551829 -42.959503 0
32.3125 9.7702503 46.391499 2
-28.221699 -0.85245001 29.010201 3
-45.305302 -22.88925 41.178398 3
-9.8183002 8.44555 21.5107 3
31.075899 12.02445 -86.4487 1
27.762199 5.7565498 30.3325 2
14.7253 3.7974501 2.3849001 3
28.972 19.50445 48.542301 2
-8.1990004 8.4807501 20.805901 3
28.165501 5.9383502 31.3272 2
22.625299 9.4815493 14.73035 2
-33.486382 -4.86447 30.652924 3
-4.8277502 -0.99204999 26.47385 3
-16.9391 5.9691501 23.063299 3
43.673374 25.638599 81.299873 2
29.5938 13.18655 -64.884003 1
5.7336998 11.68295 7.1648998 3
-43.872799 -14.83905 35.484001 3
25.4874 6.5487499 -19.597601 3
10.6464 11.83395 1.3671 3
12.3178 4.13625 7.7693 3
36.8078 -3.5671501 -32.954399 0
29.644899 7.0183501 37.304001 2
27.881701 13.308201 -86.686249 1
1.3959 0.0099499999 20.6394 3
0.94800001 11.05895 10.7649 3
32.5896 9.9464502 47.353199 2
-34.699902 -5.2054501 31.160801 3
18.736601 4.1522498 -6.3060002 3
29.7719 13.533649 -64.270996 1
-10.65085 -5.2515502 29.076351 3
32.389301 20.81255 61.099998 2
37.5051 16.290251 62.8419 2
-47.528198 -24.702118 41.050602 3
22.556 11.09355 21.2805 2
23.5748 13.40765 -19.373199 3
29.231001 8.3646498 -28.010099 2
26.884501 13.25045 -24.7614 3
40.219898 25.49925 78.464401 2
27.0487 5.1010499 25.896999 2
36.493763 22.513916 71.054298 2
35.924702 13.907718 57.270168 2
-13.643 6.95295 22.1957 3
43.776699 27.60825 83.9963 2
50.283401 -10.42995 -30.0432 0
31.1553 20.248449 58.417702 2
25.6387 17.07585 39.9589 2
29.1633 12.99725 -53.569599 1
-37.808998 -8.75595 31.838301 3
19.704866 4.7333498 -7.722033 3
34.436401 21.506149 67.159798 2
24.56184 15.069051 35.511799 2
3.9270999 0.0911 16.841351 3
-24.666599 -9.5610504 38.758301 3
18.613501 4.3225498 -4.8162999 3
16.270201 3.7179 -0.68690002 3
41.430401 22.18775 75.213501 2
31.382401 15.67955 -81.459999 1
-25.084499 1.61595 27.1483 3
-16.292999 -7.7795501 33.1632 3
24.4412 6.2666502 18.8997 2
-36.9589 -8.1945496 31.8274 3
37.2285 23.643551 73.119698 2
26.24535 17.564049 40.885048 2
-12.8152 7.64605 22.112801 3
28.938999 19.44495 47.613899 2
22.481199 5.59305 -13.6916 3
41.77 22.98045 76.823303 2
-36.531769 -7.575017 31.747965 3
29.335501 6.6729498 36.020199 2
-9.0264997 8.5665503 21.098101 3
49.4147 -9.8672504 -29.191299 0
19.690075 12.695175 -13.084524 3
-10.888 8.2502499 21.810101 3
-27.192699 0.41615 28.556999 3
40.857697 -6.0507998 -30.3752 0
-47.752998 -20.825451 37.166199 3
30.840401 18.400749 -80.5709 1
-12.0616 -6.2973499 29.704451 3
30.439699 7.1800499 38.828098 2
-0.26449999 -0.48905 22.448799 3
41.9562 -6.3866501 -29.963499 0
36.332199 22.842951 71.645699 2
28.0889 11.1215 -64.496552 1
31.4981 1.47735 -40.849602 0
25.33345 6.5383 -20.166401 3
-1.4888999 10.66935 13.8572 3
-0.77780002 10.73015 13.099 3
20.7938 12.70895 -15.0124 3
36.260101 15.15785 59.565899 2
21.583752 12.9118 -16.661949 3
20.809601 5.0683498 -10.1436 3
51.262001 -9.0206499 -33.605 0
-42.745201 -20.501249 41.193501 3
35.258801 -1.78685 -34.799198 0
35.660999 13.26615 55.981201 2
-35.462399 -14.41375 41.1577 3
27.063499 7.0838499 -23.687799 2
17.426767 3.91115 -3.320533 3
50.509834 -7.6565371 -36.496773 0
29.7036 3.6308501 -48.530201 0
32.529099 20.28215 62.107899 2
8.6155005 11.65355 4.7467999 3
30.221901 19.95245 54.340599 2
-45.25235 -22.108501 41.158051 3
-32.090199 -3.40185 29.8862 3
21.6623 5.1409502 -11.5984 3
31.702301 8.8554993 43.727951 2
25.49062 5.6735902 21.69182 2
27.901699 7.4563498 -25.323799 2
41.2216 6.62185 -47.670399 0
-6.4998999 9.0618496 19.7306 3
35.0159 13.59475 56.0881 2
1.9732 -0.50494999 19.7677 3
30.104401 6.9095502 37.631901 2
33.1665 12.06875 -54.509697 0
37.038551 23.45315 72.721802 2
32.047401 15.53425 -84.054298 1
35.890602 -2.5280499 -34.318901 0
-19.4884 -8.3246498 35.6362 3
-39.348099 -17.85145 41.247898 3
0.75 -0.53855002 21.1572 3
-31.464399 -12.43745 40.563702 3
3.1102669 11.454483 9.0990667 3
41.005199 21.49675 72.660301 2
-1.1328 -0.51894999 23.388201 3
-34.447701 -14.20105 41.021099 3
49.231899 -5.7972498 -39.794601 0
32.921101 17.90325 -80.683502 1
45.473301 28.41605 86.057198 2
9.9974003 12.13595 2.0125999 3
39.201199 24.33655 76.358803 2
28.597 5.9629502 31.782101 2
20.371901 12.81805 -13.8241 3
32.297962 1.084067 -40.107468 0
29.876549 9.6495485 -51.291351 1
24.251101 7.20575 16.1315 2
38.517868 -4.9186502 -31.903099 0
