# .PCD v0.7 - Point Cloud Data file format
VERSION 0.7
FIELDS x y z label
SIZE 4 4 4 4
TYPE F F F U
COUNT 1 1 1 1
WIDTH 1056
HEIGHT 1
VIEWPOINT 0 0 0 1 0 0 0
POINTS 1056
DATA ascii
28.0737 8.7245502 -118.82515 1
-63.171349 -17.07795 20.89185 3
62.742699 18.031651 118.82515 2
25.4589 -0.63814998 -42.85215 1
-16.115 7.9460168 6.2917838 3
47.543999 -3.2065499 78.45845 2
37.679649 1.6411 -80.697845 0
46.645802 -18.031651 -61.076851 0
-36.088665 -6.0356498 22.229584 3
31.614466 0.90908301 58.855618 2
50.503338 7.7001171 100.27341 2
16.1499 7.1759501 -24.02305 3
-21.294764 -5.9348998 14.186126 3
34.143349 -9.7910004 46.113899 2
-51.44595 -5.7274671 16.800865 3
-4.9088998 -2.90745 5.4556499 3
-32.354301 4.5227499 11.88655 3
42.494301 -7.4045501 64.720253 2
43.727402 5.3242502 88.54155 2
11.9543 -1.6724499 -14.45775 3
36.172699 1.23375 72.669449 2
46.112049 -12.129166 -73.122597 0
28.1553 1.15795 45.600651 2
26.175186 5.0920248 23.139914 2
25.377399 -7.63975 27.12155 2
-5.50564 8.1113501 0.91746998 3
27.722324 1.31885 -87.6408 0
30.7162 5.1461501 -108.44995 1
29.1231 -9.3172503 36.898651 2
52.869949 2.8331499 91.809052 2
8.2735004 7.8404498 -12.88495 3
18.915899 -1.50725 -27.933849 3
-45.087666 -8.5939493 22.762419 3
0.8671 -3.131475 -1.38625 3
39.106899 -13.524684 -61.682781 0
32.86105 11.8253 -112.8377 1
8.0878506 -0.76574999 -7.3885002 3
26.483999 6.0959501 -40.539951 2
33.109501 5.2881498 -85.239052 0
26.9849 2.32775 38.756451 2
57.011932 9.1545496 102.13029 2
26.7369 4.61975 30.095249 2
-0.8955 8.6957998 -4.4921999 3
29.5208 0.19315 52.491852 2
59.362324 15.317175 114.11537 2
23.945601 -5.2938499 21.549049 2
-59.438099 -12.99335 18.262251 3
30.981199 4.9542499 -115.27415 1
4.7024999 7.8000498 -8.3462496 3
-10.55195 7.9054999 4.90095 3
33.975201 1.91655 66.918251 2
53.787498 11.01965 106.40985 2
-27.46785 5.8245502 9.5545502 3
-21.590565 7.0917449 7.1859751 3
-55.412182 -9.3522053 17.71875 3
22.4053 -0.83515 -33.41975 3
-8.9012499 -2.3227501 9.3073997 3
-25.627655 -6.1296 17.355616 3
40.949402 -2.08865 -78.644897 0
44.067551 -8.3271503 -76.287643 0
-31.333338 -5.819488 20.413387 3
22.6336 6.80195 -34.537151 3
-16.097401 -4.9374499 12.25175 3
48.279701 -16.58025 -65.771545 0
46.040699 -4.7382498 74.170547 2
43.895477 -6.1343498 69.089149 2
30.485451 4.7128 -101.07305 1
24.884583 4.4755249 18.619066 2
23.566601 -0.96155 -38.262051 3
-40.506901 -7.141983 22.562485 3
39.844799 -8.6139498 58.31945 2
30.653999 -5.1683502 -71.40905 0
47.35907 -14.557992 -69.640869 0
28.37035 -2.9073999 -79.288544 0
36.969601 -9.2902498 52.938049 2
-38.539185 1.5721 12.918267 3
30.4279 9.9932499 -115.65845 1
17.098301 -1.75195 -24.288151 3
28.107702 0.90254998 -32.666683 2
51.383385 1.421412 88.465408 2
-58.358799 -14.7997 21.567524 3
49.082985 -1.602792 82.274284 2
57.219601 13.70215 111.31415 2
28.248699 -0.76375002 -84.266647 0
41.360764 4.7655172 83.656219 2
23.081951 -1.7122 12.644501 2
17.989 6.7815499 -27.18075 3
35.428501 -9.7957497 49.467548 2
35.257999 -10.36745 -64.55825 0
42.473122 -5.31949 -77.347008 0
27.3388 1.41895 42.182251 2
14.439733 6.8880501 -20.964117 3
41.076801 -7.8453002 61.394653 2
-48.374947 -10.11315 22.609299 3
-51.746201 -11.40495 21.93405 3
30.878607 0.27557001 55.614235 2
30.8302 4.9040499 -111.80075 1
31.9709 -6.6554499 -68.753448 0
-11.7625 -2.9763501 10.83975 3
61.632599 15.93615 116.4114 2
31.50555 1.12705 -84.637199 0
23.594299 2.91855 11.92525 2
32.404884 -9.9148664 43.436432 2
-60.556503 -15.7526 19.470301 3
55.549904 12.1384 108.80533 2
27.6749 5.7119498 -110.55935 1
60.293201 14.15155 111.26725 2
24.528465 -6.5065498 24.35655 2
38.693058 3.0583701 78.105492 2
53.854401 4.1300502 94.371651 2
30.384188 -9.4516869 39.585987 2
44.694855 -15.9461 -60.270851 0
14.4598 -1.89625 -19.330549 3
-45.2346 -1.93055 14.18565 3
30.393726 2.5081749 -87.230225 1
28.148001 5.7799501 -118.74345 1
-3.0809 8.5002499 -2.45435 3
-7.7405 7.9847498 2.93155 3
38.319504 -8.8759499 55.471603 2
6.1385002 -1.5351501 -5.38975 3
37.315567 -12.087017 -63.456985 0
21.0343 6.6834502 -32.180649 3
30.483999 7.5430498 -114.22655 1
3.0603001 -2.6695499 -3.114717 3
27.605 5.3007498 -105.34075 1
-6.9238172 -2.41505 7.3813 3
32.6124 9.3087502 -114.11725 1
26.37145 -8.2249498 29.62775 2
41.612362 -14.639387 -60.572441 0
-48.824699 -4.1798 15.6483 3
28.67905 -1.908325 -81.853226 0
37.309273 1.639425 75.122627 2
20.389999 -0.98334998 -30.29845 3
45.056702 -10.41485 -74.81105 0
47.817425 -17.344299 -63.308048 0
24.309299 4.1285 16.126301 2
23.178951 -4.1278501 18.4389 2
9.6064997 -1.02275 -9.5025501 3
56.106453 7.4698501 100.4807 2
-13.965876 -3.8182499 11.652124 3
-57.215298 -11.114075 18.036625 3
27.646801 5.9281998 -113.11725 1
10.934 -1.5754499 -12.20545 3
29.613626 -4.599658 -73.544662 0
27.7792 -9.0745497 33.900349 2
23.2976 -0.71315002 -35.88205 3
25.3458 -3.67415 17.03035 2
50.791302 0.18345 86.49675 2
36.1488 3.20365 -82.457253 0
28.616787 -3.5804 -76.950912 0
47.988098 6.1902499 96.514549 2
33.558899 2.0211501 64.519753 2
-33.623924 -5.820425 21.630901 3
23.115034 2.502317 8.7208834 2
13.0531 -1.97095 -16.518351 3
27.273899 4.5191498 -96.17495 1
15.9226 -1.85855 -22.27035 3
24.9277 2.6408501 -39.82785 3
32.3349 1.62615 61.374748 2
-42.894592 -7.833425 22.68346 3
34.625801 4.0338502 -84.030746 0
-0.66299999 -3.2658501 0.32789999 3
46.6819 -4.0669498 76.263351 2
-53.465698 -7.1213498 17.32185 3
49.085602 6.6742001 98.636993 2
-38.3442 -6.6342831 22.131233 3
51.396301 8.4021502 102.27795 2
27.127441 2.5434301 36.49987 2
55.11372 6.6430001 98.610596 2
-3.0752001 -2.94855 3.6712501 3
40.424534 4.4552169 81.698486 2
30.881399 11.30075 -113.54095 1
28.589516 0.36254999 48.130733 2
58.450298 10.7204 106.971 2
2.89395 8.0770998 -7.1089001 3
29.056252 0.44319999 50.41415 2
-40.373528 0.66317499 13.54465 3
25.35235 4.8632998 20.882301 2
-19.4179 7.6427498 6.8193498 3
59.339634 12.506118 110.31332 2
52.766163 9.8688831 104.66525 2
31.441399 -9.8467999 41.576 2
26.8666 5.0341501 28.06295 2
49.682777 -0.69464999 84.040543 2
25.300049 6.4225502 -38.876751 3
61.370598 15.682051 114.38675 2
26.403299 5.5366502 25.613251 2
11.0926 7.1707749 -16.668325 3
-29.27615 5.2786002 10.5341 3
34.153099 -8.9437504 -65.706947 0
23.929899 3.37555 13.93065 2
19.04565 6.8555999 -28.890499 3
9.6255999 7.6585498 -14.75355 3
17.9863 -1.65315 -26.082451 3
30.7922 4.76825 -106.48525 1
23.480032 6.287683 -36.255985 3
57.203651 9.6879501 104.02905 2
30.5254 4.2505498 -96.864052 1
45.969749 5.9432001 93.099304 2
4.605 -2.1473501 -4.1872501 3
23.1765 -2.3538499 14.46575 2
39.514099 3.8180499 79.790649 2
0.4998 8.1308994 -5.6624498 3
39.927799 -0.38227499 -79.317947 0
58.463402 14.53015 112.63745 2
32.86525 -7.7686 -67.330048 0
-47.1437 -2.9902501 14.86905 3
34.692532 1.652983 68.627022 2
28.66795 3.8492501 -94.884148 1
35.357075 1.411375 70.706299 2
31.7596 5.26125 -86.51725 1
-61.344666 -16.792116 20.851915 3
30.464798 4.6561828 -98.890717 1
34.284698 -9.6154499 47.945148 2
13.6257 7.27105 -19.290751 3
26.369301 3.4795499 32.8843 2
30.66815 5.1164999 -102.90105 1
-34.109917 3.6129 11.898882 3
17.005199 6.90065 -25.64205 3
60.667099 14.961201 112.8595 2
31.951 0.83455002 -82.891853 0
-23.1469 -6.2472501 15.57965 3
23.195499 -0.86725003 11.04135 2
48.027 -15.43885 -68.039848 0
43.114925 -6.929575 66.346825 2
51.974876 2.430613 90.301804 2
38.434261 2.1718831 76.564583 2
-46.68639 -9.4299202 22.378719 3
-36.879833 2.1359749 12.395283 3
62.493652 17.431751 117.1657 2
27.347076 4.8897748 -99.597946 1
-19.6409 -6.1441498 13.19615 3
28.0735 1.49005 43.858452 2
27.334 1.71425 40.435551 2
60.174599 16.57605 115.64845 2
44.592182 5.6589069 90.031891 2
-27.040899 -6.1008 18.36915 3
43.397316 -6.93187 -77.065971 0
26.713299 -8.4927998 31.394899 2
-17.615749 7.1249628 6.4603071 3
-52.926102 -12.62275 21.65995 3
23.7999 -5.3008499 19.52335 2
30.191299 7.98175 -116.02985 1
22.895399 -3.43805 16.77795 2
28.9986 -4.1173501 -75.230453 0
-30.755501 4.7894502 11.37025 3
-29.682449 -5.7746 19.9293 3
27.5359 5.6526999 -108.89085 1
30.172401 0.36179999 54.099998 2
31.015131 6.5972838 -115.55459 1
28.597168 -8.9007158 35.342083 2
-56.305599 -13.19055 21.70425 3
-60.311897 -14.423467 18.517567 3
7.3829002 7.5662251 -11.36985 3
31.401573 -5.842 -70.100227 0
-10.328966 -2.485517 10.106517 3
33.355202 2.99315 -83.907852 0
-60.305401 -15.59745 21.180349 3
20.202982 6.6374998 -30.713449 3
24.2069 -6.2904501 22.80485 2
54.832741 11.35152 107.61748 2
38.628082 0.365033 -79.925636 0
-17.68475 -5.22545 12.55335 3
44.677799 -5.9653502 70.578552 2
28.069324 0.42585 -86.346222 0
32.895699 1.6663001 62.814201 2
31.0956 9.0684996 -114.2855 1
56.7145 12.575726 110.32295 2
24.9734 -6.6919498 25.818951 2
6.0316 7.5157499 -9.7255497 3
27.6339 5.4568501 -107.23405 1
45.400772 -5.1324301 72.836327 2
42.943401 5.3949499 87.189453 2
-24.356199 -6.2237501 16.50305 3
54.092499 4.9226251 95.636574 2
15.2509 7.1900501 -22.18725 3
41.983101 4.8828001 85.024948 2
45.701801 -17.02895 -60.473652 0
-1.8814 8.2300501 -3.4841499 3
24.2911 6.4904499 -37.481251 3
39.0993 -8.8243504 56.756351 2
28.9261 9.56355 -117.45335 1
40.491901 -8.4296503 59.905548 2
10.1296 -1.106683 -11.070018 3
43.359966 -6.2974501 67.645782 2
57.9972 10.14685 105.56835 2
36.155251 -11.2591 -63.854347 0
52.2397 9.0845499 103.5788 2
26.653299 3.8505499 31.448517 2
60.961399 17.179031 116.66863 2
6.8998499 -1.0374 -6.6602502 3
40.340302 -14.18265 -61.418999 0
50.071213 -0.14826 85.323013 2
42.439701 -4.1675501 -78.160553 0
-5.5757999 -2.43945 6.6038499 3
53.296432 3.6703501 93.166542 2
42.024849 -7.6113749 63.349125 2
27.287001 4.7348499 -97.796951 1
27.338301 -8.9202499 32.557652 2
36.197102 -9.2349501 51.788448 2
32.776199 -9.6783504 44.95055 2
-8.1126003 -2.2044499 8.0599499 3
25.1994 -0.88125002 -41.36615 1
48.162601 -2.7039499 79.664146 2
47.07 -13.84405 -71.067047 0
-14.50325 7.8706999 6.0904002 3
-12.5046 7.8888502 5.6494498 3
47.752602 -16.68915 -64.49955 0
1.5638 8.0755501 -6.5000501 3
36.6782 1.52395 73.930649 2
-25.596001 6.2683501 8.6244001 3
27.79105 7.0767498 -118.6058 1
28.402668 -2.392683 -80.529922 0
26.460199 0.22544999 -43.362251 1
21.904499 6.8106499 -33.343151 3
48.635899 -2.04355 81.073448 2
-50.520432 -10.759883 22.324883 3
33.499165 4.1305161 -84.725517 0
28.1954 -1.40675 -83.116447 0
46.62635 -12.9631 -72.07515 0
21.3353 -0.90310001 -31.795601 3
-23.559 6.7755499 7.7486501 3
27.076 5.4205499 26.84465 2
41.564499 -3.21945 -78.252953 0
26.47085 2.8886001 35.441597 2
36.9356 2.1849 -81.601898 0
31.6821 6.3752499 -87.157951 1
-32.546185 -5.8211098 20.936661 3
45.618908 -11.291817 -74.064392 0
-2.2274001 -3.1831501 2.5894499 3
-12.888875 -3.5025251 11.059601 3
35.6213 -9.3448496 50.676048 2
47.303001 6.0882502 95.372147 2
25.6896 -7.7529502 28.68535 2
27.4527 2.3076501 -88.420547 0
53.627602 10.05845 105.55425 2
-41.683151 -7.5592999 22.503551 3
22.9081 -0.82545 -34.622952 3
11.3546 -1.50985 -13.38465 3
24.503901 3.8017499 14.94745 2
10.1885 7.2837501 -15.83005 3
28.651249 -3.0738499 -78.069748 0
26.420296 5.2662749 24.324459 2
23.391701 0.062550001 8.3568497 2
24.035801 -0.90934998 -39.380753 1
-1.68305 -3.1571 0.97517502 3
29.4669 9.8875504 -116.38845 1
47.097 -3.5062499 77.373352 2
47.294853 -17.7822 -62.0672 0
30.8095 6.8011498 -112.53265 1
-35.8871 2.8310499 12.14135 3
-34.919647 -5.9533 21.9564 3
24.526501 4.3002 17.305149 2
-47.676849 -3.9451749 15.360937 3
50.941071 1.10945 87.242882 2
46.3288 6.31565 94.225349 2
-43.531601 -0.89090002 13.97135 3
-45.853275 -2.8794751 14.564674 3
-3.7925 8.6933498 -1.22025 3
16.4799 -1.48455 -23.250648 3
23.345875 2.1979499 7.5973501 2
23.08215 -2.9107499 15.7328 2
58.407738 11.370375 107.96094 2
-59.184418 -14.106816 18.587484 3
31.3699 11.76335 -112.49155 1
59.695301 13.16515 111.43755 2
-49.313 -10.80095 22.535351 3
21.67025 2.8829 -38.4837 3
46.298698 -4.1121001 75.166046 2
62.337898 17.09515 118.2753 2
27.6467 5.8540502 -111.70744 1
27.870449 6.0814171 -116.39497 1
61.955799 16.09395 115.28605 2
25.583799 5.1062498 22.011551 2
50.91095 8.3008003 101.24695 2
30.8447 4.9509501 -109.72205 1
26.9319 2.2906499 37.61935 2
30.618599 4.6317 -104.1512 1
24.137051 3.4084499 12.819 2
8.8724499 7.5918002 -13.80835 3
29.707001 0.4452 51.41185 2
-41.404568 0.38848299 13.886749 3
31.102699 0.71294999 57.87965 2
29.7057 -9.2960501 38.552452 2
30.776501 4.7156501 -105.37395 1
60.113899 15.867599 114.7202 2
42.372898 5.11905 86.160851 2
-28.213699 5.3109498 10.21435 3
30.583225 5.1735501 -100.06842 1
-39.374592 -6.9424272 22.401495 3
-43.924652 -8.2393494 22.680149 3
30.924101 0.51085001 56.694901 2
60.68811 14.646487 113.91679 2
-9.6115665 7.8893919 4.309175 3
30.914434 -9.6251268 40.632832 2
55.9408 7.06075 99.470749 2
14.1233 -1.80145 -18.17415 3
41.603199 -7.9070501 62.381248 2
19.5952 -1.4209501 -28.78635 3
-37.308365 -6.2927999 22.162418 3
-4.8888001 8.3921499 0.062749997 3
45.605316 5.8340502 92.078712 2
30.8696 6.0869498 -111.52005 1
55.035347 6.4837999 97.537506 2
-27.91935 -6.0871 19.035299 3
45.249901 -5.5513501 71.846748 2
61.802086 16.635471 117.41197 2
35.105125 1.5793869 69.625229 2
27.715 5.87675 -114.40375 1
17.384399 -1.08935 -25.105949 3
-11.572217 7.6578498 5.159234 3
-20.541599 7.30725 7.0587502 3
19.725 7.01015 -29.82155 3
-55.493698 -13.848783 21.445051 3
30.472099 4.8592501 -97.746552 1
56.044601 12.82315 109.46145 2
-49.676151 -4.6922998 16.040501 3
-50.6008 -4.99015 16.50885 3
23.301901 -0.45245001 10.06295 2
30.751499 10.43405 -114.74255 1
25.295046 4.592258 19.592024 2
33.0807 2.1835499 -83.282951 0
61.264999 15.29205 115.36525 2
-39.4398 1.10075 13.16385 3
33.7356 2.02545 65.711647 2
-26.63295 5.89535 8.9523506 3
26.5804 3.40505 33.890148 2
5.2389002 7.2054501 -8.9938498 3
27.677799 5.1065502 -104.33295 1
6.68365 7.3589668 -10.578967 3
57.054668 9.1313496 103.18034 2
58.398499 11.10645 105.63585 2
-20.637899 -5.578548 13.441739 3
18.6385 7.06145 -27.975149 3
32.814999 9.8920498 -113.30255 1
44.958199 5.8488498 90.964851 2
3.6313 -2.1020501 -3.8968501 3
28.1381 -0.11715 -85.489151 0
15.6288 6.9319501 -23.18535 3
-33.102043 3.7248099 11.933009 3
-18.6283 -5.4529119 12.841887 3
-62.366299 -16.471251 20.802549 3
43.614178 -15.368915 -60.324909 0
-15.1824 -4.5829501 12.03065 3
32.0177 -9.4864502 42.31535 2
59.544201 12.84505 109.12155 2
34.539169 -9.6705828 -65.13755 0
-22.312265 -6.0821171 14.699817 3
-44.373001 -1.4173501 14.0529 3
26.7008 4.8752499 29.039249 2
-54.898987 -8.3776169 17.620966 3
-58.446198 -11.67915 18.236 3
31.651699 1.09145 59.930752 2
30.817001 4.93785 -110.7109 1
-22.59845 6.789 7.4815001 3
29.6236 3.88025 -95.121452 1
47.404449 -14.863256 -68.584442 0
-13.5143 7.8645501 5.9380169 3
-56.458199 -14.147699 21.57415 3
4.9587002 -1.80355 -5.02985 3
23.4139 -0.53565001 -36.86095 3
-52.449402 -6.40025 17.0653 3
-60.685501 -16.36525 20.276449 3
32.3139 6.0016499 -86.220451 0
26.954399 5.8608499 -41.356102 1
23.315552 -4.1367502 17.30015 2
-8.6221504 7.8516669 3.700983 3
30.0375 -4.4821501 -72.55175 0
12.8522 7.2701502 -18.342951 3
48.097488 -15.884925 -67.192886 0
34.663601 -9.6999502 47.06855 2
57.894501 14.15655 111.81965 2
-4.0742002 -2.7462499 4.97435 3
63.151402 17.808451 117.99395 2
49.9692 7.1828499 99.662849 2
27.424999 1.9015501 41.37595 2
43.028999 -6.0806499 -77.341499 0
37.692799 2.03385 75.88475 2
59.072601 12.04655 109.27235 2
44.186073 -5.6151509 69.816101 2
62.073196 17.003399 116.44424 2
3.7079999 7.6928501 -7.7485499 3
-34.983601 3.0467 12.0514 3
32.668652 10.8978 -112.8654 1
25.90925 6.1166 -39.805801 3
45.637299 -16.102051 -60.542751 0
37.671337 -12.531917 -62.67218 0
-37.651665 1.623806 12.661883 3
37.6702 0.75690001 -80.427498 0
28.2927 9.0459499 -117.98795 1
-57.8367 -13.96395 21.473351 3
23.659599 -4.4214501 19.28285 2
31.03635 5.69945 -115.80885 1
27.5012 5.4099498 -106.32955 1
-45.918922 -8.9557486 22.646774 3
-29.000799 -6.0253501 19.37495 3
-6.2540002 8.2619495 1.75655 3
30.7614 4.7502499 -107.63285 1
31.68964 1.28539 -83.707657 0
-0.051100001 8.71945 -5.2511501 3
27.227551 5.1375499 -98.698654 1
0.0942 -3.32355 -0.62774998 3
33.144001 1.917417 63.713184 2
61.221699 15.26575 113.49215 2
28.7272 -3.8543501 -76.108948 0
27.495001 1.21825 43.24305 2
52.058998 1.75525 89.733353 2
38.383312 2.602489 77.412163 2
60.6227 14.48175 112.01855 2
42.4184 -14.89765 -60.827751 0
28.255699 1.0596499 44.72855 2
27.9977 6.2003498 -117.75185 1
-30.519501 -6.1227498 20.265949 3
26.44875 -8.3397999 30.569351 2
24.5259 -0.86995 -40.773449 1
-18.3046 7.6605501 6.5539498 3
29.926725 0.325975 53.256775 2
37.372498 -9.1505003 53.772453 2
16.674999 7.1491499 -24.870251 3
37.828976 -8.8909254 54.695175 2
30.227501 0.14405 54.943851 2
-6.9133501 8.12955 2.3615999 3
-52.159649 -12.21245 21.6786 3
30.642075 7.3284998 -113.39896 1
27.946301 -8.8730497 34.728451 2
58.484299 15.03035 113.34615 2
43.670502 5.2908001 87.649246 2
34.9916 -9.8799496 48.728451 2
36.359901 -9.6495504 51.00135 2
44.676132 -9.8366003 -75.324539 0
43.621288 -7.6375751 -76.546982 0
14.726151 -1.51965 -20.057701 3
61.832199 17.628851 117.82795 2
-56.4967 -9.6469498 18.00045 3
24.173401 -6.1497502 23.661051 2
-42.744202 -0.37744999 13.98195 3
-16.930325 7.68435 6.2958512 3
49.394028 -1.3299 83.023071 2
26.942801 1.94065 39.517849 2
11.7677 7.2954502 -17.177851 3
56.501701 8.3233995 101.8485 2
40.77 -7.75985 60.60725 2
25.0261 -7.3162498 26.42305 2
31.931566 -6.2667499 -69.501076 0
23.2491 2.9976499 10.72465 2
-24.3417 6.6048498 8.0096502 3
42.663666 -7.0727668 65.654907 2
13.5787 -1.97945 -17.25605 3
30.881001 6.8730502 -114.53145 1
52.658798 2.3972499 91.127853 2
25.185001 -0.42875001 -42.091949 1
24.089001 -0.42605001 -38.63195 1
12.389 -1.8513499 -15.35945 3
32.2761 5.1051002 -85.881248 0
-11.0583 -2.82445 10.32605 3
51.875401 8.5994501 102.93092 2
24.097401 -5.5680499 22.404449 2
57.7817 9.7652502 104.65875 2
33.338299 -9.7142496 45.924549 2
38.442001 -13.090191 -62.078331 0
23.353802 2.4855499 9.7273998 2
45.037872 -10.7203 -73.916527 0
30.709499 1.7606 -84.902451 0
54.797001 5.74335 97.258247 2
46.045891 -3.9071829 74.390671 2
27.5602 5.6693501 -108.07205 1
-54.078423 -7.6461 17.459324 3
41.65163 -3.8977001 -77.804283 0
48.774899 6.3534498 97.953346 2
-54.856552 -12.703449 22.070301 3
-15.331012 7.3642278 6.1818271 3
52.693451 9.1671495 104.2606 2
29.408033 -9.323308 37.659969 2
9.75175 -1.0513999 -10.3015 3
36.891567 1.114917 73.262917 2
29.32365 -4.3624001 -74.263794 0
28.1054 0.68655002 46.256649 2
47.459999 6.6587501 95.923149 2
20.6738 6.8681502 -31.326799 3
27.239401 4.72575 -96.993446 1
-23.6982 -5.9390998 16.078501 3
27.641701 5.0465498 -103.33095 1
26.1975 -0.49775001 -43.130051 1
53.738197 4.7253251 94.894524 2
35.709232 3.036417 -83.120659 0
31.021299 6.0222502 -114.99855 1
-47.632999 -9.8249006 22.578751 3
-9.871911 -2.363517 9.3592834 3
-55.476349 -13.11905 21.79335 3
59.002899 11.66225 107.36195 2
48.248825 -2.1042249 80.33403 2
54.283653 5.2957249 96.311172 2
-60.378979 -15.14145 18.8445 3
48.121201 -17.20755 -64.024452 0
30.680334 5.3522329 -103.6544 1
23.055099 -1.3748831 11.633233 2
24.8874 2.6682501 -39.041752 3
15.649467 -1.6651829 -21.558649 3
1.7158999 -3.02825 -1.93795 3
-1.88355 -3.1754501 1.7331001 3
-6.3327999 -2.53245 6.8815169 3
-8.2964497 -2.4085751 8.8180752 3
23.150101 -1.906075 13.398525 2
28.086599 1.02135 -87.01725 0
55.1045 12.02805 107.89665 2
-2.9802001 -2.9684501 2.8966501 3
57.9711 10.832649 106.3653 2
36.604958 -11.694408 -63.390675 0
-1.349175 8.0903244 -4.1877499 3
-53.915901 -12.886 21.826 3
-7.4105 -2.5344501 8.0106497 3
-41.109138 -7.2545362 22.078108 3
47.688347 -2.6216421 79.055862 2
44.70826 -5.4051199 71.31134 2
33.895199 -9.7290497 46.975349 2
36.795799 -9.5041504 52.197552 2
27.5987 5.7572498 -109.79105 1
-62.185299 -17.216749 20.706751 3
-3.8366001 -2.8891499 4.02035 3
26.742802 3.6853499 32.24155 2
9.0368004 -0.70345002 -8.40625 3
26.700951 3.0659499 34.572399 2
60.822632 15.085416 114.53342 2
39.986301 -8.3131504 59.23505 2
-14.664256 -4.1236 11.643744 3
5.3368711 -1.371421 -5.6237421 3
30.5539 4.2680502 -96.10405 1
14.832167 6.8943 -21.614817 3
-42.387234 -7.6765928 22.139999 3
20.037001 -0.97724998 -29.626949 3
38.923199 3.37305 79.036049 2
56.377987 7.881834 101.2024 2
44.429001 -9.1037006 -75.786949 0
38.611115 -8.8708668 56.18362 2
28.2852 0.54855001 47.140949 2
40.7276 4.66225 82.372551 2
46.912399 6.1185098 94.654556 2
32.633522 1.3819 62.09655 2
-2.4172001 8.6236496 -3.1368501 3
34.341751 1.7364 67.882004 2
23.35825 -0.8549 -37.551498 3
48.27615 -16.87125 -65.084099 0
42.628834 4.8000112 85.38868 2
23.8374 6.3477669 -36.907833 3
26.709774 4.1258001 30.652075 2
-35.619202 -5.8839998 21.672134 3
-26.159401 -6.2690501 17.85745 3
23.495701 -4.9784498 20.118151 2
46.112835 -12.375061 -72.360947 0
30.364666 -5.0208158 -72.072037 0
54.290501 10.62675 106.77995 2
10.6433 -1.45505 -11.4653 3
-3.533437 8.3969994 -1.841772 3
32.16 9.6454496 -113.52475 1
42.943001 -15.07185 -60.337749 0
48.044502 -16.169498 -66.331902 0
48.353001 6.39045 97.259453 2
48.739433 -1.5318331 81.632004 2
31.112225 6.3218918 -87.639343 1
50.064899 -0.57115 84.727448 2
53.587399 10.75955 105.73785 2
6.7697001 -1.18785 -5.9628501 3
28.2033 -1.80855 -82.388847 0
39.720901 -13.81605 -61.355949 0
28.7938 -9.2551498 36.190151 2
-4.4053659 8.4013395 -0.67995 3
57.589699 9.9380503 103.30565 2
34.113602 4.3857498 -84.45015 0
27.3538 4.9546499 -100.56136 1
41.919167 4.6456399 84.149933 2
42.136559 -7.3786149 64.099297 2
45.673588 -11.623948 -73.380501 0
28.3822 -2.11675 -81.189796 0
32.284866 10.383633 -113.18021 1
54.861801 6.1433501 98.167053 2
55.274475 7.0729752 99.153198 2
11.4856 -1.3112 -14.054251 3
31.102676 10.654025 -114.16547 1
-30.074499 5.1077499 11.07225 3
31.071199 -5.4822502 -70.615349 0
30.8617 2.0262499 -86.351448 0
27.86335 4.1213002 -94.897552 1
1.045 8.3634501 -6.0453501 3
27.8326 6.0357499 -115.54195 1
32.682499 4.66535 -85.509552 0
17.303801 6.8256502 -26.274549 3
35.655968 1.3548501 70.072929 2
23.618 0.43915001 7.7351499 2
35.606773 -10.914301 -64.290901 0
35.570202 1.27165 71.359749 2
12.185925 7.0596499 -17.878901 3
42.106174 -4.6232128 -77.550102 0
14.10855 7.0819998 -20.112101 3
25.756701 -7.44245 27.671049 2
49.444099 7.13025 99.208946 2
51.64275 1.64775 89.070152 2
55.391941 11.602431 108.36533 2
39.735699 4.1703501 80.510048 2
-53.0961 -12.53475 20.01825 3
50.518902 -0.0030499999 85.83075 2
-46.509102 -2.6596501 14.58555 3
31.185051 11.125401 -112.2975 1
-5.1668501 7.8309002 0.38655001 3
23.9827 -6.0548501 21.931049 2
-5.2579002 -2.72455 6.0191498 3
23.812 0.68475002 7.1229501 2
46.824348 -3.3708501 76.430748 2
30.2801 -9.1423492 38.897148 2
35.894699 1.32635 72.048248 2
33.0751 -8.3284502 -66.809547 0
56.3321 12.16595 109.9271 2
-57.140999 -10.44095 18.139851 3
18.379633 2.6991999 -32.4114 3
2.28337 -2.8639801 -2.6239331 3
25.9604 5.1300502 23.83865 2
47.390999 -14.21135 -70.591347 0
53.4604 3.9347501 93.771553 2
27.7418 4.7913499 -101.27705 1
47.16 -2.8721499 77.727478 2
8.3127003 -1.06595 -7.9538498 3
23.099377 -2.842025 15.0589 2
23.5879 -5.0476499 21.030951 2
-19.92539 7.106039 6.8675108 3
9.0180998 -1.04465 -8.98915 3
46.72065 -13.318001 -71.508179 0
59.439701 15.90485 114.71615 2
-34.32505 2.9186499 12.1249 3
-19.5072 -5.5060501 12.89565 3
28.36025 -3.2011001 -78.66375 0
27.703701 6.3841 -114.87297 1
26.310301 5.24755 24.98505 2
27.66325 5.8416672 -112.37697 1
27.722651 1.04625 44.32505 2
45.175098 6.0008502 91.577751 2
-42.1954 0.00165 13.95965 3
27.078899 -8.8373499 31.9487 2
30.461201 4.6263499 -99.707428 1
28.393 -0.88225001 -83.476654 0
42.961735 4.9432502 86.700157 2
28.320148 -0.098324999 -84.848801 0
-52.818771 -7.11025 17.165083 3
31.9578 -9.7127504 42.93745 2
51.006001 7.6440501 101.24995 2
35.1091 3.75615 -83.671852 0
32.713501 -9.8719997 44.052147 2
-25.0574 6.2715502 8.2394514 3
31.995501 9.1276503 -114.27505 1
26.8694 2.8634501 35.969452 2
23.507898 -4.7185502 18.712282 2
43.961498 5.51335 89.211052 2
32.298 -6.98245 -68.23465 0
47.9702 6.8254499 96.688347 2
-25.858551 5.6497922 8.8637142 3
30.68425 7.3408499 -115.65377 1
-27.713209 -5.6545739 18.585505 3
23.285149 -0.34105 9.4173508 2
62.552147 17.624849 117.80569 2
39.3606 -8.8281498 57.35405 2
25.7008 5.2597499 22.724951 2
11.2902 -1.40815 -12.72535 3
40.563103 -1.4367501 -78.898499 0
33.837852 3.544225 -84.133499 0
39.545025 0.062024999 -79.5952 0
31.900951 0.74260002 59.444153 2
41.259949 -2.68225 -78.449898 0
26.7267 2.47065 37.003551 2
-44.606499 -2.0597501 14.274401 3
28.40065 -2.614325 -79.921822 0
-21.709 -6.33745 14.47485 3
35.131535 -10.129 -65.14473 0
46.568401 -17.450251 -60.807549 0
28.7453 0.35534999 49.101849 2
30.45685 4.2544498 -95.318947 1
54.470402 11.44975 107.09305 2
22.948299 6.5244498 -35.430248 3
27.4545 1.73625 -88.051353 0
37.41243 1.356914 74.390869 2
27.6649 7.8264499 -118.80175 1
30.822201 4.8619499 -109.01595 1
24.628599 -6.8596501 24.892851 2
34.139874 2.0537751 66.293549 2
-31.9076 -5.8193002 20.89345 3
24.1889 4.01825 15.46075 2
-48.313702 -3.8747499 15.413549 3
27.08917 5.148756 27.42363 2
7.4575 -0.97084999 -6.9648499 3
31.812799 0.66364998 -83.629753 0
60.685951 16.654251 116.0219 2
16.4772 -1.89895 -22.765551 3
46.576515 -3.6419621 75.723785 2
21.326401 6.6229501 -32.74295 3
47.642502 -17.61105 -62.61895 0
4.0519252 -1.891625 -4.3674951 3
59.569427 12.923275 110.83693 2
24.8936 3.9349501 16.78285 2
25.764099 5.0296502 21.36215 2
-13.3107 -3.76125 11.45125 3
-17.079201 -5.31675 12.366 3
33.166061 4.5860672 -85.115883 0
27.40745 2.8979001 -88.630402 0
-36.69537 -6.093883 22.379717 3
58.057953 14.0885 112.4532 2
62.8027 17.43235 118.65125 2
31.3332 11.65685 -113.17395 1
37.880997 1.6242501 75.375153 2
51.934399 9.4551497 103.12415 2
35.5467 -9.6279497 48.858452 2
-28.401276 -5.7718749 19.273424 3
23.367699 2.093025 6.9221001 2
17.738251 7.0995002 -26.626101 3
50.379585 7.7065659 99.664238 2
31.4202 -9.6094503 42.200249 2
19.2763 -1.12385 -28.344351 3
10.7505 7.3629498 -16.18755 3
27.473732 1.88375 39.833569 2
24.23225 3.5651 13.4116 2
29.162001 9.7422504 -116.90825 1
-12.3393 -3.21645 11.07925 3
29.2059 0.17945001 51.162151 2
15.0327 -1.87605 -20.46125 3
38.4221 -8.77215 54.828049 2
18.2556 -1.48435 -26.61245 3
-23.041138 6.3375869 7.8228502 3
31.017601 5.0907001 -115.9117 1
32.118198 1.15105 60.607651 2
33.632095 -8.6357775 -66.309059 0
58.818699 11.74065 108.77335 2
35.7528 -9.6372986 50.151299 2
58.582001 10.99645 107.50225 2
33.096397 -7.5756001 -67.863953 0
53.283699 10.144051 105.0544 2
-22.60585 -5.9067001 15.207975 3
47.060001 6.5925498 95.128853 2
57.105701 12.90715 110.84565 2
43.7402 -6.4875498 68.253052 2
43.400101 -6.6591501 66.844254 2
23.606747 2.8910921 11.315617 2
-50.041901 -5.1101999 16.30085 3
51.273354 8.0668507 101.67545 2
27.6931 5.9984498 -113.80905 1
-36.4231 2.4423499 12.13795 3
27.8216 -8.8059502 32.965851 2
49.781502 7.6568499 99.334251 2
24.169901 -0.92645001 -39.970451 1
30.7222 9.8596497 -115.00875 1
-38.066101 1.15575 12.79505 3
40.988899 4.61655 82.914551 2
24.666349 4.4442 18.057701 2
49.373264 -0.90378302 83.449219 2
28.087851 3.5934 -89.596497 1
23.0193 2.3977499 8.06215 2
27.810249 6.3316498 -117.1665 1
-0.32212499 -3.3577249 -0.195475 3
46.0252 5.8064499 92.507446 2
26.884718 3.395771 33.180813 2
-1.099475 -3.206008 0.73540002 3
6.1907749 7.0864501 -10.371924 3
46.254902 5.9949498 93.624649 2
59.011799 14.92045 113.60935 2
19.527233 6.5028501 -29.571051 3
-3.65025 -2.94555 3.4396999 3
39.821098 -0.96754998 -79.054451 0
-50.869831 -5.6976171 16.647551 3
-51.901581 -6.0920501 16.92635 3
5.4524002 7.17205 -9.5497999 3
26.6518 5.5598502 -40.93985 1
-32.322975 3.9256749 12.0304 3
33.992699 1.9928499 65.038651 2
30.552299 4.7372999 -101.68875 1
56.651344 8.7136898 102.29795 2
27.712448 1.556872 42.619534 2
29.185499 0.66734999 49.664749 2
30.839249 5.4805498 -111.6727 1
22.863701 -2.2667501 13.76815 2
23.344267 -4.2918172 17.896849 2
-28.0434 5.61305 9.7381001 3
39.877197 -8.1225996 58.665398 2
29.6492 10.03605 -115.84905 1
15.059151 2.90115 -26.6924 3
-8.1195688 7.8727999 3.3663881 3
30.5518 0.24545 56.326248 2
-31.5634 4.6503 11.7914 3
61.645302 17.201151 116.79275 2
-56.03455 -9.40415 17.735649 3
26.112701 -8.0522499 28.956884 2
38.220901 0.76464999 -80.230049 0
-55.369999 -8.77075 17.767349 3
7.0875502 7.6820502 -10.8787 3
-60.311447 -16.05835 19.90255 3
26.6674 5.3099999 26.08 2
50.727467 0.89754999 86.744957 2
32.074699 0.31455001 -83.245247 0
-10.9835 7.4723501 5.0502501 3
30.530001 4.4354501 -98.357948 1
18.667801 -1.52745 -27.40975 3
-53.202999 -12.22565 21.978451 3
39.154251 2.96155 78.442528 2
12.5742 -1.6034 -15.8489 3
50.485298 7.7235498 100.85125 2
-51.617653 -11.94525 21.654501 3
19.600401 -0.91114998 -29.255951 3
25.5219 4.9007502 20.33305 2
-39.965 -7.3159499 22.47945 3
28.8181 -3.6393499 -75.583351 0
-28.6752 5.1257 10.503201 3
57.489803 10.104584 105.01978 2
30.752768 5.138783 -107.14481 1
-44.618198 -8.2685499 22.824249 3
37.210999 -8.85005 53.21685 2
16.840734 -1.61125 -23.794718 3
32.563499 5.7146502 -85.790451 0
36.430302 2.90745 -82.054153 0
-42.9575 -0.90789998 14.023849 3
-19.901901 -5.6960001 13.43815 3
7.364984 7.323667 -11.926983 3
30.687668 5.3598499 -102.37109 1
34.8932 1.8160501 69.150253 2
-26.395031 -5.8425298 18.155117 3
27.894567 6.2701511 -118.30856 1
33.536701 2.6129501 -83.523453 0
41.092201 -14.45475 -60.7962 0
25.5326 -7.6658502 28.14455 2
20.889601 6.3365502 -31.753201 3
53.222801 3.18785 92.551949 2
61.587933 17.353384 117.39448 2
15.2554 6.7227502 -22.641899 3
31.679001 0.70744997 58.32795 2
57.628101 13.48225 111.63955 2
30.655237 -9.5880251 40.064323 2
28.5833 0.77324998 47.56675 2
40.504501 -14.297351 -60.890415 0
15.833301 6.6416168 -23.624916 3
23.870102 -5.3873248 20.225975 2
41.721848 -7.6489501 62.8741 2
40.052502 4.2876501 80.983147 2
-21.1759 -5.58565 13.71355 3
18.624241 6.6396999 -28.36105 3
47.464569 -15.027883 -68.048187 0
-22.040226 6.8896499 7.4596 3
17.160299 -1.2888499 -24.608749 3
33.758701 4.7044501 -84.74765 0
42.348572 4.8581109 84.598595 2
30.753101 4.7336502 -104.6869 1
24.0858 3.48965 14.45795 2
26.9275 2.22365 38.207951 2
30.532101 7.292675 -112.70232 1
30.934 0.38714999 57.45715 2
-59.291267 -13.609716 18.353992 3
29.36776 -3.9508171 -74.844589 0
-37.886002 -6.4577999 22.3967 3
7.8116999 7.6737499 -12.17445 3
42.871601 -6.6079998 65.961601 2
-32.983898 -6.07025 21.175751 3
60.1782 16.150249 115.29155 2
-9.2440004 7.7217498 3.92785 3
-0.30842501 8.4186249 -4.861475 3
15.3406 -1.91275 -21.170549 3
26.974001 4.3805499 29.484249 2
35.965 -9.1849499 51.28915 2
62.077 16.8493 117.8546 2
47.724609 -15.50589 -67.342918 0
37.967602 1.9583499 76.361153 2
33.304298 1.79895 63.160351 2
-49.902321 -10.95595 22.357216 3
-25.14535 -5.9096498 17.2041 3
52.428902 9.8852501 104.23045 2
-48.680519 -10.459311 22.31049 3
2.3736 7.8772998 -6.9530501 3
23.7701 3.1127501 12.53595 2
33.216 -9.7739496 45.392151 2
-38.85815 -6.8574252 22.237249 3
37.340851 -12.154034 -62.893116 0
22.2066 6.6054502 -34.076851 3
-21.043877 7.0810752 7.1502752 3
-15.72365 -4.5581498 12.11045 3
32.45195 11.47435 -112.73441 1
28.5229 -3.4560499 -77.699249 0
34.439098 -9.5591497 48.467152 2
30.862499 4.78585 -105.94285 1
22.960918 -1.158367 10.599433 2
37.677299 -8.9028502 54.169849 2
55.883049 11.921949 109.18085 2
-57.954449 -11.89525 18.13765 3
52.233101 9.6022501 103.75195 2
10.2539 -0.96375 -10.49555 3
37.481602 2.0973499 -80.920647 0
25.6003 6.2971501 -39.394951 3
-47.484402 -3.38885 15.01625 3
24.616701 -6.4696002 23.691151 2
22.997999 -1.87445 11.90365 2
27.2883 4.7274499 -98.346352 1
34.366436 1.831067 67.347084 2
27.705006 6.4119248 -115.91318 1
34.846298 -9.8290501 48.20705 2
-18.691242 7.2842579 6.620151 3
-33.567627 3.3857329 11.951433 3
55.965401 7.9298 100.8526 2
27.760401 8.4549999 -118.4733 1
23.402 -3.6061499 17.368851 2
-35.382957 2.6359899 12.105603 3
53.787003 4.3599248 93.86673 2
61.748402 16.122549 116.90615 2
36.775799 2.69965 -81.649948 0
-55.559101 -13.22285 19.31645 3
54.704498 5.3735499 96.641052 2
27.5215 5.0539498 -102.22805 1
24.840599 6.3089499 -38.345348 3
-18.207401 -5.4388499 12.4321 3
57.355999 9.6619501 102.69755 2
-12.953225 7.6017499 5.8610249 3
-60.951599 -16.426399 20.903076 3
43.6982 -8.0455503 -76.013847 0
57.388401 14.11475 111.64015 2
53.927277 10.41415 106.4441 2
51.232899 8.62815 101.80485 2
23.3895 2.5722499 10.25705 2
24.784 -7.0490499 25.464451 2
44.083622 -8.6992836 -75.864395 0
33.610401 1.93705 63.99155 2
-5.8790002 8.0595503 1.29985 3
-40.892502 0.65065002 13.67875 3
6.1888499 -1.37475 -5.9394002 3
-34.36385 -5.8934841 21.815283 3
34.142601 -9.4914503 -65.449852 0
27.506599 5.3333502 -103.87915 1
27.635151 5.8836002 -111.1058 1
61.256901 15.99715 114.80405 2
-58.855701 -14.61435 21.63135 3
-47.099602 -9.3308506 22.701851 3
47.609676 -14.877975 -69.076828 0
41.330368 -7.6270099 62.018318 2
31.017599 1.80595 -85.826347 0
44.089153 -15.61077 -60.32618 0
1.17365 -3.0281999 -1.8949 3
23.2031 -3.18255 16.427151 2
17.7134 -1.5337501 -25.42675 3
27.549549 5.1054001 -102.81095 1
25.176245 4.601058 19.074516 2
47.452732 -2.642642 78.580902 2
-10.072701 7.6278 4.3151999 3
3.377521 -2.5903721 -3.5320859 3
42.093498 -15.16675 -60.506649 0
23.303699 2.99735 9.60145 2
60.081699 13.661416 112.28574 2
-56.038601 -13.82675 21.59255 3
47.037998 -17.603451 -61.23315 0
-24.843866 -6.1183829 16.74885 3
54.473602 10.9152 107.18311 2
27.5051 5.4632502 -104.6824 1
30.482965 -4.7641501 -72.51992 0
38.100231 -12.758183 -62.305817 0
51.2883 1.06885 87.92485 2
16.338249 6.8561749 -24.590176 3
45.759998 -5.0701499 73.594147 2
27.474501 5.8780499 -106.90165 1
46.285801 -17.06575 -60.584751 0
