# .PCD v0.7 - Point Cloud Data file format
VERSION 0.7
FIELDS x y z label
SIZE 4 4 4 4
TYPE F F F U
COUNT 1 1 1 1
WIDTH 1080
HEIGHT 1
VIEWPOINT 0 0 0 1 0 0 0
POINTS 1080
DATA ascii
74.27655 0.2475 136.9165 0
23.846951 10.0845 -136.9519 1
13.08345 0.50935 3.4865501 0
44.947018 -9.8609667 99.616669 0
34.084301 -8.2891006 -94.910294 2
24.921751 3.519067 31.250967 0
-74.209747 3.3798001 6.4998002 3
41.6376 -18.9254 76.094696 0
63.427151 -8.8709507 116.5616 0
-27.79895 5.9498 -0.54009998 3
35.917648 -18.6054 -79.611504 2
31.23925 -5.0471001 69.652 0
19.42065 -12.2792 38.7967 0
29.32325 0.84350002 48.445999 0
14.3088 -5.0840998 20.126301 0
19.145149 -1.7602 -96.116798 2
10.82135 10.0302 -40.570801 3
-59.384285 7.5259752 8.6917114 3
-33.577648 19.2299 -4.7916002 3
24.714649 -9.3022003 -83.118896 2
37.30135 -9.4001999 86.644402 0
-5.72855 4.1925001 -16.535601 3
49.003052 -17.6766 88.337898 0
22.30995 6.1873002 -123.4729 1
57.696564 -13.372205 104.71824 0
66.139404 -4.3803501 128.21864 0
27.17905 4.2835999 -102.0277 2
-16.77305 6.6248999 -4.9445 3
-4.7873502 15.005 -20.1392 3
-37.132652 7.6895881 5.3960619 3
6.32445 2.0537 -35.0368 3
20.96195 4.2294502 21.51965 0
-56.624649 14.0502 1.1131999 3
53.940002 -8.6879997 112.84164 0
18.0854 8.1765003 -100.17551 1
12.33885 1.7244 -45.535797 3
37.226551 -14.9725 -88.449898 2
53.224251 -15.67875 96.626755 0
-67.263046 9.1205997 3.9154 3
-50.377949 8.7680998 8.8832998 3
6.5991158 11.104542 -33.289139 3
0.23514999 4.3761001 -22.2141 3
14.91895 8.8758755 -48.119675 3
16.163101 -8.2110004 33.087051 0
17.85603 4.3543148 8.0793457 0
19.672951 1.967 -104.2714 2
22.50395 6.6893001 -115.986 1
15.87825 5.4229002 -57.450802 1
28.359451 2.6679249 38.116974 0
61.86945 -6.8720999 123.11725 0
-43.380394 9.1220245 8.1037502 3
25.119751 13.719601 -131.2545 1
0.01045 13.2775 -24.677601 3
15.47625 -7.07445 26.414349 0
3.3763499 2.7960999 -28.836901 3
19.1684 4.3875499 15.164351 0
-43.54015 17.7078 -1.6049 3
71.098572 -2.3912251 131.89795 0
23.368738 7.5718622 -105.93495 1
-18.37295 17.595001 -7.9807501 3
24.409849 -16.0093 49.596699 0
30.179649 -3.2320001 63.735298 0
14.13635 1.3315001 -51.426399 3
29.543501 -0.88314998 54.604149 0
-51.135551 16.043499 -0.043650001 3
57.589775 -8.8996506 117.54665 0
-27.934782 19.133165 -6.353199 3
20.6959 -3.4359 -90.711449 2
45.214298 -18.660875 81.317047 0
-68.713753 4.9011002 7.5307999 3
19.153749 9.3460999 -119.874 1
35.142853 -8.8690004 81.360214 0
32.692749 -6.6908002 74.8825 0
21.703026 -14.098825 43.606949 0
17.62495 8.0798702 -52.854889 3
3.3130751 12.278851 -29.182476 3
-38.39555 18.909 -2.0620999 3
22.836849 -5.9916 -86.708199 2
66.985153 -5.9180002 123.3089 0
22.911049 3.8762 26.320625 0
32.147533 -15.362067 -78.951523 2
-10.323151 16.501751 -15.26715 3
42.496849 -11.51 95.6157 0
38.973351 -19.2351 71.9888 0
18.107849 8.1129999 -105.1977 1
39.607052 -10.571 90.865898 0
13.60805 -3.1422 15.9198 0
13.957316 1.898733 -0.84863299 0
27.56555 -12.2436 -80.929001 2
13.10035 -0.62234998 7.9733 0
16.876051 -8.6528997 37.623638 0
29.467751 -17.881599 58.3787 0
-13.58445 5.6384001 -8.1791 3
-54.938148 8.8181 9.1682997 3
21.259251 5.2874999 -101.6672 1
18.60025 8.7282 -115.2859 1
-9.1984501 4.1742501 -13.91865 3
15.61385 1.1381 -55.683998 3
32.199051 -18.583851 61.871449 0
8.4259272 10.374551 -37.029903 3
-71.285599 5.8139 4.3618999 3
51.505451 -8.6973 109.4606 0
18.51395 -2.3801 10.7952 0
-23.47295 18.8076 -7.1750002 3
29.129601 2.0651 -99.131149 2
55.82225 -14.8269 100.8582 0
18.80735 0.1066 -0.2969 0
29.685749 -2.1221001 59.823601 0
33.132553 -4.3619499 -96.550201 2
-20.04945 6.9625001 -2.7339001 3
-24.09355 6.4396 -1.3052 3
20.12995 9.3297501 -136.6226 1
16.696783 4.1339002 4.3458672 0
12.911587 9.4079876 -44.174637 3
-31.124849 5.9821 0.92830002 3
69.63475 -3.8474 128.96411 0
18.742849 -0.9957 5.3534999 0
59.233299 -12.321751 107.76525 0
-15.41205 17.263599 -9.8017998 3
71.723152 -0.2438 134.6866 0
47.38625 -9.0632 103.545 0
-34.655548 6.9281001 3.2005 3
19.722918 5.9641342 -113.66277 1
62.122627 -10.0854 113.5873 0
-46.58865 9.6000004 9.0043001 3
-64.414673 10.830275 3.42835 3
23.29677 6.839489 -136.81935 1
15.66585 -7.1299 29.8144 0
-59.84005 13.1374 2.4762001 3
24.6479 5.5692 -103.5825 2
37.577049 -17.851799 -82.508049 2
13.572717 2.1239829 -48.416981 3
30.80685 -4.1798 66.607956 0
68.25885 -5.1052499 126.127 0
37.649551 -16.544201 -85.870499 2
-12.00335 4.7838001 -10.3992 3
1.31195 12.59525 -27.119026 3
29.39925 0.046799999 51.3647 0
17.31373 -9.4256001 40.313499 0
-65.888748 6.25805 7.8733001 3
-12.091975 16.677725 -13.10525 3
-71.533897 4.2873001 6.6845002 3
18.68355 -0.90630001 2.5657499 0
-62.103352 7.3727789 8.090229 3
-30.912716 19.043892 -5.582067 3
8.4946499 1.9782 -38.389198 3
18.174549 -3.0490999 14.3545 0
12.98635 -2.5276 13.2868 0
52.01355 -16.6481 94.062401 0
12.8807 -1.6561 10.531651 0
68.139198 -2.6212499 130.90465 0
18.067249 -4.9109001 21.1528 0
28.870371 1.8875999 40.639759 0
23.493599 3.6817501 28.932251 0
10.1475 1.9534 -42.028 3
26.462549 -17.030001 53.146702 0
18.50075 -1.92795 7.8761501 0
50.12672 -17.307533 90.701103 0
24.31525 11.2568 -132.35699 1
16.303949 8.6014004 -50.472198 3
34.413387 -16.628017 -78.853271 2
21.18115 5.079 -97.933296 1
18.060049 -3.8306999 17.844 0
22.282398 6.1243 -118.826 1
18.500099 8.4712505 -102.6993 1
20.697201 -13.25375 41.379398 0
18.981251 3.4979 -106.2649 1
5.3311501 11.6495 -31.1782 3
19.021749 8.809 -122.6577 1
18.120834 4.3927169 10.895483 0
43.129524 -18.892075 78.118805 0
29.097549 1.3128999 45.996101 0
64.917549 -5.0987 122.2054 0
21.122101 6.3739748 -125.6356 1
20.9144 7.04175 -136.01401 1
43.873627 -10.845551 97.647903 0
17.478649 -7.9710002 35.1264 0
-1.304117 13.459733 -22.4965 3
24.164249 11.0908 -134.78 1
-3.75295 4.4678502 -18.0571 3
-1.18325 4.7940001 -20.162001 3
19.370649 -0.96700001 -98.315201 2
50.16235 -8.9041996 107.5518 0
18.18825 8.2614002 -107.5306 1
14.060258 -4.2840581 17.9492 0
18.932999 9.1112003 -117.5473 1
22.4244 6.1461 -121.1295 1
15.141383 1.7014 -53.520199 3
13.22865 0.16599999 5.8388 0
64.412903 -7.9078498 118.37386 0
-62.505051 12.0106 3.0971999 3
-52.608025 9.0535746 9.1319752 3
-13.58715 16.877399 -11.2118 3
-10.893262 4.6300931 -12.352531 3
35.853149 -19.2815 67.053497 0
37.720051 -19.274599 70.057602 0
47.850948 -18.0175 86.455299 0
13.888438 9.0737753 -46.1534 3
-40.823952 18.4697 -1.6210001 3
55.181175 -9.0936251 114.63115 0
46.24155 -18.30545 83.295898 0
14.8872 -6.3134999 24.463501 0
66.164078 -6.6600752 121.37923 0
-3.0106001 13.8729 -21.273399 3
21.884951 -4.7330999 -88.142403 2
58.773201 -8.3147497 119.2107 0
-7.4902 4.0226998 -15.1646 3
11.67735 9.7553997 -42.492298 3
30.55665 0.82969999 -98.193199 2
70.298447 -0.9515 133.3053 0
25.612776 -16.371399 51.346474 0
14.39365 -5.5700002 22.1616 0
27.739 -17.451401 55.511452 0
33.502316 -18.908033 63.652035 0
11.16165 1.8379 -43.826099 3
23.375549 13.1168 -130.3344 1
60.489052 -7.8403001 121.4202 0
68.359047 -3.4907999 127.3726 0
-49.147552 16.4988 -0.01455 3
28.060249 3.2344 -100.5178 2
18.8512 7.3510499 -54.306602 3
52.706802 -9.0832014 111.0538 0
1.10155 3.9707999 -24.0495 3
32.056324 -2.6721001 -96.614952 2
35.437351 -10.859 -93.123596 2
48.719574 -9.1331501 105.35681 0
36.439651 -13.5019 -90.798698 2
7.5501499 2.1835001 -36.652699 3
32.243851 -6.3352499 72.966446 0
-63.939827 6.413888 8.1485996 3
9.3856497 1.9999 -40.1413 3
17.277201 1.73385 -56.95385 3
67.335152 -3.0023 129.16589 0
15.841616 3.6751001 -1.665333 0
64.850349 -5.29 126.9982 0
-38.77285 7.9397001 6.3344002 3
22.318226 -14.576113 45.342014 0
-25.94515 6.1792998 -1.0257 3
21.92065 4.0897002 24.6297 0
18.595051 -3.1995001 12.523 0
71.948151 -1.8028001 133.57491 0
-8.9272499 16.2707 -16.750601 3
-41.60022 8.861083 7.5667171 3
20.779202 4.2649002 19.661949 0
21.31945 5.7466502 -114.897 1
60.083881 -11.694867 109.28864 0
29.47315 -1.2230999 57.086201 0
18.259951 6.5867 -99.257797 1
17.983549 -3.8843 16.006201 0
16.61125 3.3469 -57.7705 1
58.247223 -12.383047 106.1527 0
31.67905 -5.5766001 71.4077 0
54.875401 -15.12645 99.329453 0
50.979149 -16.91515 92.412354 0
56.35125 -9.0256996 116.0078 0
69.346748 -1.7841001 131.95711 0
27.726601 2.89305 36.346451 0
38.689949 -10.1418 89.349403 0
59.977951 -7.3334999 116.0158 0
33.170448 -7.2371998 76.5149 0
56.76825 -14.0897 103.1646 0
3.949625 2.7020249 -30.595974 3
-29.60635 6.1792998 -0.1162 3
-72.219749 4.4417 4.9271998 3
19.82785 4.3134499 16.901802 0
72.862854 0.35725001 135.91034 0
17.962915 -4.6640329 19.448799 0
-26.2099 19.118301 -6.8368001 3
33.798149 -6.6373 -95.688499 2
23.86895 12.8724 -132.07291 1
29.91555 -2.7320499 61.718124 0
35.844048 -9.2077007 82.864349 0
30.682201 -14.526051 -79.099854 2
-48.389198 9.4158993 9.0474491 3
-57.54755 8.3501997 9.0067997 3
-45.061569 9.11339 8.56423 3
18.748217 -11.327933 36.845734 0
23.350847 8.5979958 -136.33946 1
-35.61401 7.4308119 4.437963 3
36.8965 -18.262501 -80.884506 2
28.60335 -17.789499 56.995499 0
-6.5215998 15.5006 -18.865799 3
47.07235 -18.2896 84.925598 0
23.97385 -8.1426001 -84.155853 2
53.970001 -15.137449 97.95475 0
2.2356501 3.3146 -26.5075 3
25.90822 4.8977599 -102.83077 2
-35.007751 18.981501 -4.0078001 3
34.544022 -9.653801 -94.066795 2
17.72105 -8.0818005 33.435101 0
21.8111 4.1517501 22.872049 0
-2.371217 4.7195001 -19.096268 3
-36.909451 19.05135 -2.82635 3
15.28815 5.3632002 -55.835499 3
28.797251 -13.3887 -79.891098 2
-14.58265 6.0289998 -6.8957 3
38.154144 -9.9339008 87.867851 0
16.073551 -7.8190498 31.329849 0
65.207779 -7.5809369 119.7027 0
41.674 -11.50755 94.275902 0
7.2755499 11.0736 -34.816799 3
-60.967148 12.0829 2.9042001 3
40.558899 -10.94245 92.388855 0
23.27055 -7.0704002 -85.676598 2
-70.061844 4.8124499 6.8034 3
21.338474 -4.0752749 -89.412857 2
18.683674 -0.46070001 1.1041 0
18.6623 6.90485 -114.16216 1
19.18255 0.1389 -101.2557 2
46.439049 -9.0728998 102.221 0
31.2267 -4.8994002 68.162498 0
-29.39695 19.090466 -6.0446248 3
62.857735 -9.3909874 115.05365 0
20.1772 -2.9460499 -92.246399 2
29.280849 1.4895999 44.534199 0
9.1562996 10.61485 -38.2896 3
36.72065 -19.264 68.497002 0
36.701851 -9.2862997 85.263802 0
20.46035 10.7696 -136.8717 1
25.074652 12.1603 -131.4946 1
31.1532 -18.338835 60.56955 0
-19.880699 18.122299 -7.6736498 3
36.585594 -14.291108 -89.587265 2
-15.6429 6.4289169 -5.9663172 3
19.97105 7.8994999 -136.7973 1
2.4196939 12.613289 -28.093332 3
20.326334 -12.623833 40.13483 0
16.13155 3.9465001 1.7537 0
29.220051 1.8890001 42.1684 0
-72.87635 3.9193001 6.355 3
-11.1375 16.28355 -14.118401 3
4.123817 11.853433 -30.2694 3
67.660248 -5.6039 124.9391 0
26.755251 -11.2231 -81.523499 2
-22.144417 18.380085 -6.9582329 3
-55.337349 14.4587 0.71899998 3
-12.883599 5.4411459 -9.3824568 3
0.85895002 13.0356 -25.863501 3
72.8069 -0.93414998 135.37039 0
26.041401 3.2929001 33.36515 0
17.702049 4.3870001 9.467 0
24.32045 6.8509498 -104.97675 2
22.188749 6.2907 -117.4518 1
56.101929 -13.8876 101.96552 0
61.012051 -11.2208 110.9134 0
16.871052 7.8814001 -51.651802 3
19.11965 8.7462997 -124.1887 1
-24.830502 18.918949 -7.0521498 3
17.052799 -8.8787003 39.088249 0
34.022449 -8.0089998 79.044098 0
35.82085 -12.3937 -92.06675 2
30.40255 -18.0138 59.485199 0
19.32435 -0.43509999 -99.989304 2
16.733 -8.5298252 36.107597 0
27.420101 -16.94455 54.302799 0
52.750603 -16.2365 95.470596 0
22.97925 11.0037 -132.6335 1
18.605749 -1.9416 9.3001003 0
59.767548 -8.1013994 120.3376 0
20.097851 6.7948999 -126.35945 1
33.463348 -15.7226 -78.693253 2
29.395599 0.54400003 50.140198 0
-32.32267 19.048061 -5.1132202 3
22.36845 10.675025 -136.81465 1
5.5008502 2.4042001 -32.903 3
20.154449 4.32725 18.513451 0
21.880051 6.7911501 -136.84485 1
18.377451 8.4625998 -103.9853 1
40.784401 -19.099501 74.819153 0
18.104252 -10.46556 34.50618 0
35.353188 -17.425743 -79.164185 2
21.290951 5.3701 -103.9197 1
-46.107903 17.329384 -1.1257 3
-0.58953297 4.835628 -21.372559 3
18.589325 -1.672025 6.6429 0
45.685349 -9.4331236 100.88577 0
23.251999 -15.10625 47.196899 0
-4.0748501 14.076151 -20.60795 3
15.847401 -6.4724002 27.821751 0
43.119717 -11.2571 96.727501 0
5.8617001 11.326817 -32.273281 3
17.709183 2.481833 -53.260937 1
39.746349 -19.0604 73.155502 0
-39.896549 8.0969 6.8590999 3
-56.311752 8.46315 9.0309486 3
-22.945915 6.6725998 -1.7187001 3
25.59177 -10.376352 -82.372314 2
62.469051 -6.4625001 124.1172 0
8.0307503 10.7992 -35.751202 3
19.481701 -2.2636001 -94.35675 2
21.215698 -13.6673 42.57095 0
19.06045 9.1654997 -121.0801 1
16.586166 -8.3106337 34.363434 0
18.000151 8.1815996 -101.6223 1
25.357817 3.1477101 32.339661 0
13.91905 -4.0748749 16.637726 0
18.77095 -0.80629998 3.7688 0
1.67415 3.7117 -25.081499 3
69.072548 -4.2863998 127.9293 0
14.44295 2.5938001 -1.8555 0
9.86695 10.345 -39.4776 3
13.921017 -4.4937329 19.1206 0
2.5925 3.13835 -27.968899 3
42.33585 -18.924751 77.041595 0
21.044201 5.9131498 -107.33995 1
24.0665 10.569349 -135.89819 1
-4.6217499 4.2916999 -17.3069 3
22.896351 3.7799001 27.5875 0
13.25005 0.36135 4.7052498 0
17.431749 -1.7063 0.85540003 0
18.94175 9.0271997 -118.7907 1
63.380932 -5.829217 125.0914 0
19.168751 -11.705299 37.844803 0
19.45405 1.8875 -48.412399 0
19.151051 -1.3765 -97.277603 2
44.2038 -10.3682 98.625046 0
18.71175 8.7630997 -116.4071 1
16.379551 4.0139999 3.2472 0
29.288984 0.89960003 47.026798 0
13.93085 1.9421 0.58459997 0
65.538345 -6.7142 120.33142 0
57.103874 -8.4080257 116.66485 0
-67.777451 5.5833001 7.8189998 3
30.879717 -0.146117 -97.706398 2
21.278151 5.1350002 -99.047699 1
-51.57085 8.9717999 8.7328997 3
29.687649 -13.89785 -79.459595 2
-21.548401 6.8312001 -2.12165 3
0.57115 4.6136999 -23.2488 3
-5.7507501 14.848267 -19.328135 3
-68.634285 8.1303511 4.0728841 3
32.85125 -6.9727001 73.8218 0
32.006149 -1.7014 -97.147598 2
-11.4189 4.6533909 -11.377258 3
54.463997 -9.09655 113.7872 0
17.104549 4.2652001 6.9871998 0
70.605347 -3.0021999 131.11929 0
18.644676 8.8964014 -111.85442 1
15.43055 1.4836 -54.563129 3
-17.771351 6.7364001 -4.2918 3
18.5215 8.68575 -108.9519 1
61.80455 -10.558 112.6535 0
25.329407 -15.896662 50.405952 0
-48.017151 16.940901 -0.47049999 3
63.480148 -5.9822001 119.9069 0
38.332748 -19.312401 70.9552 0
23.43985 11.8768 -132.1774 1
22.648886 -5.440115 -87.624008 2
6.0967498 2.3803 -34.0158 3
19.225149 4.5405998 13.999 0
67.661873 -3.347225 130.1391 0
-53.164551 15.2376 -0.032200001 3
62.315552 -6.8155999 117.5777 0
-33.633499 7.1197 2.63275 3
64.045387 -8.4113369 117.49188 0
14.53835 1.2138 -52.768902 3
-50.101948 15.889934 0.254767 3
36.388947 -9.6736507 84.180801 0
-70.03965 6.9931998 4.1496 3
-35.885715 18.914434 -3.2662001 3
-57.651768 13.797562 1.573894 3
73.511749 -0.40630001 136.30389 0
45.700829 -18.397717 82.370789 0
-49.312401 8.8938999 8.88585 3
34.743851 -8.5965996 80.404297 0
18.3218 -11.04285 35.882099 0
66.601166 -6.3256159 122.34469 0
30.24575 -3.3369501 62.536247 0
71.297623 -0.87092501 133.93336 0
-14.64625 16.504801 -10.1954 3
24.074751 10.9607 -133.6946 1
-58.872444 13.372355 2.097445 3
34.080952 -19.0877 64.525597 0
48.43425 -17.861401 87.341103 0
37.84605 -16.8827 -84.839104 2
-62.89505 6.5777998 8.1285 3
72.489044 -1.42835 134.49164 0
18.38965 7.5095 -53.3703 3
28.482567 2.6575501 -99.716698 2
-44.612282 17.356533 -1.536167 3
34.591618 -10.160176 -93.144447 2
11.751016 2.1008999 -44.748901 3
19.65975 3.1343999 -105.45 2
-6.59095 4.0956001 -15.949533 3
16.375044 1.3961281 -56.351471 3
-12.78785 16.812599 -12.1993 3
-63.469051 11.2628 3.3605001 3
-69.45295 5.5685 7.2480001 3
29.85195 1.5189 -98.633904 2
66.637054 -3.4793501 128.28935 0
-40.615475 8.7363749 7.2311249 3
13.296599 1.7134171 -47.278332 3
68.559013 -4.3931909 126.91637 0
12.26075 9.2845001 -43.1978 3
-66.86985 6.3087001 7.5746002 3
13.68155 1.4871 -49.567101 3
19.726049 -2.5427999 -93.366302 2
-8.3431492 4.0798502 -14.600651 3
22.922867 -14.646083 46.294033 0
40.340324 -11.040375 91.391556 0
13.15145 -2.9868 14.9803 0
53.315498 -9.092 112.1226 0
52.271286 -8.9132662 110.15228 0
31.583441 -5.6416702 70.397194 0
-66.332153 9.7887001 3.7444999 3
33.38945 -5.7011499 -96.033852 2
20.318016 9.7329998 -134.09756 1
17.397692 4.2281318 5.1229181 0
19.096951 5.6796999 -107.7744 1
11.1301 9.9585505 -41.676849 3
64.173248 -5.5633998 120.9065 0
-64.936272 6.546175 7.9270248 3
22.272499 3.9730999 25.554298 0
27.614929 3.6970201 -101.27382 2
68.949051 -2.6722 131.771 0
66.959473 -3.915225 129.24797 0
32.8904 -18.853901 62.8755 0
23.56455 -7.4437499 -84.808395 2
35.867619 -12.748367 -91.086334 2
17.5075 -8.4400501 36.714752 0
-39.295898 18.678299 -1.72745 3
69.939102 -1.69205 132.7401 0
-58.386524 7.8616252 8.8462505 3
9.8680496 1.9789 -41.0849 3
15.97015 3.8180001 0.79280001 0
41.111 -11.364416 93.083725 0
44.588676 -18.686573 80.459389 0
-28.682375 6.3724499 -0.481938 3
-17.585564 17.624912 -8.5645752 3
12.93725 1.6788 -46.366798 3
8.8965836 2.065434 -39.29623 3
37.31295 -18.888599 69.259048 0
50.939827 -8.8761253 108.62682 0
58.289124 -8.3475246 118.36977 0
15.77555 -7.0165 28.713499 0
43.703419 -18.8377 78.892326 0
55.192486 -14.628166 100.09185 0
-53.582153 9.0790997 9.2172508 3
7.7648501 1.9658 -37.761799 3
18.275249 -2.9033999 13.4109 0
18.48645 -2.6717 11.7091 0
-0.472583 13.2626 -23.534966 3
28.359558 -12.881237 -80.579948 2
64.2715 -5.3594499 126.12003 0
37.681049 -15.8891 -86.707497 2
-18.75325 6.9691 -3.5107 3
58.698997 -12.5014 106.9778 0
48.175598 -9.1037502 104.5824 0
33.737949 -7.6647 78.075699 0
23.154486 9.3660202 -136.8559 1
20.847475 -3.1802499 -91.624023 2
35.34108 -11.620949 -92.308746 2
49.024651 -8.9633999 106.2298 0
4.7337499 2.4888 -31.427601 3
27.232269 2.7104599 35.569839 0
21.295851 5.2758999 -102.602 1
13.1953 -0.2243 7.1262002 0
18.258751 -3.5585999 15.1748 0
21.579399 6.31355 -124.04022 1
37.709549 -17.5662 -83.386299 2
21.271049 5.1768999 -100.1233 1
-71.322296 4.9436002 4.7458749 3
69.718117 -3.0773001 129.47673 0
-65.318848 10.30665 3.6977999 3
-70.712486 4.3020329 7.2203999 3
-20.88105 18.310068 -7.4102669 3
-25.595407 18.430676 -6.6441121 3
37.327148 -15.6121 -87.671097 2
21.058102 4.3392501 20.610149 0
15.2799 8.6730986 -48.945751 3
18.088018 -3.6874001 16.936501 0
49.61515 -17.597 89.452255 0
19.773149 1.48685 -103.0927 2
19.08795 8.7108002 -125.0981 1
14.914975 5.8131752 -53.886211 3
-16.159849 17.291901 -9.1093998 3
10.664113 1.852212 -43.06591 3
-54.518803 14.828025 0.44350001 3
-25.114662 6.598444 -1.394148 3
14.38685 -5.1978998 21.019699 0
17.37845 -8.4642 38.347198 0
13.42275 -2.4316001 14.0659 0
-7.83775 16.1126 -17.910299 3
40.19685 -19.1579 74.033897 0
73.454247 0.54509997 136.55769 0
19.25255 8.9422998 -125.9479 1
17.601749 -7.5510998 32.6422 0
-52.00185 15.825 -0.034400001 3
22.1292 6.1045752 -115.1931 1
18.448376 4.3869252 12.384125 0
59.624649 -12.0434 108.5153 0
13.96955 1.4637001 -50.43335 3
3.7613499 2.8485 -29.6373 3
29.00115 1.6975 43.715599 0
29.48049 -0.42168599 52.112423 0
58.109402 -13.071476 105.6124 0
57.095825 -13.657351 103.86459 0
-37.50164 18.694466 -2.273778 3
61.055763 -7.3768172 121.96616 0
-30.372671 6.17799 0.40827999 3
23.461817 7.9475341 -136.92224 1
20.652067 5.7110252 -113.65255 1
19.27375 -0.76064998 -99.174957 2
24.585325 -8.7079668 -83.87632 2
23.901375 -15.564674 48.414673 0
28.099852 2.630034 37.094067 0
29.323875 -0.64015001 53.792999 0
17.958851 8.1191998 -99.309052 1
61.315975 -10.857875 111.6479 0
-36.383686 7.5419168 4.8359671 3
13.19515 -1.691 11.5028 0
65.405022 -4.6319799 127.44666 0
-2.05145 13.6115 -21.9133 3
21.397251 10.9547 -136.81299 1
47.180706 -9.3510332 102.61958 0
28.78425 2.3303001 39.614201 0
33.849651 -7.4765 -95.098648 2
19.225651 -2.0286 -95.149498 2
13.25425 -2.056 12.6124 0
31.588051 -0.699 -97.416397 2
22.05155 -14.2632 44.3815 0
-9.6406832 16.345949 -16.169716 3
18.474548 -1.71145 5.7880001 0
39.174698 -10.48145 90.04245 0
-42.375252 8.6250496 7.8482499 3
16.206551 4.0139999 -58.309601 3
60.51825 -11.100166 110.16949 0
23.605129 3.6131699 28.074039 0
14.93155 5.5709 -54.9561 3
29.787149 -2.4154999 60.619099 0
18.092182 -4.159133 18.631475 0
-41.690849 18.095249 -1.6615 3
20.885515 6.5238671 -126.5315 1
13.55785 -3.8870001 17.391701 0
35.866249 -9.0558004 83.699303 0
-44.171448 8.9336252 8.3411264 3
-72.756401 4.1181998 5.4972 3
13.13015 -1.1819 9.8755999 0
14.83925 1.0925 -54.1012 3
20.136326 4.17731 17.677799 0
13.6814 1.3964 1.8163 0
-60.616348 12.8558 2.6561999 3
17.19545 2.6898999 -57.574299 1
-45.88475 9.1491003 8.7481003 3
7.11415 11.029275 -33.952225 3
-47.144779 17.138968 -0.671233 3
62.427711 -9.665699 114.3711 0
22.252449 6.0637002 -120.31261 1
-7.1378841 15.721433 -18.246634 3
16.512451 -8.5480986 35.161797 0
-42.723152 17.86545 -1.68515 3
-27.13961 19.11273 -6.6082602 3
34.38065 -8.8822002 -94.402603 2
55.624561 -8.6527662 115.18023 0
21.362753 -3.8175211 -90.392426 2
63.047016 -8.8910666 115.71 0
24.846649 6.3396001 -104.0413 2
-34.131001 18.80315 -4.3117499 3
71.570648 -2.0929 132.85851 0
-32.011452 6.3084002 1.6852 3
26.141951 -10.9252 -82.084099 2
70.209351 -3.2855999 130.28189 0
52.51305 -16.4592 94.694298 0
17.50775 -7.7742 34.323898 0
19.11985 9.6477003 -113.5978 1
25.387375 5.3871002 -103.26758 2
19.478951 4.4144001 16.164801 0
21.711899 4.14255 23.68675 0
13.079451 -0.872325 8.9177999 0
35.392029 -9.0463009 82.120529 0
15.87585 8.5183001 -49.484802 1
30.771851 -4.2364001 65.732002 0
41.281776 -18.592026 75.4188 0
18.307283 -2.5318999 8.7296991 0
16.90645 4.1427999 5.7646999 0
15.8162 5.4180999 -56.449074 3
31.339306 -14.955132 -79.386269 2
-68.649246 5.6620998 7.2336001 3
19.22035 9.0040998 -123.4175 1
53.695328 -15.634174 97.380051 0
46.306263 -9.5375328 101.45919 0
16.899525 -8.151042 33.409145 0
20.09761 -12.319988 39.364716 0
30.32925 -3.437 64.734802 0
16.56255 8.5207996 -51.276699 3
22.49795 6.1535001 -122.1565 1
-61.376274 7.083725 8.2688494 3
-26.8922 6.136775 -0.83002502 3
-35.373352 7.338975 3.6781249 3
-60.199551 7.6230001 8.5198002 3
-13.42045 16.121 -11.4099 3
43.20005 -11.1971 95.831902 0
51.451336 -16.638578 93.194725 0
16.616791 4.061183 2.3773 0
-66.639954 5.5674 7.7617002 3
42.286499 -11.36915 94.861145 0
19.243151 0.84579998 -102.4946 2
33.405949 -7.4141002 77.253899 0
-8.3778496 16.078766 -17.307949 3
19.340851 2.4728 -104.9467 2
17.418274 -8.1784 35.920101 0
2.3037691 3.6293869 -27.340225 3
29.02935 -17.696575 57.655899 0
29.46155 0.72229999 49.215599 0
1.62565 3.4869001 -25.8643 3
17.967051 8.1106997 -106.7867 1
2.0560501 12.801 -27.288799 3
24.163151 3.8343999 29.718 0
-73.476952 3.442306 6.7814889 3
26.156475 3.045325 34.1022 0
68.677002 -2.1414001 131.2592 0
-16.124149 6.836 -5.4981999 3
-45.323849 17.5175 -1.2467 3
28.92395 1.5994999 42.835701 0
19.063099 9.1189499 -121.86005 1
18.56225 -1.350967 3.195467 0
2.6643 12.091749 -28.615784 3
-55.596851 8.1688004 8.9495001 3
21.280935 -13.274056 41.903782 0
-14.162717 16.8715 -10.679799 3
13.50405 1.0808001 3.1726 0
14.99325 -6.5829 25.2376 0
36.37735 -18.344183 -80.314621 2
-61.735802 12.08305 3.0422001 3
54.651951 -15.3122 98.612 0
16.091621 -7.4110618 30.594633 0
22.72625 11.7286 -132.7274 1
37.37685 -18.1415 -81.819702 2
43.843849 -10.9979 96.804604 0
31.596451 -18.611 61.1413 0
-10.02785 15.89485 -15.67625 3
13.3852 9.3238258 -45.400249 3
36.255749 -19.295 67.7416 0
-37.91235 7.7421999 5.8469 3
12.425426 8.8967752 -43.841568 3
18.581249 6.6966 -54.7066 1
38.331348 -9.9034004 88.642403 0
-67.925308 8.3884029 3.9429901 3
-47.75845 8.9680004 8.7992001 3
25.316284 -9.6853085 -82.845215 2
-17.414425 7.0720181 -4.8968701 3
25.947149 -16.822001 52.177799 0
39.311501 -18.715851 72.430801 0
28.194901 -17.363205 56.112568 0
61.402081 -6.910296 122.46769 0
-12.510075 5.2428498 -10.073925 3
-28.639626 19.136299 -6.0829248 3
14.67105 -6.0004001 23.67 0
18.910549 8.9512997 -109.64165 1
23.691849 -15.1704 47.805 0
-5.387392 4.4238749 -17.1656 3
18.83305 -0.1013 0.46020001 0
22.973049 -6.5451999 -86.125504 2
26.931101 -17.133076 53.763527 0
-24.132734 18.3552 -6.8409982 3
25.441851 12.759 -131.2314 1
32.498352 -3.2857671 -96.70874 2
-19.41275 7.0641999 -3.1688001 3
-22.88975 18.354649 -6.9064999 3
37.00465 -14.5577 -89.029297 2
9.4844246 10.10115 -38.877426 3
25.178841 2.9241371 31.618713 0
17.50975 8.1374998 -52.121048 3
69.126442 -3.610384 128.38075 0
-10.17065 4.30305 -12.8342 3
14.10755 2.1635001 -0.1706 0
23.669651 11.584413 -134.30292 1
72.359207 -0.356758 135.05054 0
-8.9550753 4.4976249 -14.57475 3
13.667064 1.298371 0.83977097 0
35.112167 -19.135868 65.964401 0
20.45705 7.4302001 -136.49809 1
-13.420549 5.3441 -8.8848991 3
-62.870506 7.2923989 7.9451399 3
56.699551 -9.0528002 116.6578 0
-12.24525 16.365999 -12.424 3
-73.823853 4.0465002 6.5407 3
23.90135 7.1957002 -105.4753 1
22.23505 6.1047001 -119.561 1
20.12505 10.1803 -136.4966 1
19.559349 9.4076996 -120.5294 1
33.081902 -7.2657499 75.28495 0
62.827087 -5.8659339 124.35354 0
12.088841 2.390517 -45.354416 3
26.377426 4.4055748 -102.44653 2
18.192249 -10.8103 35.198399 0
-70.593872 6.0597749 4.3303499 3
-19.18615 17.895 -7.7329001 3
-20.887699 7.2281499 -2.4298999 3
31.350101 -5.3295999 68.742554 0
21.85775 10.6075 -136.29401 1
18.258249 8.3297997 -108.369 1
20.352299 -2.6979129 -92.912003 2
13.27695 -0.1813 5.1991 0
-9.6991501 4.1880002 -13.3788 3
21.5945 6.3657751 -124.90276 1
-69.519981 4.8656669 7.4306998 3
-31.636076 19.073074 -5.357728 3
14.535476 1.467875 -52.0863 3
24.319149 11.5265 -133.31085 1
29.718599 -2.171962 59.100403 0
44.35215 -19.0406 79.748299 0
-45.408127 9.6853752 8.8529253 3
-20.380518 17.666899 -7.3628669 3
-23.726551 6.9073591 -1.71854 3
54.824051 -8.5031996 113.9925 0
34.965881 -11.049725 -92.609329 2
18.12965 8.2788 -103.2899 1
29.946125 -17.708351 58.890305 0
19.09675 6.5165 -113.7387 1
-61.158951 7.7621999 8.1664 3
22.22645 5.908 -122.7753 1
28.492649 2.5494001 38.8134 0
16.817451 -8.6015339 36.909134 0
29.52935 -1.7463 58.178848 0
15.70335 -6.6582999 27.068325 0
20.537718 -12.9193 40.752468 0
60.941299 -6.6564999 119.86915 0
-15.09365 6.2080002 -6.3664999 3
17.490049 4.2824998 8.6865997 0
24.864651 11.3678 -131.9183 1
31.904499 -5.9217 71.987656 0
64.856628 -4.6935 126.61127 0
35.322651 -8.9651003 80.588303 0
37.8181 -17.146351 -84.134247 2
-49.912201 9.2707014 9.0646992 3
-33.264252 6.5247002 2.7286 3
10.360333 10.114108 -39.927948 3
19.279249 0.56260002 -101.8483 2
37.774651 -9.7223997 87.310799 0
63.830837 -5.6153002 125.59164 0
14.34535 -4.4579 19.804001 0
8.2954254 10.723625 -36.398926 3
-1.1007251 5.0631132 -20.926439 3
18.238649 4.2965002 11.7189 0
19.843451 7.3218002 -126.8867 1
-54.09655 8.6285753 9.0638247 3
5.0929999 2.5155001 -32.0751 3
26.979851 3.1731 35.101398 0
-30.05335 19.3132 -5.9829998 3
18.73695 -2.4210999 9.7851 0
64.886749 -7.8611498 118.8775 0
29.25065 1.0175 47.708401 0
47.931252 -8.9201002 103.9475 0
17.319698 4.2666998 7.6513 0
34.474701 -8.6082001 79.454201 0
67.854683 -5.097033 125.36547 0
30.74115 -18.3004 60.0182 0
13.579166 8.7036333 -45.647217 3
-3.4946251 14.279675 -20.9172 3
64.008247 -5.9793 120.3466 0
-21.592499 17.874699 -7.1543398 3
45.443512 -18.087036 81.815674 0
32.797852 -15.4606 -78.755997 2
-63.841251 7.0665002 7.9618001 3
55.923862 -14.400299 101.54615 0
12.93365 -1.0168999 7.2867999 0
0.98205 12.8125 -26.497499 3
-14.3363 5.7447 -7.6942 3
30.437199 -3.6351831 63.119553 0
33.10585 -4.9692998 -96.096199 2
-4.7463002 14.32495 -20.117199 3
29.20315 1.3075 45.32275 0
-72.388298 3.8477499 6.8249502 3
21.155273 5.6074328 -98.361267 1
-32.867851 19.070299 -4.7072001 3
33.822304 -16.299324 -78.699203 2
-34.01635 7.1574998 3.1975 3
35.864849 -17.9722 -79.849602 2
-39.889183 18.2819 -1.7800339 3
-10.61315 16.183048 -14.739799 3
36.458801 -13.825951 -90.14225 2
17.257099 -9.0196486 39.719101 0
49.681499 -17.353226 90.081299 0
30.361401 -13.967051 -79.4533 2
18.11945 8.1815996 -105.8709 1
35.068249 -16.847 -78.960999 2
64.94735 -5.5504999 121.5967 0
50.171223 -9.257925 106.97237 0
24.472401 3.62445 30.374149 0
22.654465 6.7291861 -136.64998 1
21.664124 -4.3348169 -88.88382 2
29.54755 -0.9472 55.676899 0
56.381649 -8.4719 116.5401 0
1.1329499 3.69595 -24.68515 3
14.55265 9.0107002 -47.382198 3
27.475676 -17.343725 54.904427 0
-22.253883 6.9579659 -2.080133 3
30.86475 -4.4342999 67.224304 0
21.32765 4.1341372 22.409611 0
32.628849 -18.1957 62.205898 0
-1.65175 4.8442001 -19.687599 3
14.30192 2.079267 -1.392246 0
47.444603 -18.06225 85.60685 0
17.90995 4.3783002 10.1001 0
33.048351 -6.9945002 75.906502 0
70.676949 -2.3710611 131.34497 0
13.60765 1.61525 -48.918301 3
36.976749 -9.2749004 85.867599 0
-34.716499 7.2582002 3.7723501 3
67.216751 -5.7961001 123.9178 0
20.678551 4.4315 18.9053 0
22.187099 6.0978999 -118.1713 1
66.643501 -5.6848001 122.69855 0
18.58905 -0.9842 1.4973 0
13.40205 0.71990001 4.0261998 0
67.871155 -2.7221501 130.15575 0
16.160049 8.1274004 -49.939098 3
29.482399 -0.072849996 50.71175 0
27.899851 2.734133 -100.01363 2
66.284279 -6.1253381 121.80344 0
-28.111618 6.3792 -0.92720002 3
14.634033 -5.8979168 22.710733 0
-56.976749 7.9945998 8.9059 3
12.87005 -0.32264999 6.3627248 0
46.648399 -18.3389 84.082199 0
-69.564049 7.4073 3.9863 3
-41.11795 8.3516998 7.3841 3
21.2742 5.1930499 -100.77361 1
23.097149 3.710175 26.921326 0
50.882324 -9.1879501 108.05143 0
-32.860249 6.3330998 2.1705 3
72.434052 0.14655 135.4549 0
56.4076 -13.953 102.53485 0
-47.11935 9.2825003 8.8081999 3
28.85865 2.0393 41.373501 0
19.954899 1.92895 -103.53415 2
18.19055 7.9450002 -53.804001 3
-72.940247 3.4712 5.8940001 3
16.163664 -7.1718521 29.36204 0
25.201151 -16.402201 50.786301 0
19.20435 4.10605 14.5847 0
-12.91565 16.3559 -11.7359 3
-0.29337499 4.7014751 -21.929476 3
-44.087799 17.0931 -1.270025 3
32.34655 -6.3809829 73.600403 0
57.935551 -8.8471003 118.1733 0
34.60215 -19.115299 65.049797 0
17.159229 -8.2859211 34.648331 0
61.838951 -9.8906002 113.04725 0
7.0138502 2.1547 -36.304501 3
3.6060369 11.909124 -29.614632 3
36.67255 -9.7222004 84.7976 0
22.329651 6.0655999 -124.3594 1
14.09065 -4.1166 18.6343 0
18.096775 -3.3841751 13.790825 0
15.6737 -7.0844002 27.7789 0
22.864019 -14.337399 45.658401 0
-56.079147 14.26865 0.86725003 3
-50.694515 9.2754326 9.1026001 3
-62.838951 11.3026 3.2857001 3
-18.149426 7.1070499 -3.9409001 3
-31.587566 6.3711801 1.121572 3
18.373291 -10.342588 33.909084 0
0.570539 4.0990171 -23.618963 3
40.645416 -18.692966 74.353096 0
31.82345 -5.9363751 70.906425 0
45.401184 -9.6097832 100.3316 0
50.879051 -17.083 91.810799 0
33.812824 -7.8711672 77.412743 0
25.790051 3.4509001 32.8074 0
-15.04725 16.975399 -10.32305 3
-52.431477 15.350739 0.081789002 3
42.73035 -19.006399 77.526497 0
18.67865 4.4219999 13.3666 0
23.613569 11.136422 -135.12309 1
-5.1052361 14.675315 -19.706926 3
19.3776 -0.0836 -100.69995 2
52.865051 -8.7244997 111.6064 0
8.0892067 2.390029 -38.092857 3
12.88325 -2.0741999 11.8891 0
-50.481201 16.348675 0.057300001 3
15.528498 -6.6077189 25.910934 0
37.398983 -16.602356 -85.29966 2
65.9114 -6.8886499 120.85515 0
29.31505 -0.32010001 52.944099 0
44.703716 -10.123 99.10453 0
16.750284 1.878167 -56.478436 3
-71.925247 4.928 4.5865998 3
49.402248 -8.9408998 106.7258 0
23.237049 10.0433 -136.82829 1
-39.3909 8.178833 6.4207501 3
8.9720497 2.3694999 -39.862999 3
59.266151 -7.9038 119.45535 0
-53.761551 15.0235 0.2342 3
-11.84245 16.6077 -13.6682 3
13.7556 -3.7044499 16.133251 0
8.7205496 10.68365 -37.69175 3
13.377459 1.664217 -47.889858 3
-29.30805 6.5274 -0.54084998 3
9.424325 2.3744171 -40.631355 3
51.176476 -16.398424 92.685974 0
20.921215 11.038525 -136.43121 1
23.632063 12.635374 -130.62035 1
18.71945 -0.98189998 4.7188001 0
19.30385 5.2167501 -107.42685 1
18.705351 -2.8462 11.1646 0
0.13625 4.3997002 -22.817801 3
-41.077316 17.902533 -1.558867 3
5.6221881 2.6392879 -33.454201 3
49.288746 -9.2457666 105.67416 0
17.081406 -8.3683834 35.365967 0
18.79945 -1.7855 7.2049999 0
15.91095 -1.0009 -2.3617001 0
39.690651 -10.8867 90.297699 0
38.59145 -18.912451 71.335747 0
27.139101 -11.852984 -81.121399 2
-42.954151 8.6680002 8.0334997 3
4.9600501 11.7936 -30.717501 3
53.04845 -16.0049 96.1362 0
40.09935 -10.9259 90.821899 0
-0.83622801 13.382878 -23.06279 3
17.15045 8.3844995 -52.6287 3
13.60725 1.2808 2.4077001 0
3.0880499 3.0002999 -28.343399 3
23.945351 13.2311 -130.50729 1
65.684555 -4.1214499 127.6162 0
23.404915 -14.619034 46.659451 0
21.129761 -3.4309111 -91.150658 2
-67.308479 5.8558998 7.3214669 3
-51.061649 8.6779003 8.8766003 3
18.120399 8.2922993 -102.2637 1
-2.8631499 4.5913 -18.7686 3
22.501669 -5.11164 -88.134865 2
-48.25285 16.481434 -0.157267 3
23.682949 12.4082 -132.411 1
14.372284 8.9227924 -46.677216 3
10.524175 2.3259749 -42.722473 3
41.343201 -11.1063 93.573952 0
70.319214 -2.396925 130.85019 0
-17.065948 17.48805 -8.8311501 3
-37.909618 19.078733 -2.4860001 3
31.302025 -5.0271001 67.513626 0
16.177549 3.8626001 -0.99720001 0
16.98415 4.2350001 6.3508 0
0.67379999 13.178625 -25.31315 3
24.139549 -15.8108 48.9048 0
17.91795 8.1316996 -100.7476 1
19.278749 9.3564997 -117.9677 1
55.443298 -14.289801 100.5141 0
14.496117 -5.4612331 21.5432 0
26.42605 -16.637451 52.659248 0
30.47575 -3.7393999 65.292198 0
-44.625435 9.3542175 8.159483 3
21.217718 5.5827999 -99.612022 1
36.291248 -9.2327003 84.565804 0
7.5840001 10.9515 -35.3927 3
53.792149 -9.2346001 112.6686 0
-25.668928 6.8041649 -1.404644 3
26.742901 3.2615499 34.513702 0
5.7091498 11.535 -31.735701 3
36.899151 -18.3009 -81.5131 2
72.895859 -0.40737101 135.61974 0
-70.098991 6.407125 4.13345 3
15.882799 3.78315 -0.037950002 0
63.631084 -8.3520727 116.86581 0
33.328712 -6.3244572 -95.437401 2
69.274147 -2.3394001 132.13898 0
-66.643784 9.1406641 3.82533 3
54.2971 -14.898399 98.390488 0
60.191948 -7.9011002 120.6924 0
16.69455 3.4863 -58.341148 1
23.66585 3.6054001 29.503799 0
24.889423 -15.840158 49.891273 0
24.084249 10.5724 -136.73019 1
6.6170998 2.1012499 -35.541847 3
13.396042 -2.9340589 14.365196 0
-0.113683 13.261434 -24.105898 3
-30.079163 6.607954 0.064433001 3
-7.0760999 4.1045752 -15.623225 3
32.007549 -5.9889002 72.559502 0
9.8796844 2.3696001 -41.519165 3
18.07975 7.6730332 -52.902668 3
50.406132 -17.127066 91.180237 0
-58.326618 13.395576 1.895483 3
18.173651 8.2550001 -104.5512 1
17.467817 -8.6432333 37.800533 0
22.343884 6.650084 -115.31157 1
34.824749 -10.684156 -93.03804 2
12.836617 8.8867083 -44.419292 3
