# .PCD v0.7 - Point Cloud Data file format
VERSION 0.7
FIELDS x y z label
SIZE 4 4 4 4
TYPE F F F U
COUNT 1 1 1 1
WIDTH 1149
HEIGHT 1
VIEWPOINT 0 0 0 1 0 0 0
POINTS 1149
DATA ascii
-32.5644 91.176849 -135.08548 2
104.60365 -55.538601 133.94009 1
-104.60287 21.106548 10.028625 4
-33.79705 71.941902 -38.917599 4
30.569052 -28.275766 98.273262 1
-36.593056 30.677351 106.58261 0
-9.882925 61.8675 -90.43103 3
-13.1653 54.88055 4.7395501 1
19.45015 10.31535 78.0811 1
-30.603449 43.220936 68.030571 0
-88.547104 45.105148 5.15485 4
-3.5369 9.3185997 61.308998 1
-48.769451 66.823502 -16.3293 4
-19.242849 56.883202 -21.486 1
32.029991 -4.6581922 92.326385 1
12.60675 22.9023 60.0368 1
-32.323551 33.356499 86.328499 0
13.144051 -7.9045501 86.011002 1
-27.11405 70.212006 -90.164101 3
-25.778549 38.735149 50.2868 0
-25.204651 69.1362 -54.609402 2
-15.18055 27.992901 35.136902 1
-75.6036 55.8041 0.93900001 4
4.4303498 2.1671 74.797096 1
-72.676788 40.075294 9.2503958 4
-37.629551 60.1572 -27.2491 4
54.211044 -43.568958 110.26365 1
-9.155571 20.196512 50.634655 1
-49.23045 52.681099 -9.5079002 4
-22.055149 62.488701 -35.829201 2
-59.679001 62.396526 -4.7220502 4
20.608534 -18.71315 92.795158 1
-2.14235 40.837101 33.250198 1
-15.558226 72.474724 -97.526024 3
41.387325 -35.411804 103.02792 1
-8.7165995 49.569519 16.591583 1
-40.526348 72.074402 -24.8596 4
-20.033304 62.623726 -83.51403 3
-19.60745 39.1106 19.885799 1
-18.22735 51.2598 25.255501 0
92.841248 -54.558533 133.03996 1
-30.234449 35.335602 75.785896 0
-42.40015 58.032852 -16.8771 4
-22.46245 80.310402 -100.53295 3
-100.19591 30.762108 7.988771 4
-36.51115 33.785099 96.064102 0
-24.086849 40.110703 39.871552 0
-18.740747 61.649281 -12.390367 1
-30.085426 74.169724 -99.326927 3
-3.6012499 45.16 24.626801 1
5.65835 29.7997 51.493599 1
-34.38205 62.923279 -35.813049 4
75.293251 -49.249149 127.98109 1
-11.457638 58.553253 -82.002625 3
-27.53845 37.3913 61.895699 0
-30.010151 86.158798 -128.18851 2
16.5811 15.340117 71.385399 1
-26.002781 58.013115 -15.835232 0
-16.57955 58.326199 -2.6313 1
8.6909752 -2.137125 80.81485 1
-10.1195 40.63245 13.830999 1
-96.629936 23.940651 10.825634 4
-17.655083 53.840752 -13.895451 1
-27.403608 94.698807 -130.39403 2
-19.855049 50.259102 37.5033 0
-20.690401 60.169998 -28.647324 2
29.454048 0.2987 87.280045 1
-34.758049 37.966499 81.075623 0
-22.3522 42.185825 30.105801 0
42.00145 -24.8974 110.7035 1
23.744249 5.8831501 82.280449 1
-0.098700002 37.381401 39.203453 1
-12.57615 66.6689 -94.858101 3
-30.756451 78.176399 -105.0154 3
-20.57785 45.991852 20.0299 0
-26.817051 72.636452 -67.020447 2
-28.76605 36.449299 69.2024 0
-22.154751 47.046398 8.0014 1
-20.867748 43.170403 13.9056 1
-23.75725 52.106552 -3.38135 0
48.957451 -23.3477 107.7097 1
-32.656708 41.113438 73.968109 0
-26.4188 83.243652 -104.70065 2
-19.033649 52.688553 5.7089 0
98.940155 -54.422348 131.57379 1
46.148048 -39.3297 105.6766 1
-64.428574 44.177662 2.992646 4
-23.79385 66.632103 -86.3424 3
-80.220001 52.711197 3.69835 4
86.702667 -53.067528 131.49635 1
-25.993351 59.440701 -21.535601 2
-40.35545 59.759575 -22.120525 4
59.336651 -39.316452 121.6177 1
-33.171551 31.7106 91.826401 0
-24.972651 55.052074 -10.588908 0
49.64378 -34.000767 116.60169 1
-11.32355 23.164801 45.940399 1
-42.674751 70.744698 -19.7321 4
-46.312534 55.660652 -13.453384 4
-70.892052 58.505402 -0.70469999 4
-34.971825 30.2085 101.16835 0
-26.115749 70.596397 -60.0116 2
-30.87245 89.2789 -123.6129 2
-84.220474 48.795998 3.8348119 4
-29.426849 80.442001 -99.366798 2
-55.133087 50.578712 -1.288812 4
-18.802036 76.927444 -98.132385 3
-53.288101 65.686699 -13.02055 4
-68.564751 41.867802 5.6817002 4
-31.443401 73.095299 -43.681198 4
-30.15415 86.528801 -133.74921 2
-13.58505 25.759899 39.766899 1
-29.445551 66.678398 -50.9203 2
-64.562477 60.611252 -1.9518501 4
79.979279 -51.272511 129.41002 1
-56.453251 64.066299 -8.8106499 4
58.560577 -45.623798 112.37683 1
-7.3496499 16.410049 54.115452 1
-21.618475 43.668678 25.080002 0
-18.531717 36.2771 24.089933 1
-52.093449 51.7365 -5.2809501 4
3.001667 32.41732 47.741997 1
44.11615 -21.287399 107.7231 1
-24.977451 39.160248 45.145699 0
-23.16185 64.691399 -41.965801 2
-0.78065002 6.9175 64.858597 1
-5.0963001 12.437374 57.590775 1
-20.546326 56.803276 -5.4036002 0
-35.772949 35.444 89.669098 0
12.88865 -3.6617 83.0616 1
-19.93272 48.126579 14.374185 0
-8.8424501 59.471199 -86.193802 3
1.2364 4.3818998 70.213745 1
-31.068501 90.507103 -130.43509 2
-97.386948 34.921402 7.4672999 4
-19.630924 54.176926 1.0285 0
-24.19595 66.9692 -48.324799 2
-16.552383 30.976234 30.9205 1
-3.104538 42.748356 28.867037 1
-31.441851 34.449001 81.601601 0
-15.968 60.3097 -81.844406 3
-78.581047 37.365799 11.9863 4
-33.30925 69.189903 -35.0257 4
68.769577 -49.107754 117.79003 1
-26.68545 62.4193 -29.8696 2
-100.00941 20.775873 9.7374268 4
-6.0811501 47.638401 19.8424 1
-45.464748 67.007103 -19.4793 4
-38.238251 72.624802 -28.736 4
-21.11105 58.318298 -9.5764999 0
-92.249573 41.194599 5.307683 4
-43.154701 68.488632 -23.587387 4
-15.2592 56.432022 1.141975 1
-84.669922 34.421951 12.514525 4
-30.02195 84.986298 -123.5583 2
37.530651 -33.687099 101.7455 1
-33.247452 69.245499 -44.688698 4
95.228882 -53.364471 129.77217 1
100.56946 -56.778755 134.64726 1
-11.43455 53.253601 8.5796003 1
-22.609276 47.209351 48.746048 0
-35.239399 36.607803 84.990814 0
-9.3675499 51.194599 12.8379 1
-17.917521 51.756958 21.185408 0
72.055351 -46.991299 126.9252 1
-34.093014 30.708826 97.198204 0
-31.51565 68.593002 -38.649502 4
-17.78945 52.030399 -9.9542999 1
-17.805552 52.074001 16.055233 0
-29.142063 73.962143 -48.104977 4
-0.54194999 35.679352 42.784149 1
33.419117 -30.641958 99.714165 1
14.06195 20.4468 63.512402 1
-27.22695 65.071503 -37.243 2
-33.177525 64.387955 -39.445499 4
18.24505 -15.8769 91.116302 1
-17.956051 60.140701 -7.1738 1
6.4967499 0.5086 77.950966 1
27.58325 -25.890699 97.064003 1
7.7868052 27.509809 54.136398 1
-29.123249 92.400452 -133.11333 2
-26.947651 37.843651 58.168648 0
-19.964552 58.66655 -24.737036 1
44.067139 -27.778469 112.47293 1
-29.460268 81.870049 -102.97682 2
10.445284 24.718508 57.378307 1
-36.220451 60.974201 -30.562599 4
-29.565599 71.720451 -59.528748 2
-24.019899 46.017876 53.614677 0
-11.318812 24.466425 42.568077 1
15.308884 17.882299 67.498398 1
96.589722 -55.223625 134.09155 1
-26.278851 60.8078 -25.550701 2
-75.861115 39.419563 10.576141 4
-11.248781 64.328957 -92.624069 3
-18.546551 51.517101 28.715599 0
37.451149 -18.760149 106.05737 1
-30.869551 89.742798 -127.0037 2
68.197952 -44.384102 125.3641 1
-35.857151 71.111 -36.232101 4
-24.961651 80.906357 -102.75093 3
-18.61775 55.550499 -18.4622 1
47.630753 -31.654667 115.27843 1
-102.29 18.3414 9.3691502 4
-28.10955 37.067902 65.3545 0
43.921074 -37.199852 104.44563 1
-26.518299 38.31105 54.447403 0
1.6983 34.070961 45.005676 1
52.594288 -36.576012 118.20883 1
-29.69005 72.5336 -63.252998 2
-41.133102 69.117798 -26.023649 4
56.288635 -38.378624 120.13972 1
-24.53125 68.769363 -50.929012 2
-29.31855 36.146198 72.352798 0
-23.704426 66.298477 -45.289612 2
-25.027601 68.44693 -88.636925 3
-21.812326 59.810276 -12.228499 0
18.213074 12.194225 75.706451 1
-101.7124 27.872925 7.976851 4
-28.922649 68.177399 -53.575802 2
-36.643108 32.302216 99.62162 0
-36.660103 31.554649 103.35938 0
-22.927851 41.776718 33.091301 0
-21.769583 64.376251 -85.277885 3
-19.150749 50.9231 32.845501 0
-36.085548 72.017998 -33.3829 4
101.82385 -54.248901 133.6438 1
-23.345451 40.686424 36.411751 0
-31.51965 42.486099 70.723602 0
-95.779449 37.2668 6.8353 4
-35.51276 62.368542 -33.01334 4
-4.8899002 46.132202 22.213249 1
32.973602 -6.1040502 94.658249 1
-29.745564 89.6008 -133.35492 2
-32.62785 83.160202 -104.6779 2
-17.935074 34.389351 26.59235 1
-38.95668 60.0079 -24.73852 4
-41.834648 71.3536 -22.440201 4
-43.93095 56.5611 -14.9961 4
2.6343999 3.1731999 72.845627 1
-25.971149 46.5728 55.582401 0
23.823574 -21.710289 94.99791 1
34.005249 -8.2617502 96.847397 1
-86.342133 47.031555 4.3898158 4
-50.993874 66.022751 -14.822075 4
-81.386078 36.725098 12.489159 4
-47.851513 54.193733 -11.658744 4
92.805527 -52.377026 128.73804 1
-61.998856 45.438972 2.5367579 4
61.05505 -46.081451 113.9766 1
35.435215 -32.113167 100.90244 1
-27.026316 63.858402 -32.680164 2
64.356995 -47.48745 115.59248 1
-21.01405 78.241203 -98.973099 3
-34.943935 29.630919 104.18264 0
-16.921274 74.771423 -97.879593 3
-9.7696486 58.0798 -84.088402 3
14.06035 -5.6402998 84.434898 1
48.2677 -40.379349 106.93172 1
-29.8339 72.95475 -96.750099 3
65.723122 -42.961174 124.29955 1
85.234352 -50.060001 125.0603 1
-21.133251 48.86145 43.01815 0
-23.982313 47.013878 51.032749 0
28.112526 1.998675 85.604996 1
25.73525 4.2853999 83.696602 1
-25.403301 39.07621 47.722076 0
-28.118584 73.603851 -50.582634 2
74.568748 -50.837601 120.6447 1
-37.29335 72.597 -31.162901 4
-17.40855 32.798302 28.5597 1
-25.60075 69.984802 -57.557999 2
-18.783897 37.550213 21.867422 1
-27.46105 71.331406 -92.560928 3
90.048119 -54.031002 132.44885 1
77.6241 -50.390724 128.32361 1
22.161098 7.4888749 81.035629 1
-20.94565 44.591724 22.712812 0
-94.151398 39.065804 6.0754499 4
71.633194 -49.850975 119.37566 1
8.6714134 26.0453 56.011459 1
52.184952 -42.4631 108.9625 1
84.277542 -52.565849 130.82193 1
-17.970631 52.087158 18.688484 0
35.958344 -16.038834 103.92627 1
-26.934652 62.595963 -27.369415 2
61.881706 -40.446732 122.54408 1
-30.902651 69.740997 -44.001999 4
30.456751 -1.1612999 89.193604 1
46.6633 -26.9062 112.32465 1
14.68065 19.262199 65.5867 1
-18.240749 61.341599 -82.482597 3
-9.2287502 60.4785 -88.367699 3
-29.292599 70.504822 -54.374226 2
45.523552 -29.565933 113.59181 1
-15.206175 29.473576 33.127899 1
-34.915703 28.962299 106.48425 0
14.514549 -10.374575 87.409897 1
-28.01375 45.244801 61.559898 0
-29.674637 66.271515 -48.492424 2
38.912308 -21.084478 107.85207 1
-19.313049 52.715199 3.3633001 0
4.1673498 31.2143 49.654202 1
98.561996 -56.427299 133.51485 1
-20.30065 46.147999 17.723301 0
88.711075 -51.986061 126.12343 1
16.77965 -13.8175 89.870003 1
-7.0203619 48.468414 17.911224 1
20.7971 8.8085499 79.736298 1
-27.819151 74.749603 -76.006897 2
15.979519 16.6583 69.416229 1
46.352451 -22.0214 107.4435 1
54.476082 -37.628136 118.84079 1
-20.11105 51.0345 -6.0359998 1
-21.14835 60.5313 -30.8018 2
-57.624298 49.096375 0.77452499 4
82.033058 -51.907272 129.99954 1
-29.198851 93.639198 -129.60519 2
25.730999 -23.918049 96.156906 1
-15.680925 57.401573 -0.85554999 1
22.4165 -20.272049 94.125549 1
-33.43985 40.313099 76.054001 0
-82.306747 50.952301 3.7948999 4
-27.075075 64.584793 -35.116974 2
-53.332428 51.303474 -3.01315 4
-31.26375 91.985252 -133.21744 2
-38.959751 71.378998 -27.099501 4
-20.6008 49.640724 39.9161 0
66.885986 -48.301731 117.04903 1
-13.47285 60.0326 -81.540901 3
-19.16585 50.8992 30.680901 0
-34.039398 64.313049 -37.484299 4
-15.90265 49.761501 -4.6346002 1
16.078051 -11.7554 88.291298 1
-98.964767 32.74155 7.7377248 4
-32.352001 82.1222 -101.48434 2
-19.740623 50.548401 35.398201 0
-30.37365 73.721497 -46.106499 4
-40.481449 59.055302 -20.119801 4
-26.254747 38.848991 52.347618 0
-30.533051 85.9291 -130.8757 2
-17.328951 59.1749 -4.7797999 1
-2.23035 7.742075 63.564449 1
-25.88205 59.857101 -23.709499 2
-16.384251 51.673302 -8.4302998 1
-34.160965 39.051064 78.727173 0
31.464149 -3.0272501 91.149155 1
97.019829 -53.812302 130.91803 1
-21.695351 61.7453 -33.9198 2
-29.388451 71.135498 -57.542 2
-30.109276 75.374649 -101.16135 3
-20.596951 42.0298 15.5997 1
-91.464096 29.175751 10.23605 4
-18.133249 51.273102 23.169001 0
-78.67778 53.717003 2.630367 4
-34.87175 36.850067 82.893883 0
-28.587074 37.273876 67.328964 0
8.2761497 -0.63230002 79.160004 1
-93.931396 29.781448 12.1458 4
-2.73575 43.7705 27.1646 1
-72.851151 57.424873 -0.117875 4
-20.805925 47.014473 15.8864 0
-30.255251 85.243103 -125.5317 2
-20.2034 59.646248 -26.467548 2
-30.550461 36.173351 73.929939 0
-24.35865 39.679501 41.798698 0
-17.26935 52.766899 -11.731 1
-28.344151 93.383202 -131.5652 2
100.59827 -55.185242 132.36548 1
42.739948 -26.456064 111.67789 1
-1.624525 38.201797 38.258137 1
62.659576 -47.060326 114.5771 1
0.35117501 36.426674 40.867973 1
-20.11965 54.888401 -1.8482 0
-20.049049 40.5256 18.0863 1
-14.9011 70.715103 -96.94735 3
-14.00535 26.6264 38.059799 1
69.773369 -45.533394 125.4945 1
17.2509 -6.2094498 82.287796 1
-25.811813 44.668282 59.635704 0
-30.489349 76.621399 -102.9562 3
-58.38266 63.213898 -6.197063 4
-27.404375 65.940292 -39.096375 2
-4.3145499 10.4283 59.933899 1
-1.10725 40.145699 34.722401 1
37.027451 -13.3862 102.4056 1
2.146008 31.3834 49.090733 1
-25.618551 56.863068 -14.380668 0
-55.115051 65.101898 -10.8868 4
-71.418831 40.916687 8.1191168 4
-36.044449 34.849152 91.801697 0
-24.043751 52.732601 -5.1216002 0
-22.280539 47.698063 46.970497 0
-36.211029 31.655592 101.31097 0
5.06565 1.455 76.392799 1
10.77175 -3.7658999 82.2575 1
36.67635 -17.323799 105.0499 1
-18.866051 61.2686 -10.4425 1
-41.449348 58.713299 -18.399 4
-50.975052 51.9907 -6.8801999 4
-34.382927 71.1063 -37.389153 4
-77.129272 38.372814 11.395094 4
-10.594749 22.407274 47.507401 1
73.791649 -48.284 127.6072 1
-24.012726 40.718433 38.107311 0
-66.003998 43.148003 3.6833501 4
-32.091675 41.611824 72.206192 0
93.267914 -54.689182 131.13664 1
-23.27615 41.589199 34.854698 0
6.5608001 28.77355 52.802299 1
-27.60755 43.381901 64.6996 0
-25.318974 55.985901 -12.524401 0
-22.502251 63.191502 -37.932598 2
70.325951 -48.893051 118.68335 1
-0.152687 34.678085 44.559486 1
-27.28735 37.720947 60.128952 0
41.016853 -23.682751 109.90895 1
94.578148 -54.777924 133.11844 1
32.101238 -29.572649 99.280167 1
-24.29965 52.309399 3.4535999 0
-77.244179 54.395226 1.63415 4
-27.832401 78.260246 -101.67796 3
-13.374388 67.977478 -95.751213 3
-31.057249 79.673203 -105.8294 2
-102.44176 25.981413 7.9348869 4
-69.842781 41.529095 6.7885671 4
-24.926649 45.420399 56.322399 0
88.454071 -53.671375 131.91269 1
-34.938648 70.942398 -34.793598 4
-18.885099 56.596222 -19.794224 1
50.677551 -41.837101 108.1716 1
26.863373 2.9969959 84.567993 1
-26.737049 44.2216 62.049702 0
-24.706949 54.236801 -8.6578999 0
-25.008949 67.381302 -87.310898 3
-19.6745 51.463375 7.022737 0
19.664742 -17.288746 92.177322 1
-74.160652 39.517399 10.035351 4
-32.174675 64.991127 -41.486504 4
-103.27737 22.207924 10.082008 4
-30.68655 68.150101 -40.18 4
-36.197304 31.009909 104.9696 0
-74.059502 56.203697 0.3795 4
-7.8216462 17.700705 53.00745 1
-60.928177 61.791153 -3.7637999 4
-18.066774 60.631927 -8.8807001 1
-18.60895 51.149799 26.929399 0
-30.76165 89.476799 -125.3493 2
-9.9917498 21.407 49.027302 1
-14.66085 27.194201 36.625401 1
-14.260099 55.477798 3.5947499 1
-62.780575 61.1506 -2.6508 4
-36.897751 71.135696 -32.140499 4
-29.576073 87.759171 -132.78589 2
-11.88895 65.51445 -93.880203 3
-0.53315002 38.903999 36.978298 1
-19.56385 57.473598 -23.0648 1
-25.78775 57.91935 -17.6098 2
102.21588 -56.738785 134.8477 1
-6.59585 14.8647 55.401402 1
47.569248 -23.7132 108.7065 1
102.99603 -55.678001 133.59396 1
63.217751 -41.229599 123.10307 1
-35.499748 36.125401 86.998802 0
-25.617889 82.106895 -103.65658 3
45.002048 -38.390598 104.9958 1
-22.742649 64.042503 -39.835999 2
-57.310825 63.603424 -7.511425 4
-8.6384497 19.1385 51.752647 1
57.923874 -38.777782 120.14474 1
-31.708714 34.480183 83.219727 0
-30.991411 35.339272 77.212379 0
-18.307499 55.088898 -16.8454 1
-25.41325 45.081249 57.822952 0
42.638901 -36.387051 103.9104 1
-86.155449 33.384987 12.509725 4
-21.149275 49.242798 41.373848 0
-35.890232 33.375435 94.574539 0
-67.463989 42.483112 4.699708 4
73.033066 -50.304588 119.99651 1
-24.86095 68.468803 -52.4603 2
-17.85865 35.4189 25.2446 1
-66.932251 60.140701 -1.3892 4
-30.739679 90.698624 -133.97345 2
-1.096158 36.929665 40.340965 1
38.221321 -19.931576 107.02409 1
-24.884117 47.038353 52.790482 0
2.2939501 33.500401 46.342201 1
-21.438551 61.082401 -32.243198 2
-32.928249 32.133099 90.044899 0
-12.960951 25.1514 41.528152 1
-24.46175 67.4524 -49.7883 2
-19.848925 55.401749 -0.39607501 0
-68.508652 59.519501 -1.158 4
-12.88275 54.38105 6.4056501 1
-39.336349 59.623501 -23.289499 4
-0.39039999 6.1262002 66.294647 1
-31.012051 34.860802 79.662354 0
-3.4835 43.913002 25.5863 1
-17.95495 54.390701 -15.3057 1
-97.791748 22.930515 10.723717 4
0.393675 4.9036002 69.031647 1
-27.173599 64.092056 -31.162498 2
64.573647 -41.999599 123.7952 1
-24.7222 39.474201 43.660347 0
-31.09515 77.082596 -78.535995 2
-44.918549 55.79715 -14.099851 4
-31.060949 90.061302 -128.4938 2
48.803425 -32.86755 116.01211 1
-44.014473 68.158699 -22.373625 4
-28.77 68.8899 -47.659451 2
-29.15885 36.240501 70.843399 0
1.099925 35.177223 43.368828 1
-26.874949 73.895798 -68.786835 2
-23.566975 80.898178 -102.03082 3
-49.999851 52.315498 -8.2612 4
-21.06665 63.474949 -84.294899 3
-16.91885 59.589199 -6.2309999 1
93.960472 -53.700695 129.04559 1
-32.121052 33.943298 84.758598 0
-28.865049 71.650497 -93.753899 3
-2.58495 40.270199 34.586102 1
39.604797 -35.155102 102.7059 1
49.570423 -41.0196 107.62085 1
51.236549 -35.491501 117.6354 1
27.01845 -24.4156 96.693901 1
-29.31765 67.115196 -52.629101 2
60.665649 -39.884766 121.9002 1
-12.521717 53.577904 7.649642 1
-90.92897 41.818748 5.4103999 4
-44.800751 67.449402 -20.705601 4
-29.634951 72.1772 -61.462601 2
-33.668182 39.746574 77.543121 0
-3.29545 42.093464 30.699631 1
-10.41715 57.5481 -82.897301 3
-47.55275 67.0495 -17.257099 4
-89.591499 43.931049 5.2982001 4
1.842625 3.788125 71.499802 1
-15.849113 30.263388 31.956987 1
-8.3947001 50.112602 14.990049 1
-92.909683 39.753826 5.8734422 4
-96.694786 36.163166 7.2847161 4
-23.532749 65.575897 -44.064701 2
-5.3590832 13.621461 56.634052 1
-30.161049 86.544998 -132.30719 2
-98.818748 21.970051 10.47445 4
-17.881001 51.982651 14.6321 0
83.851761 -49.558167 124.76906 1
-16.949934 31.956034 29.613966 1
-32.913208 71.588524 -40.22015 4
-18.956051 39.848202 18.689301 1
-9.8787498 61.576099 -89.041603 3
-42.446548 71.237946 -21.166401 4
-18.005449 36.938702 22.9517 1
-39.958752 72.225899 -26.1474 4
-22.974649 65.274902 -85.264099 3
-21.751875 79.333206 -99.656799 3
-102.01575 19.686001 9.6949501 4
-20.119129 50.885876 34.082321 0
-31.853275 80.65123 -106.72923 2
-60.092617 47.152332 1.958733 4
-38.4701 60.493961 -26.178249 4
-54.125751 64.656303 -11.8998 4
-46.64925 54.188599 -12.3706 4
-34.384697 70.609695 -36.086098 4
-33.899426 30.951225 95.84343 0
-19.86025 51.579601 31.695 0
47.384796 -39.351856 106.29813 1
34.414398 -31.413225 100.28721 1
-10.47915 63.224499 -92.122398 3
-27.815876 37.292927 63.652531 0
16.033051 -5.1697001 81.678802 1
-4.11795 11.875 58.378952 1
-81.113579 51.592098 4.0359502 4
-40.771149 71.467102 -23.563101 4
-34.949799 30.36455 102.53149 0
-19.393049 53.6908 2.4021001 0
-19.66815 48.421249 13.06475 0
82.880829 -49.341675 123.83083 1
-22.037382 42.734116 28.684961 0
-14.822949 59.637333 -82.157814 3
53.642178 -42.446777 109.71835 1
3.3265121 2.603575 74.132034 1
-21.368851 48.581001 44.328201 0
93.809143 -52.410625 129.6554 1
44.085506 -26.643774 111.63071 1
-20.3183 55.28775 -3.13165 0
-26.39167 72.270111 -63.547859 2
16.882801 -12.643 89.037201 1
36.533073 -32.793201 101.31415 1
-9.4077339 58.964699 -85.045715 3
-28.5886 73.963654 -49.338524 2
3.4047999 31.340599 48.4688 1
4.9118638 30.462456 50.586834 1
99.567047 -55.879074 134.61751 1
-29.23275 82.2976 -101.64865 2
-18.002743 52.606911 17.274082 0
29.182751 -27.3255 97.6548 1
-11.272625 52.727127 9.821104 1
57.616051 -44.547199 111.9926 1
91.410706 -54.280499 132.85861 1
-93.217651 31.105499 12.3533 4
-98.128479 33.825073 7.6163249 4
-19.825748 77.806503 -98.561348 3
-10.418213 51.325737 12.032375 1
-33.032661 65.237968 -40.453201 4
46.4011 -30.555351 113.68871 1
11.733025 -4.3082252 83.096207 1
-33.446823 31.227724 93.674049 0
85.642754 -50.6884 129.52679 1
21.535851 -19.392599 93.676399 1
-22.136524 48.04995 45.308647 0
-21.7101 43.316151 26.349701 0
-30.337351 42.460098 69.504799 0
-43.12875 57.3657 -15.8365 4
38.539402 -34.357574 102.25772 1
-16.2542 73.665497 -97.649338 3
-0.80122501 36.247734 41.467899 1
-54.442623 51.059052 -2.3636451 4
-27.090837 44.537186 60.822777 0
59.98037 -46.044998 113.2327 1
-48.494049 53.067402 -10.5079 4
87.730087 -51.181618 125.84137 1
-23.939251 46.168201 52.3265 0
18.112883 -7.0027909 82.894135 1
-25.640862 39.025589 49.0303 0
-35.625648 35.8004 88.317902 0
43.050652 -21.670401 108.4405 1
-21.744049 62.866951 -34.56485 2
13.298083 -4.8961668 83.699501 1
-30.20335 89.833397 -129.7523 2
-26.6656 62.169426 -28.557426 2
-26.784706 76.65654 -99.563797 3
-63.389633 44.867352 2.663233 4
-32.312248 81.872101 -100.0171 2
-20.2626 41.3153 16.61895 1
-30.675701 89.070099 -122.16772 2
-17.933849 51.6213 19.888399 0
-95.640602 24.983967 11.081463 4
66.900436 -43.648357 124.6459 1
-56.638073 49.772625 0.053100001 4
85.444054 -52.877399 131.26019 1
-25.712574 71.352699 -58.827202 2
-0.96945 7.3101001 63.6572 1
6.37815 1.1670001 76.747398 1
-11.30975 42.592377 9.9242001 1
97.4534 -55.923668 133.1384 1
9.6649122 25.395237 56.473278 1
-27.619251 66.34285 -40.284752 2
-34.570148 30.1355 99.841904 0
-82.306351 35.853298 12.5089 4
7.0964499 -0.26104999 78.884003 1
-24.48245 45.6954 55.169399 0
-28.499451 42.899799 66.510002 0
-26.760963 61.821888 -26.391602 2
-29.280951 72.278999 -95.2127 3
-9.4645004 50.570503 14.0274 1
-1.76875 41.422001 31.9625 1
-27.00465 63.9697 -33.931499 2
8.2489624 26.824024 55.121239 1
-19.307051 38.152 20.897301 1
-27.740326 70.776398 -91.470245 3
68.142273 -48.19381 116.878 1
-24.023174 41.845818 33.690388 0
-20.698 45.336548 21.45035 0
-17.936838 51.996803 13.387262 0
-35.700951 61.70195 -31.981201 4
13.73945 21.1373 62.5396 1
-42.388802 68.733505 -24.524651 4
-30.2768 85.685753 -127.08035 2
-23.66625 52.250999 -2.1599 0
-69.577652 58.914051 -0.96530002 4
30.692875 -2.232275 89.74955 1
-26.007475 69.173096 -88.790298 3
96.1576 -54.4799 130.35086 1
89.829033 -52.009132 126.63373 1
-32.02235 69.767464 -47.728962 4
-30.177 73.93 -67.329552 2
-16.117001 57.242447 -1.9897 1
-36.161201 70.877945 -34.7799 4
-32.71125 68.918198 -36.057598 4
-29.374016 81.306068 -100.8942 2
-26.462601 60.130775 -22.57625 2
-79.06488 52.635799 3.2558751 4
-35.598343 34.469555 90.738968 0
-61.016365 46.438053 2.282213 4
-52.896652 51.717751 -4.3414001 4
-22.201229 49.843864 41.832695 0
-17.137449 51.0765 -7.6947999 1
-30.780149 34.966599 78.342499 0
-87.325073 46.386574 4.7360501 4
-17.037151 60.719902 -82.215851 3
-37.923752 72.922699 -29.890301 4
12.111756 21.996857 60.786621 1
88.170853 -51.0481 127.0085 1
-20.89835 43.830399 12.69825 1
-14.70335 56.018852 2.6222 1
-25.94595 58.7607 -19.6091 2
-30.925449 41.581047 71.226051 0
55.664509 -38.016117 119.19049 1
-21.191217 44.393848 23.8633 0
-32.117748 72.646698 -41.999599 4
-65.779251 60.370499 -1.5622751 4
47.827251 -22.990601 107.7876 1
-55.633148 64.500809 -10.004337 4
25.514851 3.2118001 84.446899 1
-28.212914 43.92054 63.788223 0
-19.254101 52.878998 4.53585 0
-27.94515 79.074303 -102.5322 3
-30.55385 77.314102 -104.0015 3
-15.9533 31.381901 29.897652 1
-31.62105 40.951385 73.069664 0
-76.252029 54.771477 1.11625 4
39.671314 -22.046261 108.6076 1
-92.788376 30.192051 11.741825 4
-22.396851 61.153702 -12.6224 0
-12.4144 59.516102 -81.586548 3
-100.76578 19.877075 9.6481247 4
-34.219444 38.039429 79.397507 0
30.348801 -27.187424 97.747375 1
-36.194324 32.998566 96.880936 0
-15.10085 28.6996 34.008701 1
86.499115 -50.620247 125.51411 1
98.17749 -55.55896 134.20694 1
-51.895248 65.684296 -14.1523 4
-29.8253 35.907101 74.848572 0
-29.640251 73.624397 -97.69017 3
-102.36072 23.24085 9.2290506 4
-29.831249 73.643753 -47.138153 4
-99.539101 31.730499 7.8491001 4
-20.661449 46.255203 18.828751 0
-26.637449 73.332703 -66.101799 2
-15.148432 56.906021 0.053325001 1
-32.961349 40.361099 74.800003 0
11.40205 24.2687 58.309299 1
10.379425 -3.040875 81.441071 1
-4.6824498 11.16545 59.102749 1
-1.04115 38.995926 35.276577 1
95.788483 -55.004662 133.19124 1
-10.19915 52.129601 11.1041 1
-2.2541499 39.689602 35.5317 1
-32.124249 68.873703 -37.619202 4
0.600775 35.933174 42.153053 1
32.737251 -5.1876001 93.851997 1
-41.210548 59.612202 -19.418301 4
62.160252 -46.082352 113.64812 1
-34.865326 29.605225 105.52852 0
5.4117498 1.9325 75.377151 1
-65.528214 44.242626 3.411325 4
-29.349649 70.901398 -56.419498 2
19.043512 -16.349213 91.789314 1
-94.962051 38.197487 6.4066949 4
28.574249 -26.368866 97.380898 1
48.423458 -32.432983 115.00284 1
100.73323 -54.166298 133.30869 1
-34.48605 62.2192 -34.917599 4
-24.497499 53.8494 -7.6031499 0
35.342674 -10.969107 99.481766 1
-56.242512 50.966644 -0.95409697 4
55.601501 -44.288902 110.91745 1
-91.465652 32.331348 9.3384485 4
17.683712 11.334259 76.483307 1
70.741356 -46.1031 125.66376 1
-19.06505 50.938202 29.542801 0
97.810822 -54.600834 131.11813 1
45.125549 -21.8043 107.7521 1
66.338387 -47.813965 115.93719 1
90.688705 -51.782463 127.4491 1
-27.410725 65.973831 -37.964924 2
-36.273651 34.318802 94.084099 0
-17.08395 58.6185 -3.6322999 1
-27.208149 65.131897 -36.115898 2
16.97965 -5.8460002 81.256203 1
-20.437149 50.873699 36.259998 0
-46.310375 67.15863 -18.528826 4
50.4907 -34.805683 117.15739 1
-77.454849 53.531502 2.4101 4
96.016617 -53.372375 130.70703 1
17.96245 -14.8399 90.817802 1
-7.3022499 49.206799 17.1257 1
-28.887716 37.221436 68.408691 0
-19.97905 47.740002 15.717 0
-33.431057 39.282272 76.490616 0
-25.282286 40.100903 42.676132 0
53.674347 -37.137398 118.16738 1
-26.95035 43.820801 63.063301 0
-22.25635 62.878799 -36.897202 2
-30.130299 67.912506 -41.284653 4
-28.536251 37.751251 64.593445 0
-61.862503 61.465919 -3.184037 4
-17.79405 51.588699 17.6565 0
-25.138451 39.3424 46.630199 0
-71.842331 57.767601 -0.41139999 4
-22.967951 46.8983 49.743427 0
-11.4447 24.3482 43.665352 1
103.54257 -54.815174 134.00995 1
72.915146 -47.70615 127.27686 1
-38.780449 71.706001 -28.134501 4
83.262581 -52.289265 130.50368 1
-30.25535 89.521599 -127.9498 2
-32.012966 91.675629 -133.9557 2
-10.135 62.627151 -91.178802 3
-103.25237 22.630976 9.0669003 4
-30.303175 85.989052 -129.36304 2
-18.12715 53.047001 -12.344 1
-28.151026 93.850723 -130.59955 2
-30.30685 75.918152 -102.08415 3
101.56012 -55.321678 132.8566 1
33.315502 -6.7872248 95.431351 1
44.757698 -28.619801 113.11829 1
-79.644684 37.524414 11.839071 4
-26.843613 38.674889 57.179176 0
-25.0858 55.067902 -9.5107508 0
40.388824 -22.973776 109.28133 1
-28.156149 37.939964 62.595764 0
-20.495075 55.76675 -4.3349748 0
14.90398 18.389982 66.387428 1
66.975952 -42.560753 117.43237 1
23.855801 5.082387 82.996704 1
-17.53895 51.581699 -9.0108004 1
80.988617 -51.562428 129.63417 1
-22.98345 64.349701 -40.965099 2
-70.881798 41.575134 7.4658418 4
-32.779503 84.122452 -104.02455 2
-29.489601 67.062897 -49.789501 2
-9.3826504 50.417702 15.264 1
-20.891062 61.032677 -29.864113 2
-27.981449 74.623299 -50.290298 2
-14.145474 69.170395 -96.119125 3
-9.1554499 59.823101 -87.526604 3
-20.494701 59.324577 -27.443237 2
-36.608765 32.957916 97.862602 0
33.638947 -7.5057998 96.190727 1
-14.10165 27.788502 35.939697 1
-2.865 42.767399 27.770351 1
-19.11145 50.956299 -5.6827998 1
99.893959 -54.425369 132.1403 1
16.323395 15.877318 70.509575 1
24.677349 4.4653001 83.610298 1
-22.57135 63.860329 -38.751125 2
-30.3797 90.321678 -132.84633 2
21.3293 8.1117001 80.323853 1
-4.3522501 45.621601 23.2526 1
-101.76672 26.78871 7.8582501 4
-90.898453 42.835526 5.1336999 4
89.37915 -53.32745 131.38608 1
-5.6248498 47.1628 20.664801 1
-20.18425 58.662498 -26.0942 2
29.818474 -0.59864998 88.473846 1
-2.2679999 42.172546 29.94425 1
-23.966249 81.224998 -102.9435 3
23.119551 -21.140499 94.470001 1
-75.202766 39.960213 9.9669065 4
-25.63155 56.871349 -12.9877 0
98.135376 -53.766926 131.71069 1
-23.978649 66.996948 -87.324196 3
15.506891 -10.633159 87.61145 1
-83.193649 50.146599 3.8627 4
-3.4047 42.129116 29.651482 1
-10.23395 51.2789 13.4112 1
-27.58745 44.635399 62.486801 0
14.374214 19.760073 64.57605 1
79.005127 -51.003548 129.00365 1
-7.0195498 15.5973 54.7966 1
-29.277451 70.62175 -55.40715 2
-40.101448 59.3176 -21.18185 4
-9.0329504 38.655701 17.1628 1
-30.054649 74.810699 -100.1931 3
-18.919449 61.826523 -83.093399 3
-11.74065 24.77335 41.565849 1
-18.888651 51.9543 6.5661998 0
6.8396502 27.4338 54.540001 1
-29.796001 71.894745 -58.10965 2
-25.952801 38.756302 51.365501 0
-34.968349 62.030701 -33.821098 4
28.551399 1.341463 86.266975 1
87.765953 -53.177502 131.3252 1
-24.118099 53.043049 -4.1458249 0
-50.123951 66.7687 -15.4996 4
-25.41305 69.524902 -56.072498 2
-31.95645 40.3811 74.583702 0
-31.386551 34.815399 80.616699 0
-51.959602 52.392426 -6.4935751 4
-33.583702 64.098648 -38.375549 4
-26.090025 71.957413 -61.313625 2
-38.339748 59.684399 -25.566799 4
-25.06205 68.839149 -53.642403 2
-6.5485868 47.771851 18.944023 1
-26.204525 38.644962 53.347214 0
-30.48505 92.213898 -132.6011 2
-27.596649 83.509399 -105.2185 2
-28.130299 43.083153 65.578201 0
-26.835152 63.132103 -31.11775 2
5.5035501 28.8396 52.878101 1
-58.684998 48.566074 1.2165999 4
-27.122942 38.167244 59.114868 0
-76.877998 39.565651 11.20095 4
-32.641251 72.617104 -41.131699 4
8.7301502 25.3202 56.856998 1
-12.735938 66.198997 -93.712135 3
-19.129551 51.547001 25.9632 0
-27.886944 38.138351 61.009705 0
-29.890751 86.867851 -131.32225 2
12.681175 -7.176075 85.487823 1
-32.956551 32.546398 89.0186 0
-22.561649 41.9837 31.3925 0
31.829 -3.65295 91.847656 1
78.621986 -50.492561 128.22653 1
76.190048 -49.742298 127.9611 1
-34.236771 63.509094 -36.617126 4
-101.25055 28.945499 7.9585748 4
63.547989 -47.379467 115.00884 1
-29.8536 91.757202 -133.35545 2
-29.573471 36.410812 73.284912 0
-78.16555 38.224926 11.681849 4
-63.672825 60.369175 -2.3406 4
-32.424797 88.437149 -120.69321 2
-0.484 5.75595 67.217453 1
-34.30415 30.343449 98.5196 0
33.13855 -29.792299 99.165901 1
-14.37065 56.3536 1.5842 1
-9.2579985 20.841082 49.883045 1
-30.912498 76.489594 -76.454346 2
58.360046 -39.03138 121.00163 1
-34.816151 29.596399 103.1975 0
-41.67815 69.195503 -25.1978 4
31.463726 -28.977762 98.80864 1
-26.255051 59.278572 -20.412775 2
-17.76255 76.091705 -98.432953 3
-20.30232 46.882221 16.990316 0
-85.602348 47.9562 4.1163001 4
-29.714375 71.240799 -53.735802 2
13.557276 -8.8305244 86.447548 1
3.989362 30.276382 50.292221 1
-83.235451 35.284698 12.5114 4
-32.687202 83.128494 -102.50975 2
-24.10355 41.271751 35.979599 0
-8.8884087 49.378891 15.4174 1
-26.481649 60.8354 -24.5903 2
-2.9528251 8.6115246 62.277573 1
-71.834717 40.256634 8.7829008 4
-36.390564 32.404175 98.680359 0
22.87635 6.8933001 81.6511 1
-6.0476499 14.129499 56.161076 1
-24.03005 66.492699 -46.8643 2
-32.441856 85.350266 -122.28621 2
-29.659676 71.986679 -60.463371 2
42.229183 -25.798206 110.40572 1
-28.36895 71.423157 -92.905548 3
-13.00765 26.287201 38.909401 1
-19.45825 57.723846 -21.930599 1
47.375538 -31.471439 114.29745 1
41.601418 -36.203011 103.55576 1
91.398354 -52.354198 127.9564 1
-30.833801 73.570251 -45.078201 4
32.168549 -9.4513998 98.2304 1
36.940201 -18.345551 105.18129 1
-21.573795 62.114105 -33.029835 2
-36.918297 60.740448 -29.1231 4
-46.133423 54.748775 -12.96945 4
-23.127899 48.698174 45.845802 0
-20.441362 49.77224 38.973125 0
-1.617 40.03635 33.129051 1
13.97315 -9.6393003 86.9151 1
-7.6801 48.318802 18.876049 1
-34.977417 37.640133 81.95517 0
-67.055023 43.183681 4.1805921 4
85.63652 -50.886848 124.77902 1
-11.455999 23.748299 44.710449 1
-14.6294 70.026932 -96.334045 3
17.553709 13.336187 74.196754 1
-19.776449 57.7411 -23.961201 1
-29.482559 88.703735 -133.14124 2
-50.862637 52.610054 -7.9641581 4
-26.682789 38.292812 55.890709 0
-31.285599 42.720596 69.825546 0
17.815958 12.735458 74.942268 1
-5.2836752 46.576828 21.460825 1
-100.60535 29.900551 7.9510999 4
-44.027649 67.309196 -21.390699 4
-7.8866 18.407501 52.370499 1
71.241753 -46.427898 126.5565 1
36.642399 -12.8983 101.6857 1
-18.132639 51.724804 22.110552 0
-0.090599999 5.3369498 68.108299 1
6.0556788 29.315708 52.208824 1
-73.585449 40.087128 9.5241089 4
-26.934 73.057648 -68.345596 2
24.499325 -22.404026 95.434349 1
56.67585 -44.875301 111.5372 1
-20.100552 51.320374 33.062252 0
-28.86515 94.363998 -130.24879 2
7.0990748 28.246908 53.369415 1
-34.597015 38.341019 80.226013 0
-73.209221 56.554501 -0.071988001 4
-33.538151 31.6717 92.692352 0
-21.67565 49.134201 42.157001 0
-33.572048 31.031099 94.919403 0
-24.402199 53.752998 -5.4801502 0
-31.667049 90.828003 -134.1647 2
-18.013401 55.085251 -15.95685 1
-26.409775 45.306824 59.304024 0
-3.8696499 9.9055996 60.661301 1
-25.868149 57.591125 -14.9121 0
-59.350899 47.641602 1.6675 4
27.517687 2.5890429 85.193001 1
52.126396 -35.894035 117.7762 1
-32.896149 33.707802 85.509598 0
25.30905 -23.087099 96.176903 1
46.72105 -30.688532 114.5523 1
-32.226799 34.479801 85.511154 0
-0.80089998 37.877026 38.5797 1
46.764252 -23.9846 109.2628 1
-24.474251 52.8745 2.6343 0
-3.4707 43.954399 26.513199 1
75.042763 -48.748173 127.24143 1
-27.510763 45.352676 60.687519 0
-23.227551 80.399376 -101.04735 3
1.41225 33.6427 46.097 1
-15.11275 60.660099 -81.9021 3
-7.0750079 47.505295 20.114651 1
-24.559151 53.987999 13.2113 0
-31.748451 72.769127 -42.836426 4
-26.141949 58.605598 -16.78825 0
-13.178101 67.350494 -95.003349 3
-32.996113 86.99971 -121.00195 2
17.403301 -14.24165 90.397949 1
-42.120453 58.59425 -17.55015 4
-25.7199 70.603371 -58.228352 2
55.039803 -43.396965 110.62108 1
3.1147499 31.4293 49.334599 1
-17.24115 58.9025 -5.6513672 1
-31.667759 35.187889 82.132744 0
-41.541351 71.842903 -23.239201 4
-33.67926 68.724075 -44.008362 4
-22.61455 47.9342 46.151299 0
13.338634 21.530914 61.67363 1
-90.630798 33.609825 12.6328 4
-21.875576 42.875526 27.3748 0
-10.6305 52.289249 10.2999 1
12.105825 23.265575 59.365753 1
-22.531313 47.414326 47.860085 0
-20.758644 57.624207 -6.7772369 0
-23.221575 46.6269 50.710278 0
15.500116 17.343781 68.209572 1
-24.444801 75.818947 -98.43425 3
-26.107613 71.21994 -60.675789 2
-29.335251 82.682701 -109.2121 2
-32.54845 69.158897 -46.703602 4
102.33482 -55.089024 133.38901 1
-18.116249 52.691799 -11.4125 1
51.432751 -42.072575 108.63747 1
-23.285151 65.7733 -85.9562 3
-7.3242502 17.1126 53.486935 1
52.8871 -42.868752 109.4451 1
-35.184952 71.2612 -35.6418 4
-26.1134 69.63105 -89.6185 3
-56.790649 63.394897 -8.3055248 4
59.420052 -45.385765 112.96745 1
-17.535801 35.0481 26.118 1
-25.932301 58.373875 -18.454399 2
-16.329699 72.961563 -97.086731 3
-11.6108 43.27425 9.2283497 1
-36.671097 30.99025 105.73855 0
-28.296501 37.091167 66.493324 0
-18.156151 51.290699 24.070875 0
-92.884354 40.612499 5.5737 4
93.631248 -54.836868 133.37306 1
-32.956749 32.869801 87.744904 0
2.2202499 31.957451 48.400803 1
-3.9967999 44.623199 25.23035 1
-24.34355 53.401901 -6.6801 0
43.062698 -37.292526 104.19968 1
-25.140949 55.494499 -11.7947 0
0.55199999 34.656303 44.004375 1
-35.107758 36.932266 83.76564 0
7.4949889 26.755939 54.52301 1
18.995899 10.9492 77.290802 1
-29.706951 72.428749 -62.319252 2
-34.125076 71.378296 -38.303974 4
-23.605249 40.4146 37.223598 0
0.28555 35.507999 43.0779 1
19.857174 9.7309132 78.696091 1
-19.693283 54.799618 0.39186701 0
63.980125 -41.661774 122.93562 1
-36.542942 31.704662 102.14612 0
-29.72505 87.3097 -133.7589 2
2.6665499 33.019402 47.087299 1
-28.935305 92.990585 -132.46396 2
-32.05735 33.877201 83.772202 0
-27.430149 78.059998 -100.9121 3
-19.286999 62.220398 -14.48435 1
69.465385 -49.076401 118.33667 1
-35.204849 35.839817 86.214394 0
35.670216 -16.109734 103.09232 1
-52.6395 65.826447 -13.606251 4
20.045033 -18.033611 92.460815 1
-15.23925 71.587173 -97.166504 3
1.35655 4.7342248 69.217522 1
67.846878 -44.228348 124.5713 1
-16.317001 51.21595 -7.4070501 1
-53.918053 65.38472 -12.348525 4
-31.346849 68.719002 -39.504002 4
-22.199675 48.773849 44.555199 0
-19.092201 56.635326 -20.648275 1
-26.685749 44.968002 60.0672 0
-23.303902 65.261002 -42.915401 2
-11.14205 42.59375 10.812325 1
-18.777048 51.420513 27.780115 0
44.055977 -38.019928 104.72875 1
-2.33005 41.7644 31.3354 1
-29.181633 72.977654 -96.164062 3
-19.361826 50.853027 31.997063 0
-18.610249 60.874699 -9.5242996 1
-9.7133036 22.160957 48.043434 1
-57.35305 62.768799 -6.8123999 4
-17.588242 33.789124 27.40369 1
65.194748 -47.898422 115.88977 1
-29.897118 73.903938 -98.478539 3
-24.754519 46.012501 54.345825 0
99.70752 -56.650063 134.23114 1
-0.81805003 39.035278 36.164749 1
-16.58695 59.2971 -5.2206998 1
36.169651 -16.7216 104.6751 1
68.949203 -45.028717 125.24748 1
-16.970495 74.03968 -97.326279 3
-14.02125 54.984402 4.4485002 1
-1.754825 40.605751 32.487949 1
-30.846649 42.984699 68.829529 0
-25.490601 70.1119 -56.7061 2
-36.615578 31.332417 104.24984 0
-19.663765 76.905464 -98.21167 3
-99.446251 21.270201 10.17 4
-21.18635 45.2714 20.631901 0
93.437363 -52.941437 129.08334 1
0.15095 6.7349501 65.357552 1
49.432182 -40.328568 106.91624 1
-13.412137 54.433784 5.4352498 1
-88.733398 44.275928 5.298892 4
-23.545898 47.282684 50.252064 0
-28.212875 76.765472 -82.352127 2
-37.426899 60.830498 -28.111851 4
-25.8619 44.729401 58.464401 0
70.941895 -49.321503 119.09801 1
41.452988 -24.682392 110.08084 1
-17.369333 53.373951 -12.573517 1
-35.365898 35.448799 87.506599 0
-11.474592 64.866287 -93.251266 3
-24.995487 39.779911 44.555325 0
