# .PCD v0.7 - Point Cloud Data file format
VERSION 0.7
FIELDS x y z label
SIZE 4 4 4 4
TYPE F F F U
COUNT 1 1 1 1
WIDTH 1241
HEIGHT 1
VIEWPOINT 0 0 0 1 0 0 0
POINTS 1241
DATA ascii
94.02504 -107.64627 114.16409 0
3.2836499 103.8663 -155.37015 4
-23.093025 62.159275 133.13788 3
22.754299 -29.6807 85.793503 0
-94.430901 65.1754 -12.0649 1
-38.655499 86.600197 -21.7516 1
22.953899 16.2061 53.1978 0
49.971733 -76.129929 100.22104 0
6.2073002 70.579002 -29.263399 0
-18.630745 63.477203 99.974754 3
-63.942287 73.627487 -7.993329 1
2.027925 26.85675 32.211048 0
-16.718025 85.892532 -43.029549 1
43.045952 -46.940941 99.995567 0
12.840425 -8.175827 67.343117 0
71.302101 -90.394302 113.3444 0
4.3032498 80.05735 -139.78131 2
32.260368 -11.133433 77.663132 0
17.404154 38.255085 24.344656 0
-1.6896501 59.354549 50.536247 3
0.32370001 85.369301 -157.51041 2
-26.716827 75.523102 -30.961296 1
5.3112001 15.782351 47.103851 0
40.298901 -31.7764 90.5839 0
-80.619789 76.47036 -13.981147 1
-56.241947 85.965019 -18.129456 1
-15.60915 57.2001 84.077805 3
39.417694 -63.320568 95.975548 0
28.69005 -44.737747 91.180954 0
0.38839999 38.5784 20.1488 0
-21.338745 60.924282 116.4098 3
61.687798 -77.49765 111.0602 0
-46.399658 73.677887 -16.313736 1
-2.3238349 51.983067 -2.251816 0
18.585751 -17.238274 78.29776 0
81.776566 -100.32775 110.87564 0
48.745453 -63.157749 107.17786 0
4.2886 85.984802 -126.4632 2
11.2272 56.787998 -3.2126 0
1.934473 93.303177 -145.80075 2
-12.504054 53.605583 43.554276 3
-8.5203276 53.749069 20.223978 3
-69.0952 82.201355 -15.89275 1
-13.5345 54.011551 56.178558 3
-29.859833 87.430717 -30.753832 1
-35.237473 74.818253 -21.878275 1
2.02175 58.395416 26.840982 3
63.365898 -87.613899 104.7288 0
0.37709999 58.739952 39.126801 3
14.264699 45.284801 15.9465 0
8.4035997 65.570396 -19.841 0
-14.9876 75.845299 -46.784801 1
5.7350368 96.357758 -124.03619 4
-4.1557331 60.619545 60.716721 3
-8.9890308 62.211533 77.033707 3
-0.47482201 44.927601 11.419533 0
-19.658945 77.249733 -37.947979 1
-85.216499 68.375099 -9.7154999 1
53.818451 -71.516449 109.36475 0
-73.842903 72.284599 -7.7389998 1
-14.917033 64.494568 90.737831 3
2.2747669 79.940903 -149.49214 2
11.9513 52.259201 5.5221 0
3.3801501 76.330101 -42.851501 4
-2.9709499 56.246387 -10.67395 0
-22.580257 85.702042 -35.961914 1
-15.12305 55.923553 74.759575 3
9.7010002 61.259998 -11.4755 0
30.765699 -3.6155 70.871597 0
7.2278752 10.27415 53.479202 0
-18.844749 60.411949 108.22809 3
-22.871956 62.604298 124.61941 3
-11.7049 53.1926 35.0966 3
10.417825 -2.5632329 61.474777 0
21.412884 22.078533 46.827599 0
-5.8086872 78.976997 -63.833923 1
19.665501 33.165298 30.741199 0
2.4876001 106.8863 -147.77789 4
66.37365 -84.102982 111.79616 0
-12.008368 85.601486 -49.738472 1
75.468895 -95.86367 108.69162 0
-6.2172999 54.8596 12.762 3
-10.163 53.370998 27.601299 3
87.804871 -102.83666 114.66125 0
-11.894532 63.714466 83.927399 3
9.1538324 93.736031 -130.29143 2
-5.0663748 85.6633 -60.685627 1
3.7876999 19.577499 40.37265 0
4.5956159 73.685783 -35.813717 4
5.1057 82.186699 -132.7265 2
0.39899999 90.829102 -152.655 2
-16.771601 58.638599 94.689796 3
-14.1901 54.556702 63.399502 3
24.7701 -36.088501 88.5056 0
69.3713 -91.831497 106.61835 0
38.921833 -26.33083 86.005615 0
1.3459001 60.912552 -4.5320501 3
35.126675 -16.955492 80.801918 0
-3.427433 59.224796 -16.945585 0
-11.773494 77.508781 -52.333405 1
-89.027985 70.593628 -14.653913 1
42.075699 -41.0345 96.852501 0
-5.8049331 61.176453 67.005234 3
3.094867 58.887371 8.5124664 3
-40.479 75.627594 -17.657299 1
3.43115 90.416397 -122.05495 2
-34.003799 87.040199 -26.084299 1
-31.360601 75.047447 -26.820173 1
-13.120525 53.842907 49.732986 3
28.119827 6.4313879 59.989143 0
78.364258 -96.4431 114.1508 0
25.848 11.6732 56.5257 0
35.980598 -58.586102 94.846901 0
-14.8941 55.770027 69.088547 3
-44.111748 87.073181 -20.610567 1
46.424477 -72.138496 98.600548 0
42.854385 -67.756042 97.036423 0
-51.773338 73.232018 -14.586126 1
-50.892426 86.805717 -19.938915 1
44.558628 -51.74678 102.18542 0
31.061001 -50.45425 92.980453 0
-3.4865 57.136749 3.8503499 3
-8.2550001 77.9412 -58.8414 1
46.492199 -57.9231 105.0125 0
1.4375 30.8251 28.5268 0
-21.482632 63.146164 111.76279 3
-57.956337 73.28083 -10.320257 1
0.918194 34.890358 23.970463 0
-20.410999 63.773499 104.7936 3
-16.31205 64.272156 95.562401 3
2.25845 82.112015 -154.02109 2
0.74479997 73.774399 -39.438 4
-90.042648 67.0979 -10.796825 1
-9.366251 85.593674 -53.990749 1
8.0386 6.2680998 56.083801 0
-18.071466 59.730865 102.98062 3
0.53220803 71.905495 -34.059502 4
-4.8697 79.404449 -68.740845 1
60.00375 -84.540131 103.39047 0
74.622803 -93.723999 113.4546 0
9.2857046 1.478281 58.720016 0
37.879299 -21.9319 83.234596 0
16.159302 -14.2384 75.199097 0
-4.7830501 55.907925 8.0906754 3
-26.296902 86.738297 -33.485401 1
53.393002 -79.674896 101.6789 0
14.256717 -10.622585 70.865562 0
-19.711832 85.543907 -39.685635 1
8.11868 94.162827 -134.91202 2
1.37475 104.41855 -151.2478 4
84.07 -100.1398 114.6242 0
2.760433 58.678452 18.8475 3
-60.142715 85.10611 -16.352005 1
-22.402918 62.9086 120.1402 3
-22.623899 61.4949 128.89079 3
-73.115952 80.464005 -15.827351 1
19.831619 -20.558559 80.75621 0
58.129799 -75.009598 110.5085 0
-15.355634 56.667164 79.650871 3
-76.929375 78.505966 -15.174442 1
21.8414 -25.63435 84.093552 0
-0.65619999 47.141201 7.7409 0
1.446283 58.598503 31.061165 3
5.8565202 94.276077 -138.47839 2
-1.8709 50.178104 1.534954 0
-17.777096 59.573242 98.664291 3
-2.6616001 59.5877 56.070099 3
-64.865997 83.467346 -16.503201 1
63.40649 -81.259224 112.06503 0
-14.3126 84.9636 -46.2356 1
-3.8017001 61.021099 -20.903099 0
90.544426 -105.65941 113.76993 0
1.261313 92.282944 -124.87794 4
11.233126 -5.4387999 64.7024 0
-7.9004998 54.655701 16.322899 3
2.3580649 58.536392 22.850576 3
0.79525399 58.901886 35.280014 3
-10.989426 63.056122 80.270401 3
5.7777252 93.465546 -121.57625 2
-12.2966 53.3923 39.790798 3
-1.0786999 85.9683 -67.870201 1
-2.3613999 59.540501 -3.5257001 3
-3.9788001 62.910149 -24.74255 0
-13.084733 64.1185 87.486481 3
0.76092499 92.647903 -149.29581 2
15.5592 42.9053 18.814899 0
-54.799145 73.104263 -12.404434 1
-3.309567 85.939735 -64.280167 1
85.042198 -102.68705 112.11861 0
66.429695 -89.473389 105.79156 0
33.075401 -54.007599 93.739502 0
8.5105 94.836899 -125.8104 2
33.614399 -13.9396 79.531197 0
23.731199 -33.012299 86.961098 0
4.0459709 75.049179 -39.36002 4
-1.0584 58.88205 46.881752 3
-77.256767 71.5382 -7.9661331 1
45.481972 -54.996025 103.41628 0
16.255138 40.335754 21.810436 0
-91.611732 67.454391 -13.852516 1
-0.19840001 58.799301 42.7994 3
-82.054825 69.766495 -9.0575008 1
6.9341998 69.053452 -26.262299 0
80.884003 -98.764725 114.19032 0
-21.097065 63.2034 108.36354 3
12.118466 50.611485 8.5083332 0
3.3499 59.266499 12.0525 3
10.242874 59.553528 -8.4836998 0
-4.8662591 60.763 63.863899 3
7.7535 67.064896 -22.62355 0
2.8285 77.821701 -45.829201 4
20.896271 26.044786 41.458847 0
-36.272301 86.304298 -23.837799 1
-20.20545 60.512779 112.9897 3
4.4162998 100.92107 -155.35791 4
20.026226 29.272026 36.874748 0
-2.85695 53.50235 -4.9767499 0
-33.285149 75.153793 -24.2729 1
-20.875799 77.073402 -35.096199 1
11.766518 53.64336 2.5919781 0
42.789848 -43.583626 98.451202 0
1.8487 32.676201 26.1078 0
-12.72025 53.552399 46.614025 3
-11.09885 53.384201 31.697849 3
-24.153299 75.892746 -32.593151 1
71.928055 -93.548706 107.53775 0
-83.236313 74.914268 -13.678623 1
-2.9184501 58.041252 1.03565 3
11.6768 55.006199 -0.064400002 0
-86.890335 72.355904 -13.539884 1
-2.9261129 55.027199 -7.8180718 0
15.576534 -12.431416 72.933723 0
-6.6356502 79.1259 -61.014603 1
10.4958 58.108398 -5.941 0
3.767417 105.1132 -149.72839 4
0.2219 103.7882 -154.47839 4
-4.2667999 64.609703 -27.114401 0
19.053524 34.93005 28.038876 0
21.340549 23.7418 44.493797 0
-14.844409 55.540253 71.958305 3
0.209425 40.298698 17.909149 0
-1.5711 48.444 5.4120998 0
21.107901 -22.978399 82.602097 0
27.196016 -42.18288 90.539825 0
8.8261709 3.7403581 57.158138 0
2.4728999 24.624001 34.3713 0
-66.719177 73.730499 -7.5179338 1
2.6926439 59.639507 4.8774438 3
-18.1938 76.603798 -40.195301 1
-22.141602 61.18 122.26585 3
-21.6492 63.0769 114.7301 3
0.220725 89.205849 -155.17761 2
43.720707 -49.342968 101.18979 0
1.640383 99.07959 -155.14375 4
-16.394978 58.365238 92.000351 3
25.805893 -38.738285 89.09053 0
-41.431438 86.283936 -21.213068 1
57.745049 -83.0867 102.917 0
19.450699 31.65275 33.196548 0
0.44452199 43.115681 13.382251 0
-14.535007 55.135239 66.434929 3
31.501148 -9.3135004 75.890854 0
41.263515 -38.569321 95.257385 0
-3.2699139 57.571602 -13.018707 0
-71.25013 72.978661 -7.8705058 1
49.983601 -65.554199 107.8361 0
52.243961 -69.509544 108.76624 0
-6.7923388 61.509972 69.40329 3
55.227901 -81.254097 102.6633 0
3.5824001 104.4406 -152.8416 4
-8.8915997 53.538651 22.9818 3
18.369301 36.620499 26.1115 0
-16.018776 76.700714 -44.571774 1
1.931563 28.829437 30.211376 0
2.8461001 79.637703 -147.00369 2
29.887722 0.483042 66.012985 0
3.6217749 79.601448 -142.18378 2
3.1359251 21.680992 37.711754 0
88.334198 -104.7376 112.9479 0
-2.3314309 59.340931 53.061371 3
-22.2857 63.0144 117.6358 3
-13.749374 54.205376 58.662998 3
29.485199 3.3801 62.307152 0
40.659698 -34.162601 92.6241 0
-15.360545 56.627426 77.129448 3
17.291649 -15.54465 76.980598 0
-92.210312 66.171921 -11.741858 1
38.622746 -24.480204 84.403214 0
30.549351 -2.3464999 68.79055 0
-17.604664 64.243347 97.893265 3
0.31225801 70.198624 -32.337769 4
-15.510468 64.3032 93.273369 3
2.0630751 60.056549 0.080825001 3
-79.651398 70.481789 -8.5589819 1
2.2822809 80.641151 -151.78357 2
7.178 12.091 51.932854 0
5.6581998 71.7061 -31.4977 0
40.754902 -65.348602 96.601402 0
-2.5701001 58.858501 -1.2553999 3
13.0594 47.910099 12.3369 0
-21.0812 85.993698 -37.805901 1
85.599449 -101.98732 114.52632 0
9.1881742 62.063305 -13.835402 0
-21.461601 61.042252 118.76285 3
-37.930817 75.871651 -19.037018 1
-2.8829 61.3297 -8.4766998 3
34.453964 -56.136547 94.004707 0
2.1836369 83.503983 -155.98502 2
6.106751 14.3079 48.718643 0
8.868475 93.950195 -132.74298 2
-24.309126 86.191978 -34.536686 1
-13.003089 77.151184 -50.197929 1
92.688034 -105.82671 114.53755 0
-14.057958 54.453117 61.137825 3
-22.481501 61.387199 126.6341 3
67.703979 -85.906631 112.34738 0
0.18795 87.133148 -156.0773 2
1.6234 60.186199 -2.1887 3
2.9106331 58.969452 16.2208 3
-13.441662 53.852913 53.652786 3
20.1628 30.530001 35.002399 0
73.915703 -94.317001 108.2207 0
76.441193 -95.323875 113.91592 0
22.663475 17.678368 51.561501 0
-18.31015 86.119247 -41.50275 1
8.6546497 64.197006 -17.266693 0
1.4754 95.041603 -124.4588 4
-8.2969131 61.8088 74.837509 3
-28.055908 87.111351 -32.23756 1
-8.1745672 85.646729 -55.808563 1
39.323639 -28.080347 87.339714 0
-0.384177 45.774429 9.4000034 0
27.661158 8.013258 58.571934 0
61.746712 -86.267525 104.15995 0
32.404202 -52.179024 92.819572 0
-15.618862 57.203152 81.713036 3
-12.008238 53.372227 37.663761 3
5.1146111 72.629837 -33.811771 4
-1.385546 49.099129 3.3815711 0
-22.880276 61.824825 130.98767 3
77.335251 -97.119904 109.2071 0
-0.92519999 59.295792 44.797791 3
-3.3568499 58.525948 -14.944201 0
62.715385 -79.339478 111.16966 0
-13.045833 85.51413 -47.917675 1
13.5798 46.732601 14.4033 0
-6.3455 85.696701 -58.737499 1
4.1011 107.2668 -149.0527 4
4.1097999 18.42905 42.419899 0
3.7331331 88.71875 -123.31041 2
11.8867 -7.0050001 65.909203 0
-22.622152 76.745934 -33.808132 1
45.028637 -70.576775 98.017349 0
36.113869 -18.639175 81.494675 0
7.2905998 67.993652 -24.5198 0
9.8351421 -0.82168299 60.049416 0
-17.5931 59.397202 96.6157 3
65.137611 -82.451767 111.80658 0
4.6855502 17.121651 44.8284 0
40.073997 -29.9587 89.137352 0
89.863503 -103.9421 114.6191 0
37.0275 -20.4147 82.188499 0
7.7484002 7.8302002 54.822399 0
80.103798 -99.352097 110.2731 0
59.683525 -76.419937 110.67766 0
-85.087852 73.593933 -13.603784 1
2.7578371 60.028351 6.8992329 3
19.271368 -18.926966 79.672165 0
-15.456066 85.621689 -44.559219 1
-16.061131 57.818176 87.920273 3
2.3989 90.997101 -123.8896 2
3.828604 87.351852 -125.01086 2
-2.24155 85.971947 -66.308594 1
12.39245 49.625351 10.2351 0
3.98575 98.943604 -155.3389 4
30.023199 -48.373501 92.674599 0
5.1392689 82.377495 -134.65495 2
42.552803 -45.457802 98.85685 0
5.036097 83.157944 -130.83737 2
-10.880401 77.633965 -54.106449 1
21.947754 20.40752 48.743683 0
38.247284 -61.62167 95.636185 0
0.55010003 37.246281 21.524948 0
-14.3596 64.123154 88.922813 3
2.1773 94.231903 -144.0715 2
28.7407 4.8943129 61.401375 0
-8.0051003 53.964348 18.39925 3
24.309299 15.0023 53.985401 0
-45.993248 86.996216 -20.841862 1
20.598499 27.380699 39.805698 0
-9.2793999 77.859955 -57.249748 1
-19.193701 64.090401 102.3467 3
-20.353451 63.833649 106.6818 3
-9.7040005 53.5998 25.782249 3
-83.887802 69.681549 -9.7388496 1
26.568018 -40.625053 89.733429 0
-56.375401 73.104179 -11.289833 1
20.537701 24.66934 42.803741 0
29.336449 -46.611374 92.095924 0
-28.091499 74.8778 -29.891001 1
-49.029076 87.039375 -20.349499 1
2.9140999 59.064617 14.2828 3
47.951149 -61.547951 106.4718 0
-1.356425 58.987747 48.774651 3
68.005112 -90.700058 106.1823 0
31.1091 -6.2574 73.4645 0
-18.4499 60.211601 106.4612 3
44.937275 -53.516991 102.49025 0
26.531525 9.8577452 57.562012 0
2.3829 106.53665 -149.54683 4
23.540567 -31.376011 86.221222 0
1.2188669 93.273201 -147.52081 2
-50.198273 73.016319 -15.427345 1
-78.886131 77.564865 -14.858116 1
7.1783319 95.333023 -124.32639 2
-22.594299 62.8428 122.7559 3
-5.4046001 79.021896 -66.775803 1
-59.637825 73.3237 -9.5384235 1
-18.4568 59.586399 104.711 3
-12.1839 63.807198 85.987801 3
6.2909999 13.4426 50.485802 0
-13.2149 53.798851 51.896149 3
-21.99971 61.138386 120.44675 3
9.7375002 60.190544 -10.052442 0
-90.193939 69.185471 -13.808603 1
4.6476231 84.495705 -128.35271 2
55.498352 -72.886185 109.72018 0
-5.7535071 55.177185 11.006823 3
-69.065002 73.074799 -7.4580998 1
30.294632 -0.90703303 67.358528 0
-62.187901 73.466499 -8.5607004 1
32.921799 -12.5243 78.755898 0
-17.3526 59.452599 100.3636 3
50.8722 -67.278503 108.4172 0
-54.778088 86.267441 -19.039175 1
-36.580551 75.416626 -20.482124 1
11.057064 55.454052 -1.884804 0
64.970245 -88.343765 105.33185 0
24.408522 -34.467979 87.649048 0
6.8534999 94.611504 -136.84531 2
-2.2794499 53.9072 -6.5718002 0
-30.193962 74.897057 -28.107269 1
43.844772 -69.099304 97.508324 0
36.979721 -59.954826 95.246941 0
45.992596 -56.444939 104.20647 0
-48.459801 73.322952 -15.9893 1
0.75669998 60.9394 -6.2063999 3
3.3431001 20.7736 39.1577 0
11.484673 52.416729 3.7560141 0
-52.693726 86.588692 -19.487637 1
-16.081432 58.04464 90.356995 3
47.488701 -73.543999 99.292847 0
-42.141102 75.116798 -17.5233 1
73.288147 -92.675354 113.54995 0
-20.799875 60.759876 114.59788 3
-4.0570002 85.798698 -62.317799 1
56.837067 -81.702515 102.38333 0
10.561575 56.914738 -4.75805 0
19.8985 28.285999 38.225101 0
2.2056999 58.326401 24.6024 3
48.739979 -74.843719 99.773415 0
19.051491 33.765911 29.313309 0
-11.663426 53.72982 33.52486 3
-34.789902 86.867897 -24.311899 1
-44.862404 74.244888 -16.540703 1
11.809805 51.258415 6.8272681 0
47.207443 -59.602726 105.50137 0
-32.748562 87.02787 -27.176142 1
2.7945499 23.2621 35.3741 0
2.9662831 105.4527 -151.12097 4
0.75722498 36.076935 22.8494 0
42.106018 -66.42453 96.447731 0
2.4869001 59.469601 3.1457 3
51.9813 -78.3694 101.1766 0
1.8235 58.403801 28.646149 3
1.035139 33.746578 25.121145 0
56.968262 -73.982491 110.02185 0
-22.2449 61.118999 124.4201 3
-0.12800001 42.429901 15.1735 0
-9.6350994 62.653 78.82785 3
0.31 101.8287 -155.0829 4
12.8863 -8.7327003 68.851196 0
35.798416 -57.136772 93.93248 0
-4.9915142 60.98967 62.033085 3
-13.7502 76.950798 -48.798801 1
-34.107899 75.3134 -22.893469 1
-15.746983 57.492493 85.984833 3
0.128039 41.435093 16.560356 0
-10.808599 53.343651 30.14575 3
69.397102 -88.13118 112.91834 0
83.637604 -101.8256 111.552 0
-3.6702001 60.1763 58.791698 3
-3.6737001 57.565376 2.35625 3
0.657125 100.30253 -155.11772 4
-53.570301 72.762497 -13.302 1
-14.400745 54.889053 64.899536 3
-92.563194 66.228531 -13.250034 1
16.9799 39.3284 23.321899 0
-37.4827 86.373703 -22.713699 1
0.38199201 74.611031 -40.664707 4
8.0489998 66.440399 -21.2621 0
51.119499 -77.092102 100.49625 0
0.52832502 73.318756 -38.005447 4
-3.406677 60.310135 57.24102 3
-75.377197 79.349518 -15.6741 1
40.122047 -33.191582 91.599152 0
41.581181 -39.792755 96.083183 0
30.946251 -4.8751502 71.697502 0
31.317484 -7.9785671 74.839615 0
3.012567 59.354328 10.392296 3
9.1422663 94.276672 -128.68457 2
-21.951126 62.459305 116.06544 3
-5.3899002 55.599964 9.613533 3
25.0324 13.4519 55.2299 0
-2.5136001 59.759998 54.5923 3
-25.343821 75.804413 -31.70507 1
-3.9747 62.145302 -22.4384 0
-0.32730001 44.242699 12.8004 0
13.566626 -9.8960094 69.770058 0
-17.391199 76.462196 -42.163399 1
-10.994275 63.347603 82.368622 3
-31.957998 74.932655 -25.474676 1
-7.4038959 78.614326 -59.873161 1
-14.7201 55.1856 70.419998 3
-9.0661507 53.953823 21.561974 3
8.6552153 5.009119 56.471268 0
19.426834 32.232117 31.8613 0
-57.490299 85.780197 -17.398701 1
-22.9478 62.7061 129.61819 3
14.64475 -11.573333 71.887268 0
70.911728 -92.565643 107.25377 0
4.777535 94.662926 -139.7836 2
-21.514984 63.182556 113.27606 3
53.589985 -70.262604 108.69563 0
0.39359999 91.823898 -151.1292 2
44.377975 -50.619415 101.26712 0
43.241016 -48.375473 100.24158 0
-19.638004 60.418522 109.42004 3
1.21051 58.534447 33.85392 3
4.3284001 56.827049 -17.779301 0
12.2638 48.667599 11.4281 0
25.314325 -37.412926 88.911949 0
9.0246 63.151402 -14.9903 0
-7.1669002 85.618698 -57.272652 1
-39.18 75.8908 -18.166 1
-86.969116 68.43502 -10.199651 1
0.44948199 89.844398 -153.75635 2
2.8620999 79.38707 -145.27234 2
4.8834 83.626701 -129.44231 2
5.6638918 70.620094 -30.59758 0
0.40599599 39.378143 18.988625 0
-65.276268 73.746582 -7.558609 1
3.3318119 79.637436 -143.55923 2
-14.5878 55.036274 67.835846 3
-6.163662 79.619797 -62.241859 1
-23.218399 62.569599 126.7937 3
2.8108001 58.707699 21.307699 3
1.6086709 103.60943 -154.94424 4
72.204285 -91.822449 113.40739 0
26.5203 8.8114004 58.513626 0
-5.6240249 78.959129 -65.411728 1
9.2792931 2.6142859 57.931217 0
-22.532974 62.399002 121.45138 3
4.4353499 17.796749 43.652824 0
-19.888399 63.770699 103.5181 3
-9.6498499 54.05772 24.007364 3
-16.708679 58.639091 93.312263 3
3.4526 79.98645 -140.85873 2
42.132725 -42.262543 97.464745 0
-72.713928 72.887756 -8.2298717 1
8.5179996 64.669197 -18.8158 0
21.193001 21.127001 47.857601 0
16.143 41.447601 20.8941 0
-18.28245 59.747803 101.4882 3
40.589359 -64.008148 96.04985 0
-11.9598 54.090626 36.084923 3
2.2163329 27.795408 31.080454 0
10.5531 -3.2474 62.6371 0
-12.1452 53.3736 41.170799 3
3.0188 22.638676 36.549458 0
3.6196001 76.385201 -41.525002 4
-14.130793 55.008255 59.910667 3
2.3215001 59.82935 1.7139 3
-3.381 56.992699 -11.8106 0
10.063576 0.5582 59.43185 0
-88.692352 67.109756 -10.51985 1
38.184177 -23.317719 83.669395 0
-2.4658999 50.849499 0.49959999 0
58.773148 -83.884499 103.21436 0
-42.549549 86.994339 -21.053005 1
-1.27785 47.717899 6.71105 0
5.257453 16.087742 45.807163 0
-7.6315398 61.605457 70.515312 3
41.242104 -37.388374 94.645493 0
22.468149 -28.345501 85.103104 0
-60.821701 73.195198 -8.9514999 1
89.538353 -104.56738 113.47749 0
-58.869881 85.016556 -16.705399 1
-13.818933 54.707836 57.440933 3
-4.3910999 56.184101 6.7389998 3
79.27787 -97.396873 114.19061 0
-19.9555 60.42783 111.50909 3
86.582001 -101.8387 113.6566 0
2.918 104.2406 -150.6013 4
-12.94655 53.640076 48.394928 3
2.7262499 77.323723 -44.356674 4
3.9906869 96.895454 -124.11959 4
8.5122499 94.069679 -126.87991 2
0.61799997 71.982399 -35.6343 4
6.309525 14.955819 47.5933 0
84.566597 -101.2202 114.0663 0
68.456993 -86.959129 112.56757 0
78.385956 -97.86425 109.51135 0
0.727925 58.729378 36.593876 3
13.029495 46.950542 13.229984 0
-22.9925 62.629601 128.3105 3
-63.193192 84.069656 -16.38349 1
1.818725 29.886776 29.4547 0
18.23365 -16.32725 77.43399 0
91.488701 -106.50024 114.0874 0
-67.981972 73.740532 -7.8412828 1
-18.741882 76.846664 -39.0425 1
-13.1622 53.875301 54.918999 3
17.075474 -14.663605 76.01123 0
91.583847 -105.1676 114.51475 0
9.6351004 61.547401 -12.7267 0
-7.6485 61.550354 73.05442 3
5.4080672 71.879532 -32.738945 4
0.787 58.8461 37.9217 3
2.9843371 98.857269 -154.5639 4
1.358824 59.010227 29.839453 3
2.5625739 92.993591 -144.74362 2
-16.624525 76.641243 -43.35516 1
3.4697001 75.639702 -40.317402 4
-19.903599 76.98233 -36.738159 1
4.94245 80.894058 -137.35956 2
31.649834 -10.337574 76.897285 0
29.8897 1.3658 64.716202 0
-45.024071 86.205681 -20.640575 1
34.043037 -55.0732 93.431793 0
16.092199 42.106899 19.635099 0
-9.9913998 85.551498 -52.729 1
-0.018449999 58.740448 41.454948 3
39.612148 -29.008438 88.13176 0
55.041451 -71.80835 109.27557 0
-6.2946501 61.181999 68.305405 3
-18.053326 64.220551 99.1539 3
75.403671 -94.717369 113.5791 0
-11.338 85.843597 -51.173401 1
-17.817188 77.248421 -41.2967 1
4.3923998 105.9954 -149.08031 4
2.3468001 79.886101 -150.73061 2
-14.6884 76.986298 -45.289799 1
22.6439 18.4704 50.6106 0
-20.097599 85.830399 -38.53735 1
0.43520001 70.876373 -33.383301 4
4.1291499 85.275223 -127.45963 2
63.453899 -80.326118 111.19474 0
82.892029 -100.67283 111.26093 0
6.3859749 69.968704 -28.212612 0
11.019433 -4.6417499 63.792984 0
21.569025 19.60535 49.820351 0
4.2119002 74.658569 -38.210903 4
5.23699 81.444626 -135.63028 2
-8.6419001 85.078598 -54.826801 1
-14.299142 55.052765 62.172691 3
-51.62487 85.985817 -19.41011 1
-19.021351 63.492874 101.2976 3
-2.4786999 51.558601 -0.99680001 0
10.634951 -1.5563 60.602997 0
2.291167 81.194717 -152.86862 2
82.135681 -99.487381 114.2274 0
-17.1749 59.0145 97.688499 3
29.4734 2.6781001 63.770199 0
-78.510933 71.061165 -8.3829327 1
4.4001002 19.166201 41.506104 0
2.8113 58.8979 20.0354 3
2.3659999 105.1686 -150.0576 4
4.5741501 72.702827 -35.113075 4
-91.081161 66.394516 -11.386646 1
22.263975 -26.883511 84.402199 0
-93.284393 65.526993 -11.982967 1
21.514351 -24.688499 83.144394 0
-72.074661 80.955025 -15.490995 1
49.2869 -64.184097 107.4803 0
-82.016647 75.791801 -13.841808 1
1.395638 60.459801 -3.423775 3
8.8955002 63.405949 -16.281601 0
70.421249 -89.436203 113.15456 0
10.5351 58.840801 -7.0890002 0
-2.0132999 59.129002 51.726601 3
38.674953 -25.31679 85.25174 0
27.6849 -43.2644 91.2108 0
60.866394 -76.528549 110.77426 0
-70.126404 73.347572 -8.0103378 1
27.175426 7.4221749 59.484123 0
-39.744999 86.499802 -21.2939 1
-70.195938 81.847435 -15.633541 1
1.9278671 60.495304 -1.009896 3
4.1525688 74.085449 -37.044472 4
25.680813 10.608938 57.109222 0
64.122574 -82.165604 112.33605 0
4.0714331 21.167351 38.2626 0
4.1223841 88.397667 -124.37457 2
-47.417233 87.055 -20.504057 1
-16.848049 58.753952 95.8508 3
-88.311272 71.16407 -13.856786 1
3.3033791 104.40716 -151.6888 4
18.632 -18.277599 78.859703 0
-12.459659 77.812897 -51.243446 1
2.2911501 25.3505 33.230598 0
-17.29105 64.17141 96.435608 3
26.782675 -39.705189 89.05957 0
2.7568929 59.662701 15.262754 3
-4.0423999 63.816898 -26.119232 0
-15.10818 64.353714 91.871384 3
7.4836998 94.375298 -124.90126 2
93.627296 -106.49937 114.60355 0
-29.008734 87.182121 -31.584757 1
-22.669209 61.64146 125.52289 3
40.744598 -35.265163 93.180054 0
-2.9070499 59.236198 -2.4776499 3
0.36379999 58.9655 40.300999 3
8.545208 93.897308 -133.84758 2
86.007202 -102.16678 112.47249 0
-65.937729 83.167435 -16.211342 1
-12.708992 53.701721 44.938587 3
0.40325001 88.283104 -155.83588 2
-25.292334 86.730835 -34.040668 1
47.593044 -60.616608 105.86753 0
79.44455 -98.255051 109.68625 0
-16.089872 57.999348 89.21769 3
-23.37974 86.177429 -35.303665 1
3.4737749 102.68982 -155.17419 4
39.79195 -31.024811 89.465088 0
-43.145699 86.349602 -20.338699 1
92.606636 -106.92738 114.29297 0
25.467657 12.449615 55.518955 0
3.0636001 58.989201 13.166 3
7.255867 67.139694 -23.7829 0
18.364603 35.537876 27.042746 0
-29.270254 75.026215 -28.998253 1
-12.1206 53.495998 42.4487 3
-4.0099502 56.592751 5.5137 3
-76.136902 71.610657 -7.9257998 1
-15.6074 56.984699 82.8144 3
28.749599 -45.655201 92.061996 0
30.9676 -5.4443998 72.704399 0
-47.478149 73.918396 -16.503601 1
2.9716001 58.713699 17.3097 3
-7.0869799 54.490582 15.114621 3
-2.9626219 58.697186 -15.972275 0
-19.1229 86.151207 -40.410519 1
-53.683132 86.451195 -18.950533 1
-8.6406498 61.950203 75.886597 3
23.329174 15.096459 53.25457 0
-14.696283 85.577934 -45.368149 1
62.103569 -78.505783 110.76717 0
6.7992001 12.4545 50.8027 0
20.07275 29.919849 35.919403 0
-2.3959 59.971901 -4.5423999 3
-2.8167 53.0368 -3.9173999 0
-13.222271 54.040012 50.821571 3
-7.6771998 54.1054 17.357401 3
-31.6171 87.295799 -29.1064 1
-11.363785 78.217972 -53.311913 1
45.011456 -69.449509 97.555267 0
-3.1603751 61.852249 -9.8416748 3
2.4137499 83.072784 -154.51613 2
76.475235 -96.461853 109.07173 0
20.591671 23.965134 43.6357 0
-11.2985 63.262699 81.295464 3
82.943199 -100.20338 114.37847 0
-74.281166 79.836227 -15.577883 1
20.8354 22.8342 46.145802 0
47.343998 -58.693005 104.92104 0
-13.4856 63.9725 86.196098 3
45.936966 -71.255676 97.951172 0
77.449997 -95.807503 113.8573 0
36.100571 -20.077969 81.737183 0
30.924301 -7.1441498 74.059753 0
-4.38515 79.6633 -69.675125 1
-75.090675 72.185143 -7.7629881 1
-87.783897 67.646057 -10.143749 1
20.244801 26.6224 40.820702 0
4.6110501 80.404755 -138.72839 2
-27.093542 86.638077 -32.748924 1
39.162498 -62.488499 95.342697 0
-22.0938 63.040901 118.7027 3
-75.656456 78.43042 -14.984572 1
-13.2959 85.2901 -46.897301 1
13.8863 46.0173 15.1428 0
-21.74955 76.979225 -34.48011 1
1.2849751 58.597229 32.785717 3
67.014931 -84.882874 112.15781 0
87.372437 -103.99586 112.8354 0
-14.671113 76.815887 -47.185989 1
31.742208 -51.340374 92.789612 0
73.052124 -93.792923 107.87373 0
86.797203 -102.4886 114.619 0
-23.311817 76.36087 -33.091988 1
8.1121254 6.8958502 55.179199 0
15.12985 43.692699 17.8328 0
7.6662202 65.51133 -20.91338 0
28.335176 5.6311011 60.655769 0
1.228802 92.596725 -148.34142 2
19.380066 -19.952234 80.009865 0
-10.580025 53.556614 28.560062 3
15.55865 -12.92935 73.868896 0
38.929295 -27.421183 86.613525 0
-43.725052 74.923447 -16.442299 1
7.4972529 94.340897 -136.04216 2
-4.1069999 62.723701 -23.711 0
1.945961 92.555069 -146.5416 2
-11.786351 54.070667 34.522129 3
58.050201 -74.070099 110.0409 0
21.178215 25.304367 42.14909 0
-3.6111 59.7453 -18.231701 0
50.710602 -66.508751 107.7238 0
-77.853905 78.15625 -14.827233 1
29.975601 -47.623299 91.945404 0
-15.363213 56.817802 80.773438 3
1.758 84.121803 -156.7339 2
-12.500074 85.591232 -48.816349 1
59.008148 -75.646454 110.49075 0
34.39135 -15.31425 80.2827 0
29.593895 -0.41739601 66.738342 0
27.484707 -41.437897 89.870415 0
24.481867 14.085209 54.447784 0
45.682968 -54.007004 103.16676 0
2.5555 79.387199 -147.96809 2
-12.196825 53.643898 38.645725 3
-63.061558 74.02269 -8.5781584 1
8.6831341 93.608971 -129.35892 2
3.2083001 59.8438 7.8099999 3
46.825798 -57.093178 104.36877 0
90.673653 -104.5732 114.52075 0
-0.644023 46.611858 8.6247091 0
-86.003014 73.121429 -13.601503 1
63.118114 -86.600273 104.62035 0
14.591362 44.5229 16.920612 0
-79.851097 77.043098 -14.5025 1
2.8664789 59.822662 11.291759 3
-49.50399 73.647812 -15.89793 1
37.628197 -60.731339 95.396034 0
3.3141 76.528099 -44.0984 4
-22.631153 61.666351 127.60449 3
-3.6134379 60.52874 -20.029316 0
80.225517 -97.986717 114.19636 0
-7.645 85.081047 -56.551147 1
3.6462331 89.382469 -122.54224 2
6.4218249 93.984222 -137.68311 2
-61.3409 84.781097 -16.2439 1
-6.80615 54.711334 13.924966 3
0.82761502 91.952179 -150.03391 2
65.931946 -83.240891 112.12469 0
-5.2437 60.8447 65.322701 3
7.4306002 8.7639999 54.587399 0
-2.51085 52.63855 -3.0016999 0
-25.017839 76.412598 -32.446327 1
-32.206871 87.173508 -28.039072 1
20.159252 -21.44487 81.126114 0
-1.6934251 49.628098 2.57725 0
46.240993 -55.475918 103.87999 0
-9.9141502 77.82515 -56.13475 1
2.8205831 59.894276 5.8451252 3
45.036072 -52.619591 102.02553 0
-20.882725 63.402973 109.32635 3
1.588235 34.171963 24.184893 0
11.579425 54.09948 1.606025 0
48.420506 -74.014984 99.303284 0
-20.700451 63.527802 105.78965 3
56.560852 -73.146774 109.6427 0
-34.600117 86.805115 -25.31362 1
35.763901 -17.725401 81.277298 0
-82.945915 70.018738 -9.4608002 1
-0.83652502 59.011391 45.753723 3
7.0878 68.403198 -25.4144 0
80.965202 -99.900101 110.4797 0
-40.719063 86.927124 -21.4877 1
11.988894 49.851219 9.2720661 0
-0.105 103.01735 -155.01985 4
-10.457075 77.813995 -55.110001 1
2.0854001 58.380901 25.641899 3
0.70459998 90.784309 -151.70859 2
-34.015503 75.754761 -23.964947 1
-22.852417 61.784733 129.995 3
-0.063100003 42.938301 14.2161 0
89.078499 -103.3619 114.7924 0
-2.557075 58.385674 0.182125 3
55.4235 -80.895103 101.7639 0
-18.5905 64.1856 100.7428 3
-16.128948 58.013893 86.957794 3
-21.388699 60.78635 117.62704 3
4.0379128 86.66732 -125.80287 2
-4.68995 85.264442 -61.770248 1
30.504202 -3.1452329 70.030548 0
48.61235 -62.356678 106.3668 0
5.42625 81.841904 -133.88596 2
-0.46842501 59.060135 43.704033 3
4.0834842 101.74323 -154.94308 4
11.8834 52.866299 4.5247998 0
-1.0826 85.056885 -68.310799 4
1.176 32.495602 26.7899 0
67.106026 -90.153824 105.9491 0
-35.837345 75.720772 -21.134003 1
-19.050392 60.161472 105.70327 3
-15.12895 76.499878 -45.995598 1
0.60948199 89.747772 -152.81096 2
-9.2784996 62.361801 77.983902 3
-3.4143 58.037827 -13.845575 0
20.132324 27.753075 39.053947 0
71.959198 -92.523048 107.5536 0
11.6266 55.184101 -1.0052 0
-3.5994501 64.537262 -27.79575 0
11.724948 50.605518 7.5202541 0
1.085533 99.505402 -154.4928 4
-49.899349 86.873131 -19.994699 1
56.206764 -80.990593 102.41885 0
-15.1864 55.981098 75.7342 3
23.297405 -30.45726 85.860458 0
61.045734 -85.650948 103.98405 0
39.833637 -32.839966 90.748444 0
65.573883 -89.059059 105.49334 0
-41.392033 75.581726 -17.912912 1
-1.1575 59.195774 47.771324 3
10.951468 55.952148 -2.8597839 0
-20.826918 60.866684 113.61184 3
-16.246099 64.528603 94.613602 3
-89.036964 70.576729 -13.703946 1
37.393696 -21.362896 82.638374 0
-65.919846 74.098366 -8.1554003 1
17.8246 37.313999 25.6136 0
2.6317 105.8675 -147.9556 4
30.731812 -49.606377 92.725525 0
11.81085 54.614449 0.84885001 0
42.729813 -44.6049 98.494293 0
19.004551 32.36058 31.028133 0
29.335152 1.18795 65.574371 0
-19.038607 60.29937 107.2578 3
-15.8925 85.435097 -43.745998 1
46.837502 -72.865501 99.0317 0
-3.0897 55.755699 -9.1630001 0
12.17015 -7.5377002 66.872803 0
-15.039 55.689426 73.053474 3
-19.659767 60.404736 110.35903 3
-30.890881 75.481552 -27.724796 1
-13.6226 54.223 59.592602 3
20.6329 -22.519901 81.935654 0
-3.8869331 85.217285 -63.379219 1
12.073969 48.757721 10.395134 0
-9.8973999 53.374401 26.7019 3
-11.731958 63.541882 82.913155 3
43.620663 -68.289108 97.080887 0
89.616096 -105.4947 113.5132 0
2.31565 26.00005 32.4342 0
-4.9006 79.117798 -67.638199 1
5.254015 93.974586 -139.38829 2
-2.9678221 59.954407 53.787506 3
-18.843882 60.009396 103.74402 3
-21.075249 60.895451 115.52534 3
2.307483 106.51205 -148.62718 4
9.8825998 60.484798 -10.9147 0
21.1796 23.324501 45.298576 0
2.6545751 77.588951 -46.701851 4
54.583199 -80.687897 102.3326 0
51.996857 -77.632431 100.54178 0
-10.102217 62.849583 80.041168 3
-7.0225 85.387001 -58.148201 1
-5.3259501 85.587051 -59.809471 1
21.781149 18.986225 50.462273 0
-20.370501 77.302696 -36.001999 1
85.783401 -101.4137 113.8001 0
-15.587999 57.335373 84.981674 3
0.81947899 39.62521 18.003708 0
52.784859 -78.912766 101.33611 0
2.5060999 82.344597 -153.1738 2
12.369625 47.789925 11.653721 0
-3.7807441 60.451508 59.653923 3
40.972801 -64.831398 95.884598 0
-84.784729 69.174675 -9.6730652 1
-13.061347 53.998726 47.456978 3
-3.4047 62.143669 -23.296566 0
8.9279757 94.345917 -127.63723 2
6.1571999 14.0292 49.807098 0
1.918008 58.589066 27.720917 3
81.7957 -98.899155 113.6261 0
6.457418 95.812355 -123.99377 2
23.533136 -31.967537 86.906349 0
19.778137 30.986324 33.712502 0
25.052269 11.987167 56.175133 0
3.118587 79.627045 -144.43742 2
41.121899 -36.176102 94.209 0
3.1038749 24.028725 34.618176 0
-67.337486 82.679993 -16.191259 1
68.614777 -91.363251 106.47775 0
10.919149 57.7743 -5.2199998 0
-6.1587501 55.64415 10.322451 3
-10.928149 53.859833 29.418617 3
-55.647327 73.037659 -11.812791 1
0.072812997 44.270164 11.694804 0
35.398983 -57.623249 94.570305 0
49.496738 -75.465965 99.854469 0
-6.5715799 61.481182 67.344109 3
-1.3496521 48.723858 4.59479 0
-20.9014 63.407902 110.2998 3
-32.18663 75.452759 -26.186489 1
-7.145 61.497898 71.883102 3
-22.1579 63.1073 116.7597 3
-84.060822 74.582703 -13.6364 1
-83.186737 69.223801 -10.0543 1
11.5798 -6.2070999 65.616302 0
28.948832 2.8581669 63.0769 0
-21.652176 62.399403 114.15643 3
-15.2509 56.320801 78.2071 3
-21.696716 60.990128 119.61472 3
0.81997502 37.810776 20.441 0
10.647499 56.479492 -3.9932621 0
-35.499405 86.340736 -24.33024 1
-51.008385 73.312706 -15.238619 1
51.498299 -68.340698 108.6285 0
-57.28701 73.486397 -10.855662 1
13.702 -9.2051001 69.029846 0
-14.22755 64.31237 89.771576 3
64.593399 -81.195198 111.8338 0
0.1575 41.815624 15.733825 0
83.77742 -100.89828 114.2799 0
-90.781197 68.514999 -14.009 1
-0.36495 45.600647 10.293175 0
9.9020004 58.7757 -8.2651501 0
10.065874 59.951923 -9.2751751 0
2.1630001 91.436447 -124.61086 2
-9.7262249 53.87875 24.952824 3
18.98835 33.22155 29.995152 0
-22.996599 62.525181 125.4816 3
57.599274 -82.099426 102.54568 0
2.5716579 59.742249 4.0175672 3
41.53466 -40.914536 96.059731 0
8.3726997 4.4861999 57.179199 0
36.449898 -59.262352 95.204453 0
16.018055 -13.607088 74.568161 0
-8.2944002 53.7379 19.381901 3
-38.334499 86.863297 -22.518101 1
2.965343 76.929901 -45.386063 4
63.923351 -88.147202 105.13217 0
0.86431098 38.661423 19.170822 0
2.0084209 78.614517 -48.20385 4
-2.6179531 55.894535 -9.9463882 0
28.414038 -43.921696 91.064232 0
-14.72556 55.68634 67.276543 3
-2.8953249 54.454048 -6.8455749 0
1.673667 79.307465 -49.702801 4
1.021022 60.83654 -5.330133 3
29.747166 1.89285 64.04538 0
18.643845 34.14893 28.60969 0
-46.669846 86.625793 -20.451462 1
0.74400002 86.953697 -156.789 2
2.1886671 80.532074 -150.18149 2
21.976049 18.389 51.148598 0
6.9331999 11.1119 52.844002 0
-13.692949 54.761772 56.570076 3
10.966525 -4.3940749 62.966148 0
86.124039 -103.01719 112.43468 0
-11.851785 63.686768 85.080856 3
-7.9231 61.688801 73.856125 3
1.556004 33.139381 25.430056 0
-21.158298 85.679504 -37.011799 1
-11.3367 53.348999 32.520451 3
-17.471233 59.294037 99.530937 3
-22.8916 62.872799 123.8075 3
-27.397911 75.335205 -30.483109 1
-2.6681359 59.787731 52.417343 3
-2.6789 86.113197 -65.447502 1
7.3945842 9.458683 54.095848 0
-22.9527 62.311401 132.31256 3
-42.823696 75.045952 -17.020424 1
27.048763 9.2387743 57.832275 0
17.421074 37.581505 24.91469 0
71.804497 -91.072701 113.2556 0
-45.639153 74.331726 -16.2115 1
24.597168 -33.780483 87.189697 0
-1.8624001 68.504799 -31.5555 4
-11.7072 53.395901 36.873299 3
4.7147999 96.475052 -123.99765 4
62.453201 -79.871948 111.77193 0
0.66431999 36.605354 22.196741 0
-39.423576 86.854004 -21.991848 1
-15.0421 55.727699 73.943703 3
1.398183 58.649281 31.952118 3
-43.625324 86.829903 -21.254475 1
-15.585674 76.738152 -45.293251 1
33.840736 -14.873616 79.823387 0
88.340225 -103.57977 114.45297 0
-8.8894749 78.19838 -57.913925 1
-23.140301 62.576599 130.4259 3
-13.365484 53.823898 52.722389 3
-6.171 55.001053 11.9352 3
0.56400001 72.795097 -37.349602 4
-37.527905 75.459869 -19.6481 1
60.805801 -77.531197 110.7798 0
0.78375 84.751251 -157.17584 2
-4.667871 60.851643 62.794388 3
1.623425 83.146103 -155.28229 2
43.5783 -47.4715 100.36363 0
1.831948 79.027702 -51.391106 4
-4.1025 56.897148 4.7409 3
29.2743 4.0013752 61.789841 0
-16.343349 58.249279 91.174896 3
60.385437 -85.195053 103.75381 0
-17.829308 59.61451 102.17569 3
19.993519 28.603043 37.371864 0
-21.988199 61.0425 121.4577 3
-2.934 57.701 1.9979 3
-84.035263 68.926483 -9.4096832 1
-85.990524 68.070724 -10.0198 1
8.9533272 62.432053 -14.540886 0
39.4058 -26.746401 86.688301 0
-89.166328 67.612785 -10.978236 1
3.4462869 22.957693 35.786549 0
0.71936703 59.168709 34.063709 3
0.86124998 87.256653 -155.61115 2
-19.219601 76.638397 -38.2929 1
-62.103931 84.461555 -16.207438 1
4.6558781 84.421196 -129.40724 2
21.115032 24.613651 43.392918 0
-9.2981329 54.0853 22.344198 3
-3.6596749 61.397923 -21.624525 0
33.141479 -13.4685 79.046806 0
16.744984 39.756668 22.65765 0
8.878376 5.584043 55.924305 0
-58.377159 85.604507 -17.006031 1
-92.670532 65.688179 -12.637532 1
31.579576 -8.6191998 75.285995 0
2.5281 58.3792 22.0606 3
0.19679999 40.743099 17 0
0.32664999 100.99448 -154.53047 4
-6.8603129 78.510132 -60.478176 1
40.315662 -34.011215 91.884811 0
0.78116202 85.905334 -157.09698 2
21.681599 -23.5427 82.462952 0
24.4809 -35.3512 88.3097 0
20.427238 25.616829 42.204823 0
-63.792915 83.519287 -16.340168 1
4.4186001 73.409492 -36.621166 4
-80.420914 70.217941 -8.5726929 1
-72.106148 72.829254 -7.693666 1
-14.642799 55.066978 68.768326 3
70.091904 -92.22438 106.97783 0
-81.270103 69.960403 -8.8004999 1
27.933367 7.162344 59.350933 0
0.5388 71.657806 -34.83255 4
73.978394 -93.26857 113.2655 0
-16.7537 58.86235 92.531403 3
-55.60701 85.411995 -18.097099 1
11.432209 52.933937 2.7912829 0
41.429699 -39.354549 95.360001 0
32.263649 -52.738129 93.387146 0
-10.8915 85.837502 -51.894001 1
8.9956751 94.03244 -131.02689 2
20.935289 21.426134 46.938831 0
-1.4884 86.137001 -66.849899 1
-18.046379 59.671989 100.71959 3
72.899902 -92.283478 112.96075 0
-4.2435999 60.50935 61.511398 3
-3.9668729 60.607033 58.004925 3
43.080849 -45.807556 99.418991 0
-14.1947 77.164917 -47.914001 1
84.375504 -102.2905 111.8988 0
14.920333 -12.1241 72.580727 0
32.638149 -11.84105 78.17675 0
4.3792582 99.928444 -155.3064 4
5.81252 70.220589 -29.867607 0
0.19662499 69.758972 -31.672451 4
-3.7370999 60.347099 -18.821699 0
5.0650001 81.174301 -136.36929 2
5.6125998 15.4792 46.3983 0
-34.538101 75.332443 -22.213451 1
1.33415 31.610249 27.735149 0
-22.2551 61.162399 123.0848 3
-12.801498 53.732609 45.736832 3
-30.8806 87.4133 -29.8494 1
3.4918001 20.044399 39.4613 0
-56.868484 85.310287 -17.59433 1
5.0151291 82.682076 -131.77795 2
2.9317999 59.234505 9.6037626 3
94.430901 -106.992 114.3868 0
-3.6348 63.329552 -25.598301 0
7.8106999 66.394699 -22.187851 0
-5.7964201 61.348705 65.986023 3
-20.430458 60.716358 112.2485 3
-2.686033 59.031933 -16.713768 0
-81.157082 75.532288 -13.973783 1
-2.5864 60.41325 -5.7009501 3
-92.079369 66.780594 -13.56645 1
0.468575 89.42453 -154.44992 2
74.490974 -95.211868 108.382 0
-1.887733 59.480858 49.416122 3
-68.263336 82.388702 -15.913476 1
44.261326 -51.009647 101.95254 0
-22.987379 62.122711 126.17516 3
11.847625 51.699238 6.1643252 0
30.584656 -48.803684 92.307526 0
-20.297337 85.383255 -39.16996 1
30.30027 -1.706566 68.386993 0
2.414062 59.966824 2.5282309 3
-21.7216 85.714096 -36.433052 1
-2.301167 51.111202 -0.23353299 0
33.1119 -53.8172 92.968102 0
6.535759 69.376633 -27.265839 0
-32.709606 75.087776 -25.015455 1
43.85725 -48.487198 100.72964 0
-74.652954 79.13324 -15.342736 1
23.1175 17.3515 52.1236 0
3.3908999 75.746002 -41.099201 4
-17.569433 86.002617 -42.186497 1
-71.002396 81.433868 -15.33902 1
35.248306 -56.573536 93.844032 0
-13.622909 64.174629 88.637077 3
2.1996369 60.078186 0.97313702 3
-58.910606 73.324844 -9.8489904 1
9.3394871 0.94330001 59.299751 0
-87.316216 71.603203 -13.599339 1
-14.643633 55.581676 71.195328 3
-21.074699 63.375351 107.58005 3
27.808777 -42.779373 90.600891 0
-31.464001 87.110001 -28.297001 1
86.597702 -103.6461 112.70675 0
42.7108 -42.689301 98.093803 0
2.3678501 98.804276 -155.27267 4
22.311325 19.449724 49.606377 0
3.0103159 90.567429 -122.70288 2
12.735766 -8.5271339 68.106499 0
82.364044 -99.908699 111.18833 0
54.032902 -80.261703 101.9678 0
9.0010509 2.1966169 58.579437 0
2.329833 58.427567 23.833866 3
48.395699 -60.881699 105.8478 0
-11.133162 53.596836 30.943762 3
-52.933899 72.766602 -13.7599 1
-21.566813 62.541691 112.82786 3
-15.8637 64.290199 93.972801 3
