0.375777 0.231612 0.591089 2.000000
-0.073275 -0.061083 -0.987733 0.000000
-0.225650 -0.428294 0.088461 1.000000
-0.040607 0.037777 -0.336872 2.000000
-0.031300 0.091124 0.228436 3.000000
-0.001485 -0.238950 -0.119070 1.000000
-0.082790 -0.045018 -0.655919 0.000000
0.190538 0.058490 0.421763 2.000000
-0.043567 0.111984 -0.059303 2.000000
-0.093281 0.065166 0.506828 3.000000
-0.200490 -0.118431 -0.208826 1.000000
0.112622 0.242562 0.323183 2.000000
-0.247541 -0.257880 -0.047330 1.000000
-0.059128 -0.369662 0.019221 1.000000
0.230543 0.273019 0.477315 2.000000
-0.005261 -0.014324 0.075817 2.000000
0.010059 -0.124332 -0.263184 1.000000
-0.055870 0.003226 -0.822603 0.000000
-0.016675 -0.019585 -0.497304 1.000000
0.130194 0.080691 0.267337 2.000000
-0.067138 -0.011709 -0.167151 2.000000
0.016674 0.149495 0.087524 2.000000
0.287642 0.118624 0.525145 2.000000
-0.074723 0.024033 0.359531 3.000000
-0.155845 -0.043019 -0.321484 1.000000
-0.146003 -0.229964 -0.138659 1.000000
0.064033 0.184772 0.206710 2.000000
0.218872 0.188689 0.378917 2.000000
0.070937 0.038912 0.163626 2.000000
-0.001406 -0.089215 -0.382859 1.000000
-0.144217 -0.321943 -0.054885 1.000000
-0.116617 -0.023923 -0.432352 1.000000
-0.031474 -0.012214 -0.056314 2.000000
-0.083521 -0.167498 -0.214617 1.000000
0.036190 0.069187 0.009863 2.000000
-0.239462 -0.335134 0.028662 1.000000
-0.041332 -0.004458 0.176847 3.000000
0.454433 0.257319 0.656360 2.000000
0.009456 0.050048 -0.130945 2.000000
-0.019610 0.053633 -0.235858 2.000000
-0.239397 -0.181495 -0.117252 1.000000
-0.078397 -0.110968 -0.316036 1.000000
-0.052372 0.073550 0.113526 3.000000
-0.043617 -0.303904 -0.058656 1.000000
0.306711 0.280659 0.541988 2.000000
-0.065174 0.042185 0.017406 3.000000
-0.054599 0.011962 -0.582299 0.000000
-0.103701 -0.039897 -0.898053 0.000000
0.166391 0.164615 0.301211 2.000000
-0.132051 -0.426550 0.067841 1.000000
-0.094969 -0.042679 -0.749681 0.000000
-0.046433 -0.003603 0.271168 3.000000
0.288631 0.199994 0.476873 2.000000
0.017908 -0.176652 -0.182854 1.000000
-0.079520 0.073047 -0.133289 2.000000
0.246311 0.126385 0.444079 2.000000
-0.088086 0.002832 -0.265327 2.000000
-0.035074 0.097255 0.317532 3.000000
0.135992 0.035647 0.341794 2.000000
0.072612 0.010643 0.244752 2.000000
-0.041253 0.011380 -0.422020 2.000000
0.182672 0.265215 0.409162 2.000000
0.094931 0.119010 0.164260 2.000000
-0.032369 0.140254 0.017602 2.000000
-0.166484 -0.369775 0.008693 1.000000
-0.066800 0.084875 0.413992 3.000000
0.194422 0.111830 0.360271 2.000000
-0.137715 -0.101971 -0.261632 1.000000
0.060251 0.073320 0.086896 2.000000
0.345002 0.157420 0.590981 2.000000
-0.078295 -0.079365 -0.389431 1.000000
-0.074654 -0.257235 -0.119946 1.000000
-0.077562 -0.041666 -0.535227 1.000000
-0.061206 0.007890 -0.703420 0.000000
0.127719 0.149287 0.240471 2.000000
0.009415 0.178361 0.158128 2.000000
0.332120 0.207932 0.537670 2.000000
0.011835 0.045416 -0.055902 2.000000
-0.082272 0.053895 -0.205854 2.000000
0.083857 0.213233 0.267276 2.000000
-0.055412 -0.005848 -0.932649 0.000000
0.001952 -0.000167 0.009376 2.000000
-0.151352 -0.162303 -0.192330 1.000000
-0.060712 0.046906 -0.071581 3.000000
-0.024152 -0.052571 -0.435124 1.000000
-0.102694 -0.045180 -0.824207 0.000000
-0.189925 -0.273883 -0.078161 1.000000
0.225549 0.069852 0.477856 2.000000
-0.047581 -0.204881 -0.172194 1.000000
-0.084536 0.000354 -0.370877 2.000000
-0.215518 -0.314076 -0.030745 1.000000
0.030265 0.003225 0.128487 2.000000
0.250054 0.217836 0.426966 2.000000
-0.099752 -0.034121 -0.593517 0.000000
-0.064419 0.038193 0.221804 3.000000
-0.024354 0.098982 0.063782 2.000000
-0.082371 0.015287 -0.768291 0.000000
-0.068493 0.046238 0.302448 3.000000
-0.050979 0.007988 0.117332 3.000000
-0.132188 -0.279940 -0.098621 1.000000
-0.028489 0.011403 -0.279359 2.000000
0.166829 0.210981 0.341184 2.000000
-0.029889 0.073701 -0.171440 2.000000
-0.029966 -0.002919 -0.119684 2.000000
-0.074339 -0.050690 -0.475225 1.000000
-0.059882 -0.134226 -0.259623 1.000000
0.344278 0.283898 0.589176 2.000000
0.422002 0.211864 0.633778 2.000000
-0.001302 -0.101004 -0.317276 1.000000
-0.081344 -0.340351 -0.027823 1.000000
-0.062302 0.011219 -0.643912 0.000000
0.105366 0.066103 0.215222 2.000000
-0.203949 -0.169341 -0.163489 1.000000
-0.124270 -0.044942 -0.374686 1.000000
-0.015827 0.014842 -0.179306 2.000000
0.163101 0.104472 0.311103 2.000000
-0.066785 -0.014948 -0.317075 2.000000
0.103137 0.030838 0.290042 2.000000
-0.210202 -0.383003 0.044743 1.000000
-0.048594 -0.010416 -0.222213 2.000000
-0.025062 0.081126 0.005615 2.000000
-0.047123 -0.023045 -0.872481 0.000000
0.025568 0.115776 0.040842 2.000000
0.280157 0.254274 0.498029 2.000000
-0.043995 0.088683 0.167774 3.000000
0.053759 0.144974 0.129963 2.000000
-0.020303 -0.153724 -0.217595 1.000000
-0.116740 -0.393132 0.025023 1.000000
-0.009435 -0.014822 -0.504097 1.000000
0.462864 0.258840 0.671256 2.000000
-0.212027 -0.454033 0.090103 1.000000
0.010864 0.183598 0.164009 2.000000
-0.089091 -0.053028 -0.994611 0.000000
0.020460 -0.209475 -0.144952 1.000000
-0.096961 0.064594 0.525437 3.000000
0.198153 0.265975 0.445624 2.000000
-0.079240 0.074380 -0.101242 2.000000
-0.253776 -0.220970 -0.077540 1.000000
0.130309 0.024263 0.347113 2.000000
-0.163309 -0.044957 -0.307815 1.000000
-0.054953 0.014183 -0.767381 0.000000
0.316923 0.124673 0.573175 2.000000
-0.005937 -0.019124 0.082939 2.000000
-0.040325 -0.349717 0.005013 1.000000
0.023773 -0.110433 -0.315098 1.000000
-0.059139 0.011349 0.341772 3.000000
0.323060 0.296424 0.566773 2.000000
0.101618 0.232748 0.308341 2.000000
0.212197 0.065878 0.471656 2.000000
-0.217238 -0.126067 -0.193540 1.000000
-0.046183 0.133866 0.032147 2.000000
-0.258348 -0.323605 0.028106 1.000000
0.050202 0.001729 0.225638 2.000000
-0.085710 -0.006048 -0.207838 2.000000
-0.130828 -0.005253 -0.429397 1.000000
-0.020659 0.096071 0.257749 3.000000
-0.042523 -0.020426 -0.032329 2.000000
-0.063770 0.092416 0.422322 3.000000
-0.110038 -0.415145 0.066588 1.000000
0.390871 0.185248 0.627779 2.000000
-0.080441 0.011463 -0.581563 0.000000
-0.004862 -0.288398 -0.075142 1.000000
-0.000579 -0.076350 -0.412899 1.000000
0.032162 -0.150507 -0.219956 1.000000
-0.033194 0.104985 0.120840 3.000000
-0.071203 -0.017656 -0.118490 2.000000
0.390549 0.290494 0.624902 2.000000
0.053390 0.214987 0.236205 2.000000
0.256722 0.280411 0.509966 2.000000
-0.093818 -0.037716 -0.510393 1.000000
-0.029541 0.002031 0.257297 3.000000
-0.039277 0.073545 -0.025015 2.000000
0.150107 0.253613 0.378790 2.000000
-0.005114 0.006049 0.165807 3.000000
-0.054369 0.027031 -0.450586 2.000000
-0.037080 0.093246 0.345553 3.000000
0.261038 0.093642 0.528212 2.000000
0.176070 0.043339 0.407866 2.000000
-0.243864 -0.381517 0.074956 1.000000
-0.188359 -0.077656 -0.244027 1.000000
-0.238687 -0.174993 -0.133480 1.000000
-0.251056 -0.269546 -0.022676 1.000000
-0.055181 0.050241 -0.166101 2.000000
-0.046988 -0.014115 -0.832405 0.000000
0.091062 0.008369 0.283330 2.000000
-0.074415 0.027516 0.409232 3.000000
-0.025712 0.107129 0.186775 3.000000
-0.154577 -0.033757 -0.376477 1.000000
-0.086049 0.046809 0.467511 3.000000
-0.012816 0.161140 0.106375 2.000000
-0.052992 -0.008357 -0.982397 0.000000
0.413168 0.238672 0.640056 2.000000
-0.052465 0.014655 -0.528925 2.000000
-0.070693 -0.385042 0.036360 1.000000
0.000712 -0.038445 -0.454422 1.000000
0.346577 0.165323 0.600859 2.000000
-0.158195 -0.428300 0.090325 1.000000
-0.018331 0.103566 0.067059 2.000000
0.007823 -0.246535 -0.109730 1.000000
-0.021614 -0.319469 -0.036080 1.000000
0.007805 -0.102478 -0.368231 1.000000
-0.071432 -0.022589 -0.467199 2.000000
0.028844 -0.124415 -0.262907 1.000000
-0.022173 0.085917 0.018449 2.000000
-0.094007 -0.032055 -0.558051 0.000000
-0.070263 0.096616 -0.051787 2.000000
-0.038942 0.068031 -0.071668 2.000000
0.013041 -0.016730 0.129162 2.000000
0.029146 -0.178448 -0.183684 1.000000
0.027420 0.195589 0.204485 2.000000
-0.080810 -0.010948 -0.163086 2.000000
0.037280 -0.006820 0.183394 2.000000
0.225657 0.279160 0.477681 2.000000
-0.058512 0.116002 -0.006125 2.000000
-0.026351 0.097294 0.301161 3.000000
-0.019970 0.003783 0.206859 3.000000
0.125673 0.243456 0.344580 2.000000
0.355071 0.294988 0.595593 2.000000
-0.044987 0.059976 -0.121955 2.000000
-0.047711 -0.000261 0.295654 3.000000
-0.062310 -0.018231 -0.069839 2.000000
-0.089607 0.087900 0.477453 3.000000
0.288443 0.295075 0.533611 2.000000
0.074674 0.225332 0.270551 2.000000
0.176744 0.262433 0.409198 2.000000
-0.085181 0.058933 -0.140466 2.000000
0.424127 0.279464 0.644302 2.000000
-0.063253 0.023915 -0.491289 2.000000
-0.236436 -0.417992 0.089416 1.000000
-0.092484 -0.013175 -0.985763 0.000000
-0.032919 0.146392 0.067485 2.000000
-0.045190 0.090881 0.384154 3.000000
0.105343 0.022551 0.317557 2.000000
0.232001 0.084650 0.498279 2.000000
0.152226 0.034898 0.379376 2.000000
-0.203962 -0.103073 -0.220476 1.000000
0.291511 0.108328 0.551380 2.000000
0.194873 0.054261 0.437621 2.000000
-0.256019 -0.246779 -0.051564 1.000000
-0.249140 -0.350896 0.055807 1.000000
-0.231284 -0.153858 -0.162044 1.000000
-0.054087 -0.043927 -0.992288 0.000000
-0.259178 -0.296797 0.004194 1.000000
-0.249151 -0.198066 -0.103578 1.000000
-0.172577 -0.057731 -0.267570 1.000000
-0.088363 -0.006192 -0.442010 2.000000
-0.158018 -0.039083 -0.342709 1.000000
-0.017914 0.097948 0.224142 3.000000
-0.088138 -0.000917 -0.241048 2.000000
-0.104060 -0.020494 -0.474049 1.000000
-0.003927 0.166974 0.139654 2.000000
-0.064801 0.022012 0.371875 3.000000
0.074282 0.003539 0.256123 2.000000
-0.052337 0.013981 -0.560561 0.000000
-0.029993 0.110219 0.151866 3.000000
0.439912 0.238060 0.656539 2.000000
