0.357886 0.051379 0.443965 2.000000
-0.130307 0.108673 -0.980762 3.000000
-0.236014 -0.392862 -0.133242 0.000000
-0.253467 -0.073501 0.657335 1.000000
-0.031489 0.124344 0.008308 2.000000
-0.054879 -0.007759 -0.486288 0.000000
-0.115607 -0.100657 0.307492 1.000000
0.668009 0.116686 0.543720 2.000000
0.134837 0.174429 0.268261 2.000000
-0.244322 -0.122026 -0.277388 0.000000
-0.131898 0.078323 -0.721128 3.000000
-0.044369 0.035505 -0.231183 2.000000
0.063165 -0.020511 0.168031 2.000000
-0.073019 -0.259244 -0.216867 0.000000
-0.131603 -0.014156 0.115466 1.000000
0.193879 -0.011115 0.353234 2.000000
-0.179376 -0.030270 0.483245 1.000000
0.496205 0.179018 0.487338 2.000000
0.266694 0.192747 0.382166 2.000000
0.031212 -0.017356 -0.072817 2.000000
-0.044196 -0.108493 -0.328134 0.000000
-0.183412 -0.005963 -0.376637 0.000000
0.043059 0.136695 0.148849 2.000000
-0.263094 -0.251648 -0.191020 0.000000
-0.121066 0.001246 -0.057403 1.000000
0.487454 0.035267 0.523889 2.000000
-0.063434 0.074920 -0.368872 2.000000
-0.125105 0.077702 -0.577210 3.000000
-0.122996 0.035412 0.264239 1.000000
-0.102875 0.112847 -0.850031 3.000000
-0.077194 0.103379 -0.118991 2.000000
0.133764 0.041442 0.253458 2.000000
0.381134 0.184731 0.435249 2.000000
0.035304 0.013804 0.052797 2.000000
-0.138905 -0.178318 -0.289438 0.000000
0.217439 0.100773 0.315562 2.000000
-0.065038 -0.062149 0.031750 1.000000
-0.149479 0.009622 0.378684 1.000000
-0.093246 -0.092005 0.195198 1.000000
-0.168898 -0.314516 -0.193421 0.000000
-0.153880 0.039930 -0.478161 0.000000
-0.106664 0.052160 0.037902 1.000000
-0.167414 -0.099162 0.405841 1.000000
0.571732 0.094031 0.515700 2.000000
0.270262 0.001880 0.420646 2.000000
-0.093979 -0.050785 -0.398414 0.000000
-0.053869 -0.000274 -0.132105 1.000000
0.440935 0.100487 0.459143 2.000000
-0.159491 -0.095971 -0.336676 0.000000
-0.204554 -0.049468 0.577676 1.000000
0.286788 0.090716 0.380916 2.000000
-0.047502 -0.182430 -0.271927 0.000000
-0.004661 0.066949 -0.063045 2.000000
-0.112771 0.073702 -0.292453 2.000000
-0.068708 0.080199 -0.479180 2.000000
-0.198717 -0.224922 -0.244753 0.000000
0.022227 0.097807 0.072776 2.000000
-0.074339 -0.000096 -0.318851 2.000000
0.103784 0.110507 0.210261 2.000000
-0.107200 0.045841 0.171040 1.000000
0.197137 0.182514 0.334142 2.000000
-0.081210 0.089045 -0.648551 3.000000
-0.106165 0.083611 -0.201276 2.000000
-0.140836 -0.024272 0.197244 1.000000
0.079973 0.061866 0.149562 2.000000
0.597510 0.169605 0.525219 2.000000
-0.154501 -0.029944 0.309341 1.000000
-0.092996 0.028360 -0.423177 2.000000
-0.262953 -0.180856 -0.230767 0.000000
-0.260471 -0.312699 -0.143792 0.000000
-0.122440 0.071279 -0.913673 3.000000
-0.046884 -0.023246 -0.031987 1.000000
-0.067452 -0.077667 0.106541 1.000000
-0.054234 0.047483 -0.546696 0.000000
-0.105912 0.061491 -0.794791 3.000000
0.416900 0.021048 0.502378 2.000000
-0.021459 0.062989 -0.152005 2.000000
-0.112205 0.015001 -0.172135 1.000000
0.136398 -0.013620 0.299566 2.000000
-0.164373 -0.364923 -0.142420 0.000000
-0.087418 0.068312 -0.029094 1.000000
-0.199975 -0.094474 0.505910 1.000000
0.359757 0.116716 0.416360 2.000000
0.508362 0.101999 0.486816 2.000000
-0.115313 -0.016683 0.015228 1.000000
0.091700 -0.010177 0.230601 2.000000
-0.115954 0.022778 -0.532306 0.000000
0.150056 0.107307 0.259446 2.000000
0.182778 0.045769 0.301747 2.000000
-0.046619 0.067366 -0.291854 2.000000
0.240433 0.038404 0.374391 2.000000
-0.120156 -0.019604 -0.459162 0.000000
0.012899 0.049665 0.002623 2.000000
-0.138180 -0.065816 0.256853 1.000000
0.043230 -0.023711 -0.000191 2.000000
-0.145732 -0.259521 -0.230517 0.000000
-0.107829 0.025169 -0.238572 1.000000
-0.103719 -0.132011 -0.320397 0.000000
-0.105990 0.057884 0.107860 1.000000
-0.054320 0.123393 -0.050716 2.000000
0.050635 0.017182 0.114108 2.000000
-0.224354 -0.075908 -0.315782 0.000000
0.073527 0.165942 0.195039 2.000000
0.248701 0.137711 0.354510 2.000000
-0.033012 -0.058939 -0.403881 0.000000
-0.198047 -0.163919 -0.279236 0.000000
-0.168384 -0.049846 0.369408 1.000000
-0.017103 -0.016606 -0.177877 2.000000
-0.114571 0.044971 -0.673036 3.000000
-0.099421 0.048101 -0.122294 1.000000
0.320093 0.189216 0.408473 2.000000
0.431653 0.190178 0.465877 2.000000
-0.122173 0.067972 -0.372678 2.000000
0.105094 0.046566 0.202850 2.000000
-0.105189 -0.296553 -0.185901 0.000000
-0.086849 0.108935 -0.939632 3.000000
-0.214252 -0.278113 -0.207294 0.000000
-0.004264 0.015618 -0.107053 2.000000
-0.174365 -0.042990 0.427480 1.000000
0.004462 0.140001 0.106910 2.000000
-0.099751 0.085070 -0.526501 3.000000
-0.112778 -0.039815 0.067010 1.000000
-0.213312 -0.343217 -0.160455 0.000000
-0.171133 0.016628 -0.429967 0.000000
-0.114031 -0.063875 0.151517 1.000000
-0.089467 -0.086626 -0.355785 0.000000
0.542021 0.143764 0.501302 2.000000
0.175397 0.140775 0.295510 2.000000
-0.100958 0.051248 -0.573806 0.000000
0.698685 0.124600 0.541337 2.000000
-0.256853 -0.074288 0.664778 1.000000
0.050704 -0.026680 0.073442 2.000000
-0.257053 -0.385360 -0.124356 0.000000
0.281923 0.201854 0.391936 2.000000
-0.097645 0.076492 -0.992277 3.000000
-0.034842 -0.154940 -0.293814 0.000000
-0.141298 0.026703 0.354400 1.000000
-0.098781 0.100316 -0.155192 2.000000
0.443622 0.018723 0.512649 2.000000
0.152695 -0.016992 0.318622 2.000000
-0.270335 -0.170772 -0.234010 0.000000
0.073539 0.169018 0.201515 2.000000
-0.191104 -0.007810 -0.368840 0.000000
-0.090678 -0.101262 0.198058 1.000000
-0.111930 0.054101 -0.798370 3.000000
-0.094703 -0.300156 -0.178691 0.000000
0.516013 0.193816 0.501226 2.000000
-0.189210 -0.103382 0.483324 1.000000
-0.036599 0.131482 0.021779 2.000000
0.023464 -0.017733 -0.102583 2.000000
0.290929 -0.003247 0.433184 2.000000
-0.038578 -0.048414 -0.440917 0.000000
-0.099790 0.060026 0.155017 1.000000
-0.056023 -0.010667 -0.257808 2.000000
0.162460 0.182516 0.308601 2.000000
-0.129548 -0.109580 0.336270 1.000000
0.572648 0.059032 0.537965 2.000000
0.071211 -0.020250 0.203671 2.000000
0.246434 0.087413 0.337636 2.000000
0.398466 0.201841 0.453309 2.000000
-0.125338 0.064498 -0.443562 1.000000
-0.059418 -0.076973 0.082823 1.000000
-0.276555 -0.266330 -0.162484 0.000000
-0.122756 0.071649 -0.308879 2.000000
-0.199490 -0.040704 0.574078 1.000000
-0.239385 -0.084603 -0.305314 0.000000
0.008337 0.146820 0.119456 2.000000
-0.151287 -0.007818 0.456394 1.000000
-0.034267 -0.027041 -0.014433 1.000000
-0.069192 0.074853 -0.060356 1.000000
-0.117259 0.039536 0.255612 1.000000
-0.156335 -0.372062 -0.143251 0.000000
0.610390 0.172040 0.530373 2.000000
-0.051713 0.009845 -0.159567 1.000000
-0.089704 0.005356 -0.375265 2.000000
-0.057759 -0.236164 -0.239805 0.000000
-0.102764 0.074352 0.055242 1.000000
-0.023478 -0.089139 -0.357293 0.000000
-0.047543 0.012192 -0.508564 0.000000
0.215519 -0.005110 0.380131 2.000000
0.369128 0.005692 0.478724 2.000000
-0.115456 0.077513 -0.230502 2.000000
-0.163006 -0.106501 0.410147 1.000000
0.042678 -0.029570 -0.006045 2.000000
-0.147628 0.071103 -0.511910 0.000000
-0.094945 0.123606 -0.802949 3.000000
-0.043485 -0.005383 -0.083526 1.000000
0.222128 0.195543 0.355606 2.000000
-0.107940 -0.107282 0.265371 1.000000
0.110147 -0.022989 0.260068 2.000000
-0.177767 0.020486 -0.440895 0.000000
0.113475 0.175416 0.255715 2.000000
0.632812 0.087272 0.541578 2.000000
0.055091 -0.032235 0.140848 2.000000
-0.128108 0.067007 -0.378057 1.000000
0.505948 0.032652 0.525406 2.000000
0.339526 0.201605 0.421069 2.000000
-0.268948 -0.320105 -0.129160 0.000000
-0.217169 -0.095499 0.548170 1.000000
-0.161836 -0.029584 0.514052 1.000000
-0.108133 0.020358 -0.272832 1.000000
0.454443 0.197426 0.480356 2.000000
-0.235974 -0.085456 0.606288 1.000000
-0.278223 -0.218111 -0.198195 0.000000
-0.073968 -0.008530 -0.314237 2.000000
-0.070365 -0.088368 0.139579 1.000000
-0.002042 -0.024518 -0.154971 2.000000
-0.098752 0.036818 -0.495728 0.000000
-0.088032 0.080215 -0.000686 1.000000
-0.031580 -0.020191 -0.204720 2.000000
-0.053355 0.126511 -0.040188 2.000000
-0.251303 -0.126538 -0.267572 0.000000
-0.047554 0.050538 -0.551146 0.000000
-0.079520 0.114739 -0.099448 2.000000
-0.087327 0.006489 -0.214206 1.000000
0.666105 0.170514 0.533991 2.000000
-0.042216 -0.052514 0.036153 1.000000
0.035487 0.158785 0.165303 2.000000
-0.204718 -0.393386 -0.119880 0.000000
-0.148752 0.008397 0.406495 1.000000
-0.020013 0.139030 0.070986 2.000000
-0.216784 -0.041247 -0.338189 0.000000
-0.132600 0.090640 -0.561283 0.000000
-0.105821 0.042571 0.203130 1.000000
-0.139482 0.037029 0.301747 1.000000
-0.108239 0.031858 -0.335511 1.000000
-0.124062 -0.333824 -0.156507 0.000000
-0.048617 -0.193779 -0.266208 0.000000
0.561577 0.179488 0.513819 2.000000
0.034711 -0.020237 -0.053847 2.000000
-0.103912 0.063997 0.101844 1.000000
-0.071763 -0.266430 -0.205760 0.000000
-0.119415 0.116898 -0.984330 3.000000
-0.027376 -0.058655 -0.397242 0.000000
-0.077501 0.084459 -0.543646 3.000000
-0.044186 -0.020063 -0.476398 0.000000
-0.164523 0.045302 -0.475081 0.000000
-0.028391 -0.115333 -0.322473 0.000000
0.248850 -0.006375 0.406950 2.000000
-0.222304 -0.047086 0.616899 1.000000
0.333714 0.001666 0.459103 2.000000
0.182904 -0.009529 0.356376 2.000000
-0.145976 -0.108781 0.374066 1.000000
0.046922 -0.034063 0.034386 2.000000
-0.178544 0.016096 -0.401538 0.000000
-0.118461 0.078134 -0.270186 2.000000
-0.112207 0.086488 -0.192453 2.000000
-0.095230 0.016399 -0.412448 2.000000
0.404339 0.009442 0.495036 2.000000
-0.172897 -0.099083 0.448867 1.000000
0.191377 0.188793 0.334453 2.000000
0.665954 0.104668 0.539008 2.000000
-0.113973 -0.100406 0.300465 1.000000
-0.064811 0.072546 -0.574469 0.000000
-0.198352 -0.089986 0.519080 1.000000
-0.108341 0.035045 -0.374206 1.000000
