0.532342 0.043145 0.416275 3.000000
-0.126961 0.151113 -0.970629 1.000000
-0.366586 -0.331601 0.672955 4.000000
-0.120242 0.038443 -0.127972 1.000000
-0.122505 -0.184836 0.285574 4.000000
0.169624 0.155252 0.187660 3.000000
-0.086721 0.033590 -0.558860 2.000000
-0.291250 -0.271512 -0.304507 2.000000
-0.261588 -0.176487 0.495461 4.000000
-0.146041 -0.003333 0.116003 4.000000
-0.254938 -0.050121 -0.403220 2.000000
0.090420 0.028087 0.003954 3.000000
0.371493 0.183046 0.308608 3.000000
-0.062469 0.095012 -0.341096 3.000000
-0.128241 0.150552 -0.746174 1.000000
0.733329 0.068508 0.381797 3.000000
0.254942 0.048335 0.302287 3.000000
-0.146525 -0.185835 -0.360981 2.000000
-0.096020 -0.060241 -0.437537 2.000000
-0.058506 -0.031186 -0.005413 4.000000
0.526106 0.175537 0.341963 3.000000
-0.219992 -0.110575 0.369404 4.000000
0.386497 0.052845 0.374235 3.000000
-0.070516 -0.113736 0.167752 4.000000
0.011809 0.090511 -0.114984 3.000000
0.146906 0.028988 0.137545 3.000000
-0.170694 -0.237577 0.401783 4.000000
-0.187756 -0.073665 0.242417 4.000000
-0.295313 -0.287159 0.563820 4.000000
0.049020 0.145566 0.050016 3.000000
-0.186345 0.041236 -0.476088 2.000000
-0.061902 0.109087 -0.216514 3.000000
-0.272809 -0.162094 -0.356460 2.000000
-0.115222 0.134112 -0.626994 1.000000
-0.109141 0.188078 -0.858052 1.000000
0.633945 0.132216 0.368542 3.000000
-0.091179 0.109182 -0.456549 1.000000
0.265839 0.164495 0.254257 3.000000
-0.040728 -0.044942 0.096930 0.000000
-0.228122 -0.271636 0.487833 4.000000
-0.126366 0.041243 0.010260 4.000000
0.185148 0.038011 0.233090 3.000000
-0.113435 0.036691 -0.253644 1.000000
-0.008202 0.120454 -0.027972 3.000000
0.470510 0.100158 0.350778 3.000000
0.113387 0.129693 0.117561 3.000000
0.626088 0.048946 0.410028 3.000000
-0.202868 -0.126868 -0.400700 2.000000
-0.160414 0.085686 -0.549642 2.000000
-0.005669 0.043410 -0.189086 3.000000
-0.054911 0.033416 -0.066077 0.000000
-0.215081 -0.235870 -0.337055 2.000000
0.334609 0.094191 0.316385 3.000000
0.032425 0.022963 -0.066797 3.000000
-0.127490 -0.046141 0.041556 4.000000
-0.150200 -0.073966 0.161860 4.000000
-0.027262 0.046864 -0.270037 3.000000
0.558599 0.099765 0.364256 3.000000
-0.132794 -0.133925 0.223366 4.000000
-0.180790 -0.177831 0.348595 4.000000
-0.176138 -0.055405 -0.442858 2.000000
-0.086657 0.117254 -0.536411 1.000000
-0.113025 0.061424 -0.396302 1.000000
-0.118124 -0.018208 -0.056815 4.000000
-0.118789 0.001340 -0.493656 2.000000
0.106340 0.062337 0.077690 3.000000
0.456248 0.047495 0.405515 3.000000
-0.131033 0.124692 -0.818003 1.000000
0.222216 0.108208 0.228447 3.000000
-0.128158 -0.118834 -0.402743 2.000000
-0.234961 -0.149291 0.430026 4.000000
-0.182515 -0.128582 0.290198 4.000000
-0.079154 0.026218 -0.190223 1.000000
-0.327343 -0.287203 0.630751 4.000000
0.401377 0.113194 0.331946 3.000000
-0.108022 -0.081193 0.105580 4.000000
-0.108635 0.108841 -0.693251 1.000000
-0.276676 -0.220224 0.554543 4.000000
0.163936 0.087718 0.170931 3.000000
-0.230295 -0.214930 0.444800 4.000000
-0.041299 0.107542 -0.151867 3.000000
-0.117981 0.074236 -0.310986 1.000000
-0.302067 -0.199946 -0.310308 2.000000
0.049113 0.094027 -0.007243 3.000000
-0.223150 -0.004296 -0.439202 2.000000
-0.091521 0.169813 -0.919728 1.000000
-0.115336 0.079326 -0.592540 2.000000
0.274517 0.103878 0.264682 3.000000
-0.075972 0.106181 -0.276643 3.000000
0.454430 0.156796 0.333149 3.000000
-0.113202 0.047670 -0.053296 4.000000
-0.216416 -0.182462 -0.368148 2.000000
0.315165 0.178688 0.286063 3.000000
-0.282111 -0.092763 -0.370473 2.000000
-0.074637 0.002689 -0.114125 0.000000
-0.109904 0.074994 -0.207458 1.000000
0.671613 0.088925 0.382701 3.000000
-0.124448 0.137543 -0.882612 1.000000
0.307133 0.049266 0.340835 3.000000
0.037203 0.079330 -0.061673 3.000000
-0.135345 0.014545 0.059460 4.000000
-0.067943 -0.058944 0.050546 4.000000
-0.179498 -0.035099 0.187436 4.000000
-0.208427 -0.191772 0.400813 4.000000
-0.110353 0.083317 -0.501529 1.000000
-0.081413 0.104358 -0.399236 1.000000
-0.269647 -0.262272 0.522588 4.000000
-0.208205 -0.082540 0.297721 4.000000
-0.141583 -0.209315 0.328495 4.000000
0.080191 0.082017 0.036468 3.000000
0.587004 0.154502 0.360491 3.000000
0.210878 0.170130 0.216048 3.000000
-0.196203 -0.255272 0.443759 4.000000
-0.163758 -0.019741 -0.478928 2.000000
-0.085909 0.181950 -0.969934 1.000000
-0.058859 -0.087216 0.119694 4.000000
-0.052419 0.049028 -0.321267 3.000000
0.225036 0.059293 0.262486 3.000000
0.162644 0.032974 0.185640 3.000000
-0.128285 -0.013289 0.002924 4.000000
-0.264426 -0.234065 -0.326050 2.000000
0.509095 0.077989 0.374656 3.000000
-0.298757 -0.255658 0.602874 4.000000
-0.132947 0.038410 -0.539878 2.000000
0.053579 0.047726 -0.025954 3.000000
-0.070846 0.050025 -0.127866 0.000000
-0.016186 0.104477 -0.077032 3.000000
-0.211570 -0.077135 -0.416591 2.000000
0.740805 0.061840 0.384043 3.000000
-0.127303 0.186766 -0.974121 1.000000
-0.373378 -0.341989 0.680534 4.000000
-0.065273 0.041989 -0.081548 0.000000
0.269269 0.187649 0.261604 3.000000
-0.124603 -0.198981 0.311272 4.000000
-0.079811 0.011890 -0.543005 2.000000
-0.296205 -0.280553 -0.303066 2.000000
0.460566 0.038999 0.410884 3.000000
0.137613 0.017608 0.100950 3.000000
-0.160209 -0.004608 0.149345 4.000000
-0.267648 -0.181986 0.517884 4.000000
-0.100186 0.116408 -0.315295 3.000000
-0.268970 -0.054581 -0.394876 2.000000
-0.133421 -0.189760 -0.360087 2.000000
0.588412 0.163308 0.357563 3.000000
0.030969 0.144795 0.030775 3.000000
0.298495 0.037478 0.344945 3.000000
0.428362 0.192986 0.323151 3.000000
0.133551 0.169150 0.167140 3.000000
-0.040216 -0.081093 0.075951 4.000000
-0.215445 -0.071320 0.287318 4.000000
-0.120015 0.195995 -0.817563 1.000000
-0.129116 0.135687 -0.625391 1.000000
-0.003104 0.038496 -0.220514 3.000000
0.186331 0.028597 0.241105 3.000000
-0.198184 0.047246 -0.466284 2.000000
0.067641 0.021092 -0.033769 3.000000
-0.086762 -0.074931 -0.428525 2.000000
0.601644 0.038378 0.419424 3.000000
-0.181067 -0.247411 0.428954 4.000000
-0.286147 -0.307390 0.570819 4.000000
-0.073613 -0.132926 0.195689 4.000000
-0.226666 -0.121075 0.409587 4.000000
-0.124451 0.038590 0.032255 4.000000
-0.302308 -0.157956 -0.330924 2.000000
-0.054732 0.122853 -0.161358 3.000000
-0.091876 0.053440 -0.408607 1.000000
-0.199757 -0.255140 -0.317157 2.000000
-0.169845 0.093957 -0.548683 2.000000
-0.039396 -0.000863 0.014921 0.000000
0.677094 0.130208 0.370281 3.000000
-0.233156 -0.276753 0.502196 4.000000
-0.044791 0.043716 -0.310355 3.000000
-0.025710 0.116098 -0.046426 3.000000
-0.112453 0.008114 -0.151186 1.000000
0.009266 0.029452 -0.127647 3.000000
-0.030524 -0.060332 0.161351 0.000000
0.379123 0.038670 0.384748 3.000000
-0.073318 0.075741 -0.601124 2.000000
0.344549 0.196339 0.300993 3.000000
0.076660 0.158612 0.101218 3.000000
0.507888 0.179249 0.340678 3.000000
-0.326377 -0.280871 0.637117 4.000000
0.199342 0.182811 0.212873 3.000000
-0.191565 -0.041498 0.213341 4.000000
-0.078649 0.121962 -0.239591 3.000000
-0.278687 -0.229912 0.579306 4.000000
0.236821 0.032744 0.297176 3.000000
0.104849 0.027324 0.030978 3.000000
0.154619 0.023613 0.170981 3.000000
-0.072799 -0.019381 -0.478667 2.000000
-0.236893 -0.001079 -0.429715 2.000000
0.670013 0.053946 0.411469 3.000000
-0.100770 -0.170971 0.251187 4.000000
0.531638 0.034771 0.422828 3.000000
-0.106511 -0.137384 -0.393814 2.000000
-0.152431 -0.223799 0.367636 4.000000
-0.108796 0.057281 -0.033828 4.000000
-0.254840 -0.150882 0.461419 4.000000
-0.122993 0.106419 -0.385755 1.000000
-0.138786 0.017737 0.092144 4.000000
-0.063220 0.102908 -0.365426 3.000000
-0.218241 -0.094396 0.353196 4.000000
-0.306273 -0.213553 -0.302170 2.000000
-0.291769 -0.105432 -0.361589 2.000000
-0.114361 0.093916 -0.563940 1.000000
-0.043398 0.117380 -0.100770 3.000000
-0.031450 -0.036702 0.109829 0.000000
0.026843 0.020121 -0.075430 3.000000
-0.111694 0.053915 -0.357535 1.000000
-0.059318 -0.105206 0.151621 4.000000
-0.049015 0.022460 -0.035858 0.000000
-0.165857 -0.222184 -0.336767 2.000000
-0.246559 -0.275377 -0.306543 2.000000
-0.184367 0.070997 -0.507964 2.000000
-0.343914 -0.326238 0.639806 4.000000
-0.034007 -0.023056 0.063810 0.000000
-0.064543 0.043267 -0.353903 1.000000
0.634374 0.148279 0.362786 3.000000
-0.018406 0.039794 -0.264844 3.000000
0.004388 0.030180 -0.175272 3.000000
-0.150283 0.119731 -0.587412 2.000000
-0.000540 0.131621 -0.011572 3.000000
0.714958 0.106328 0.379507 3.000000
-0.297648 -0.257119 0.610469 4.000000
-0.202817 -0.264603 0.464101 4.000000
-0.083824 0.110976 -0.626311 2.000000
-0.316796 -0.313998 0.602101 4.000000
-0.095972 0.155861 -0.978345 1.000000
-0.260486 -0.292592 0.532117 4.000000
0.335880 0.038526 0.366363 3.000000
0.548274 0.178830 0.355163 3.000000
0.420181 0.042953 0.396184 3.000000
-0.077972 0.043235 -0.573852 2.000000
0.057207 0.153627 0.063691 3.000000
0.304438 0.195646 0.286868 3.000000
0.232027 0.190902 0.237483 3.000000
0.102902 0.164001 0.140115 3.000000
-0.054283 -0.078907 0.114538 4.000000
-0.208882 -0.057449 0.249785 4.000000
0.165806 0.177651 0.191258 3.000000
-0.094569 0.175340 -0.839902 1.000000
-0.176967 -0.022649 0.179900 4.000000
-0.070214 0.121423 -0.201272 3.000000
0.390446 0.193176 0.313219 3.000000
-0.100461 0.059223 -0.071760 0.000000
0.124082 0.020041 0.063947 3.000000
-0.092460 0.121130 -0.278434 3.000000
0.464326 0.186893 0.333011 3.000000
-0.270336 -0.202391 0.549428 4.000000
0.705765 0.057582 0.396127 3.000000
0.170313 0.025470 0.207936 3.000000
0.269220 0.035186 0.323294 3.000000
0.212738 0.029701 0.270487 3.000000
-0.081988 -0.042445 -0.452496 2.000000
0.089602 0.024449 -0.005587 3.000000
-0.163476 -0.235010 0.398771 4.000000
