0.161706 0.171822 0.087278 3.000000
-0.116166 0.095221 -0.972784 4.000000
-0.342830 -0.476168 0.742697 0.000000
-0.247970 -0.251768 -0.403274 1.000000
-0.084970 -0.226289 0.349160 0.000000
0.663261 0.283832 0.222691 3.000000
-0.060346 0.087165 -0.250472 3.000000
-0.097002 0.007854 -0.615690 1.000000
-0.108896 -0.039875 0.063780 0.000000
-0.013667 0.099668 0.348692 2.000000
0.387305 0.201188 0.261158 3.000000
-0.214067 -0.291397 0.576469 0.000000
0.056263 0.062271 -0.071388 3.000000
-0.224988 -0.082303 -0.491802 1.000000
-0.079584 0.091909 -0.785870 4.000000
-0.066547 0.057233 -0.435921 4.000000
-0.031838 -0.123507 0.203137 0.000000
-0.090588 -0.021349 -0.111993 0.000000
0.271024 0.281496 0.171264 3.000000
-0.045928 0.051150 0.188957 2.000000
0.497106 0.313800 0.209765 3.000000
-0.254745 -0.424315 0.635944 0.000000
-0.185882 -0.210410 0.458765 0.000000
-0.144602 -0.105777 0.284368 0.000000
-0.088081 -0.092335 -0.512018 1.000000
0.256618 0.151112 0.211011 3.000000
-0.137409 -0.190331 -0.448596 1.000000
0.055695 0.163541 -0.000192 3.000000
-0.127727 -0.314265 0.451157 0.000000
0.381916 0.312685 0.194224 3.000000
-0.024945 0.110506 -0.138342 3.000000
-0.127160 -0.066570 0.177170 0.000000
-0.091509 0.015032 -0.333575 0.000000
-0.040548 0.006460 -0.014231 2.000000
0.566850 0.245275 0.258993 3.000000
-0.089722 0.093442 -0.679049 4.000000
-0.085568 0.080196 -0.538863 4.000000
-0.180143 -0.005741 -0.545003 1.000000
-0.153428 -0.150836 0.376323 0.000000
-0.026461 -0.066644 0.116133 0.000000
-0.082430 -0.002951 -0.210465 0.000000
-0.089287 0.117981 -0.882176 4.000000
0.126107 0.102577 0.023616 3.000000
-0.254647 -0.158820 -0.442465 1.000000
-0.166657 -0.356910 0.526045 0.000000
-0.045898 0.025015 0.098706 2.000000
-0.048852 -0.172037 0.281620 0.000000
0.474903 0.231574 0.260096 3.000000
0.013248 0.049241 -0.196374 3.000000
0.226358 0.205764 0.145118 3.000000
0.328311 0.223465 0.198764 3.000000
0.193445 0.121701 0.149300 3.000000
-0.020411 0.068358 0.267465 2.000000
0.008455 0.126710 -0.058128 3.000000
0.577706 0.315905 0.219370 3.000000
-0.242727 -0.342010 0.630161 0.000000
-0.208065 -0.395097 0.582797 0.000000
-0.178055 -0.280285 0.497728 0.000000
-0.099182 -0.138208 0.233532 0.000000
-0.299425 -0.425247 0.696531 0.000000
-0.186265 -0.145674 -0.483710 1.000000
-0.074431 -0.039154 -0.562672 1.000000
-0.131603 -0.251206 0.412000 0.000000
-0.108599 -0.022011 -0.013247 0.000000
-0.118577 -0.173769 0.304100 0.000000
-0.031244 -0.035448 0.050437 0.000000
0.416503 0.253559 0.218701 3.000000
-0.084141 0.035009 -0.067300 0.000000
-0.161046 -0.079998 -0.524981 1.000000
-0.076660 0.037956 -0.149129 0.000000
-0.080228 0.079946 -0.609871 4.000000
0.167290 0.235172 0.117073 3.000000
0.094635 0.189468 0.051037 3.000000
-0.120369 0.066239 -0.737403 4.000000
-0.208672 -0.211039 -0.441533 1.000000
-0.028585 0.035321 -0.281466 3.000000
-0.115720 0.074126 -0.840313 4.000000
0.313713 0.170156 0.237306 3.000000
-0.094262 -0.084549 0.123502 0.000000
0.081637 0.103859 -0.027887 3.000000
0.029650 0.064139 -0.130981 3.000000
-0.096218 0.035137 -0.266649 0.000000
-0.084357 0.016665 0.042733 2.000000
-0.088117 0.036218 -0.491532 4.000000
-0.149404 0.042130 -0.613568 1.000000
-0.124187 -0.140942 -0.483685 1.000000
-0.124814 -0.030627 0.125102 0.000000
-0.081544 0.060399 -0.373832 4.000000
-0.113596 0.037879 -0.668599 1.000000
-0.262229 -0.379244 0.675404 0.000000
0.327997 0.286594 0.187317 3.000000
0.176599 0.106994 0.094264 3.000000
0.274844 0.200144 0.183580 3.000000
-0.132870 -0.026918 -0.573050 1.000000
-0.045602 -0.008074 -0.075268 0.000000
0.440221 0.303892 0.202500 3.000000
-0.144660 -0.086052 0.230124 0.000000
-0.135008 -0.207308 0.368951 0.000000
-0.043217 0.098664 -0.197386 3.000000
-0.049109 0.064011 -0.328154 3.000000
-0.062278 -0.047857 0.003233 0.000000
-0.114940 0.084797 -0.916923 4.000000
-0.082284 -0.112981 0.185724 0.000000
0.615029 0.267362 0.241589 3.000000
-0.077449 0.116455 -0.941118 4.000000
0.524938 0.264953 0.231239 3.000000
-0.062733 -0.070008 0.076588 0.000000
-0.165989 -0.188277 0.410603 0.000000
-0.211623 -0.345365 0.568588 0.000000
0.473087 0.268120 0.223588 3.000000
0.131677 0.152284 0.050382 3.000000
0.217710 0.256252 0.140673 3.000000
-0.087111 -0.038241 -0.056659 0.000000
0.044706 0.105326 -0.096290 3.000000
0.226590 0.155258 0.168817 3.000000
-0.036601 -0.096931 0.159904 0.000000
-0.140993 -0.128981 0.329357 0.000000
0.196252 0.166533 0.126629 3.000000
-0.205643 -0.044103 -0.517646 1.000000
-0.116225 -0.061098 -0.538797 1.000000
-0.031755 0.026411 0.146168 2.000000
-0.017894 0.065745 -0.230179 3.000000
-0.248432 -0.115985 -0.464903 1.000000
0.133542 0.211488 0.091175 3.000000
-0.084662 -0.008576 -0.160435 0.000000
-0.264794 -0.207511 -0.413198 1.000000
-0.094951 0.040114 -0.563904 4.000000
0.098770 0.142489 0.016645 3.000000
-0.040290 0.110406 -0.165947 3.000000
-0.357322 -0.483356 0.747855 0.000000
0.672683 0.283072 0.220106 3.000000
-0.110198 0.118405 -0.986832 4.000000
-0.054678 -0.209618 0.321244 0.000000
-0.256242 -0.255219 -0.407275 1.000000
0.241177 0.136985 0.192694 3.000000
-0.153023 0.046227 -0.618034 1.000000
-0.009128 0.116394 0.392792 2.000000
-0.210294 -0.275597 0.576603 0.000000
-0.125267 -0.013009 0.097858 0.000000
0.418683 0.318597 0.201994 3.000000
0.069843 0.188657 0.029807 3.000000
-0.071775 0.023215 -0.368376 0.000000
-0.101456 -0.144955 -0.483278 1.000000
-0.015977 0.042755 0.230600 2.000000
-0.146385 -0.087052 0.251522 0.000000
-0.120708 -0.313597 0.440097 0.000000
-0.252425 -0.426520 0.631179 0.000000
0.077481 0.056332 -0.061277 3.000000
0.525268 0.229221 0.280608 3.000000
-0.225154 -0.048009 -0.507342 1.000000
0.271359 0.286468 0.174994 3.000000
-0.179765 -0.175361 0.411100 0.000000
-0.017721 -0.106259 0.172024 0.000000
0.372596 0.187588 0.260407 3.000000
-0.095894 0.025480 -0.042027 0.000000
0.165620 0.093814 0.068309 3.000000
-0.093558 0.121810 -0.854309 4.000000
0.160738 0.244151 0.116372 3.000000
-0.069871 -0.041732 -0.567698 1.000000
-0.008955 0.031815 -0.261989 3.000000
0.548954 0.327247 0.209226 3.000000
-0.021266 -0.024609 0.039820 0.000000
-0.264167 -0.141051 -0.443810 1.000000
-0.175616 -0.381201 0.552185 0.000000
-0.067888 0.057349 -0.687670 4.000000
0.005224 0.136478 -0.046421 3.000000
-0.161467 -0.221367 -0.430723 1.000000
0.031412 0.043399 -0.152925 3.000000
-0.021673 0.010377 0.137472 2.000000
-0.145700 -0.123059 0.340457 0.000000
-0.197329 -0.226956 0.497628 0.000000
-0.077191 0.087142 -0.288989 3.000000
-0.292021 -0.417723 0.713486 0.000000
-0.033004 -0.151337 0.249411 0.000000
-0.245007 -0.336584 0.638594 0.000000
-0.023860 0.096571 0.307264 2.000000
-0.133472 -0.050266 0.175719 0.000000
-0.085691 -0.260714 0.379932 0.000000
0.603678 0.257176 0.259081 3.000000
0.128257 0.082048 -0.003279 3.000000
-0.179706 0.010259 -0.550550 1.000000
0.445029 0.208466 0.279373 3.000000
-0.016017 -0.061664 0.107507 0.000000
0.298459 0.163450 0.236365 3.000000
0.341633 0.309700 0.187386 3.000000
-0.068893 0.054090 0.175597 2.000000
-0.075331 -0.003871 -0.631684 1.000000
0.194988 0.115785 0.140178 3.000000
-0.146600 -0.347230 0.495248 0.000000
-0.130002 0.079386 -0.671755 1.000000
-0.081574 -0.087847 -0.512461 1.000000
0.483593 0.327473 0.212814 3.000000
0.219144 0.262398 0.144188 3.000000
0.112165 0.215608 0.083913 3.000000
0.617611 0.316005 0.216785 3.000000
-0.020739 0.117542 -0.107387 3.000000
-0.085218 0.029011 0.118668 2.000000
-0.060123 0.098465 -0.230839 3.000000
-0.257255 -0.380770 0.678200 0.000000
-0.268963 -0.196198 -0.411580 1.000000
-0.035848 0.024323 -0.315421 3.000000
-0.099138 0.070049 -0.341953 4.000000
-0.093766 0.012435 0.054079 2.000000
-0.213548 -0.403120 0.591086 0.000000
0.016330 0.045484 -0.208309 3.000000
-0.247907 -0.089643 -0.475441 1.000000
-0.045346 0.084041 0.253653 2.000000
0.038830 0.165504 -0.009143 3.000000
-0.319624 -0.462173 0.707922 0.000000
-0.020090 0.004450 0.083550 2.000000
-0.125674 -0.182373 -0.456561 1.000000
-0.201780 -0.246662 -0.411630 1.000000
0.043648 0.048609 -0.103911 3.000000
-0.188946 -0.202633 0.452643 0.000000
-0.101277 0.048437 -0.644324 1.000000
-0.282388 -0.443913 0.667025 0.000000
-0.103929 0.019041 0.006058 0.000000
-0.018579 0.024314 0.184356 2.000000
-0.144897 -0.103445 0.296064 0.000000
-0.010353 0.060705 0.279562 2.000000
-0.052598 0.062124 -0.337557 3.000000
-0.227987 -0.304450 0.607681 0.000000
-0.159186 -0.148479 0.380084 0.000000
-0.040889 -0.182019 0.287942 0.000000
-0.122117 0.012243 -0.626945 1.000000
-0.199295 -0.249988 0.541094 0.000000
-0.003782 0.093171 0.354832 2.000000
-0.022941 -0.131996 0.210794 0.000000
0.565310 0.237692 0.266898 3.000000
-0.127700 -0.031549 0.136708 0.000000
-0.146087 -0.073684 0.210660 0.000000
-0.051887 0.070214 0.214226 2.000000
-0.202957 -0.017137 -0.528571 1.000000
-0.104189 -0.289729 0.410035 0.000000
-0.093254 0.081461 -0.980091 4.000000
-0.067944 -0.235034 0.348862 0.000000
0.336329 0.175021 0.249861 3.000000
0.639388 0.269098 0.235926 3.000000
0.181400 0.107481 0.104636 3.000000
0.488353 0.218039 0.278294 3.000000
-0.070205 0.026327 -0.655167 1.000000
0.378655 0.317537 0.191913 3.000000
-0.164351 0.029934 -0.579330 1.000000
0.100833 0.072674 -0.036081 3.000000
-0.071046 0.112077 -0.982955 4.000000
0.150689 0.087848 0.034462 3.000000
0.269829 0.150141 0.216363 3.000000
0.411194 0.196760 0.269485 3.000000
-0.335974 -0.448445 0.738229 0.000000
-0.072297 -0.024909 -0.601516 1.000000
-0.018480 -0.081897 0.144992 0.000000
-0.018432 -0.040106 0.072547 0.000000
0.213137 0.127310 0.168353 3.000000
0.303582 0.299900 0.179492 3.000000
0.092380 0.200626 0.059327 3.000000
-0.067961 0.035184 -0.309081 3.000000
