0.034764 0.105737 -0.301600 4.000000
-0.316698 -0.747562 0.537657 2.000000
-0.217273 0.146906 0.504222 1.000000
0.464001 0.488802 0.107057 3.000000
0.013423 0.208866 -0.955127 4.000000
-0.032168 -0.333425 0.312505 2.000000
0.012569 0.081112 0.136157 1.000000
-0.005275 0.088616 -0.637646 0.000000
0.163636 0.357417 0.022202 3.000000
-0.176713 -0.516425 0.470365 2.000000
-0.014190 -0.019598 -0.092312 2.000000
-0.042620 -0.158657 0.142001 2.000000
-0.105804 -0.091710 -0.515168 0.000000
-0.093063 0.062169 0.337788 1.000000
0.130619 0.190399 -0.123246 3.000000
0.321658 0.374238 0.126969 3.000000
0.027394 0.150165 -0.473682 4.000000
0.038991 0.185496 -0.781803 4.000000
-0.075781 -0.457026 0.381234 2.000000
-0.062219 -0.055757 0.037144 2.000000
0.039865 0.079631 -0.003802 1.000000
-0.103789 -0.224507 0.252627 2.000000
-0.224431 -0.649374 0.488376 2.000000
0.012597 0.100098 -0.159653 1.000000
-0.003994 -0.023105 -0.559888 0.000000
0.098653 0.279869 -0.043748 3.000000
-0.054667 0.047724 0.226767 1.000000
-0.127683 -0.350678 0.378182 2.000000
-0.136822 0.112599 0.428403 1.000000
-0.089873 0.048361 -0.573182 0.000000
0.061938 0.180944 -0.217431 3.000000
0.354306 0.469702 0.086689 3.000000
0.226600 0.293775 0.080046 3.000000
0.248761 0.422030 0.065879 3.000000
0.027060 0.181675 -0.673623 4.000000
0.019235 -0.111016 0.072765 2.000000
-0.006499 -0.197900 0.229565 2.000000
0.032797 -0.046744 -0.005772 2.000000
-0.038096 0.037990 0.056166 1.000000
0.017461 0.161275 -0.575215 4.000000
-0.000492 0.042542 -0.236801 2.000000
0.015361 0.095641 -0.395944 4.000000
0.010220 0.175242 -0.869381 4.000000
-0.153741 -0.435607 0.433464 2.000000
0.171303 0.243435 -0.001290 3.000000
-0.107439 -0.286892 0.321360 2.000000
-0.158614 -0.597996 0.445535 2.000000
-0.009415 0.065973 -0.072831 1.000000
-0.121424 -0.518743 0.411600 2.000000
0.037763 0.027885 -0.131172 2.000000
0.054610 0.207804 -0.140360 3.000000
-0.031871 -0.264414 0.274385 2.000000
0.397161 0.423733 0.133131 3.000000
-0.083214 -0.028147 -0.552835 0.000000
-0.073110 -0.094531 0.112457 2.000000
-0.100288 -0.177656 0.187408 2.000000
-0.042317 0.092745 0.285711 1.000000
-0.039897 0.028681 0.148267 1.000000
-0.048999 -0.392568 0.354870 2.000000
-0.265023 -0.689665 0.536159 2.000000
-0.058251 -0.017415 -0.032647 2.000000
0.016025 0.036779 -0.592511 0.000000
0.038735 0.078420 0.070714 1.000000
0.143080 0.224984 -0.063356 3.000000
-0.202299 -0.569478 0.507782 2.000000
-0.026358 0.042720 -0.150199 2.000000
0.266528 0.355324 0.091287 3.000000
0.014614 0.108850 -0.226655 1.000000
0.010363 0.150187 -0.346151 3.000000
0.025804 0.166690 -0.275286 3.000000
-0.008891 0.088629 0.201200 1.000000
0.035602 0.117233 -0.685489 0.000000
-0.020403 0.054600 -0.008394 1.000000
0.083674 0.242903 -0.095263 3.000000
0.008106 0.155691 -0.736106 4.000000
0.052436 0.060820 -0.077625 1.000000
0.218496 0.357142 0.051998 3.000000
-0.116864 -0.412352 0.389115 2.000000
0.149555 0.299679 -0.003921 3.000000
0.014114 -0.148629 0.126642 2.000000
0.041764 -0.008753 -0.075684 2.000000
-0.073045 0.041984 0.285234 1.000000
-0.045945 -0.067120 -0.528866 0.000000
-0.005238 -0.077332 0.031311 2.000000
-0.127414 0.076980 0.382832 1.000000
0.007318 0.129808 -0.527197 4.000000
0.405508 0.496089 0.093486 3.000000
-0.090517 -0.346381 0.334100 2.000000
0.023615 0.143189 -0.630729 4.000000
0.030299 0.219181 -0.900950 4.000000
0.313192 0.429706 0.081107 3.000000
0.079368 0.148190 -0.264851 3.000000
-0.181925 0.126309 0.461343 1.000000
0.099578 0.167793 -0.165794 3.000000
0.038586 0.057884 -0.197931 2.000000
-0.039995 0.054764 -0.600226 0.000000
-0.048187 -0.200347 0.190792 2.000000
-0.037386 -0.108839 0.069997 2.000000
-0.009942 0.085863 -0.273507 4.000000
-0.022334 0.077585 -0.197859 2.000000
0.191312 0.273796 0.041774 3.000000
-0.015666 0.145749 -0.670172 0.000000
-0.009915 -0.041464 -0.041231 2.000000
0.000063 -0.170258 0.183552 2.000000
0.002154 0.094425 -0.343094 4.000000
0.024564 0.143259 -0.419293 4.000000
0.001894 0.077241 0.032963 1.000000
-0.046130 0.002193 -0.576856 0.000000
-0.052896 -0.234789 0.238029 2.000000
-0.086417 -0.132179 0.146273 2.000000
-0.045705 0.109888 -0.614532 0.000000
-0.020713 0.062085 0.097787 1.000000
-0.086254 -0.262447 0.282372 2.000000
-0.049146 0.013040 -0.076109 2.000000
0.351604 0.413028 0.115784 3.000000
-0.226924 -0.613952 0.523289 2.000000
-0.086240 0.101270 0.369368 1.000000
0.032778 0.087863 -0.116270 1.000000
-0.004016 -0.000928 -0.136248 2.000000
-0.005124 0.026458 -0.191204 2.000000
0.045861 0.124677 -0.367221 3.000000
0.035295 0.194585 -0.832870 4.000000
-0.060269 0.097034 0.329586 1.000000
-0.130622 -0.472281 0.412620 2.000000
0.037281 0.081088 -0.261959 4.000000
-0.193862 -0.606327 0.474966 2.000000
-0.149671 -0.544867 0.437836 2.000000
0.144265 0.263079 -0.033523 3.000000
0.241283 0.430058 0.064289 3.000000
-0.334558 -0.769443 0.544086 2.000000
0.018768 0.188745 -0.961511 4.000000
-0.249501 0.163385 0.538684 1.000000
0.024044 -0.135008 0.093533 2.000000
0.001418 0.132243 -0.390556 3.000000
-0.136690 -0.390213 0.418383 2.000000
-0.038724 0.095772 0.302749 1.000000
0.141300 0.194848 -0.113071 3.000000
0.034969 0.107553 -0.679084 0.000000
-0.115172 -0.094706 -0.515386 0.000000
-0.049354 0.029964 -0.089834 2.000000
0.480583 0.500507 0.099179 3.000000
-0.169561 -0.619279 0.454566 2.000000
-0.114276 -0.225689 0.258829 2.000000
0.039344 0.080858 0.102632 1.000000
0.192650 0.257757 0.042214 3.000000
-0.092653 0.059454 -0.575719 0.000000
0.023693 0.182281 -0.228733 3.000000
-0.163411 0.094135 0.416059 1.000000
-0.025014 -0.343969 0.319088 2.000000
0.372724 0.402764 0.138373 3.000000
-0.069091 -0.047072 0.033395 2.000000
-0.048015 0.022097 0.188384 1.000000
-0.095529 -0.139131 0.153725 2.000000
-0.098310 -0.514363 0.396373 2.000000
-0.251231 -0.671104 0.543086 2.000000
-0.000999 -0.029060 -0.558647 0.000000
0.056696 0.063694 -0.023253 1.000000
0.004490 -0.187951 0.217154 2.000000
0.097540 0.291672 -0.034216 3.000000
-0.185728 -0.503011 0.475366 2.000000
0.264768 0.323530 0.109544 3.000000
0.039051 -0.048371 -0.001553 2.000000
0.029344 0.217483 -0.854063 4.000000
-0.124974 -0.301268 0.340981 2.000000
-0.020602 0.084084 -0.209403 2.000000
0.162384 0.366001 0.026274 3.000000
0.073743 0.132637 -0.307826 3.000000
0.370265 0.494633 0.088114 3.000000
0.045205 0.034924 -0.134321 2.000000
-0.051410 -0.426012 0.371391 2.000000
0.049311 0.208618 -0.139829 3.000000
-0.044750 0.028794 0.092676 1.000000
-0.106339 0.053028 0.352859 1.000000
-0.011034 -0.260370 0.277977 2.000000
-0.039279 0.121546 -0.621973 0.000000
0.033557 0.047988 -0.599680 0.000000
0.000258 0.096794 0.205246 1.000000
0.100169 0.154032 -0.188693 3.000000
-0.218336 -0.589634 0.521095 2.000000
0.170773 0.221333 -0.035207 3.000000
-0.121496 -0.009042 -0.533642 0.000000
-0.037279 0.032528 -0.006050 1.000000
-0.190847 0.137663 0.483477 1.000000
-0.000335 0.174969 -0.715448 4.000000
-0.073544 0.033749 0.267790 1.000000
-0.075292 -0.080083 0.104185 2.000000
0.047528 -0.009339 -0.071240 2.000000
0.429609 0.450349 0.125920 3.000000
-0.215772 -0.668550 0.479889 2.000000
0.302778 0.464241 0.077403 3.000000
-0.047598 -0.077462 -0.528115 0.000000
-0.098278 0.109889 0.394697 1.000000
0.010763 0.159905 -0.320200 3.000000
-0.286657 -0.727694 0.515789 2.000000
0.317590 0.363733 0.127903 3.000000
-0.167350 -0.446231 0.442288 2.000000
0.069268 0.252737 -0.091856 3.000000
-0.007325 0.105853 -0.271282 4.000000
0.012248 -0.165986 0.154855 2.000000
-0.132876 -0.566259 0.419452 2.000000
-0.105590 -0.187108 0.197567 2.000000
-0.035287 0.057771 -0.147332 2.000000
0.047501 0.072755 0.040336 1.000000
-0.063796 -0.021796 -0.023119 2.000000
0.058501 0.121162 -0.369402 3.000000
0.031635 -0.088614 0.044631 2.000000
0.226606 0.288679 0.081231 3.000000
0.090163 0.146959 -0.245755 3.000000
-0.131724 -0.343217 0.379575 2.000000
0.048828 0.054865 -0.078807 1.000000
-0.021469 0.146717 -0.669110 0.000000
-0.113576 -0.258327 0.307420 2.000000
0.125576 0.327278 -0.002840 3.000000
-0.068518 0.103448 0.347512 1.000000
0.022343 0.088165 0.153259 1.000000
0.427024 0.500542 0.096722 3.000000
-0.025866 0.100766 0.250816 1.000000
0.044007 0.147734 -0.716655 0.000000
-0.196506 -0.545389 0.503534 2.000000
0.196430 0.396639 0.050782 3.000000
-0.152725 0.125328 0.453490 1.000000
-0.036067 -0.383724 0.346965 2.000000
0.038757 0.079380 -0.638329 0.000000
-0.249452 -0.699437 0.494781 2.000000
-0.073027 -0.467334 0.382262 2.000000
0.118841 0.169750 -0.146935 3.000000
0.020391 0.172802 -0.275167 3.000000
-0.080458 0.041692 0.314024 1.000000
-0.132810 0.074534 0.385753 1.000000
-0.047064 0.031709 0.045698 1.000000
-0.044137 0.022452 0.138889 1.000000
-0.008944 -0.220545 0.254305 2.000000
0.035191 0.188479 -0.184507 3.000000
-0.016356 -0.302258 0.295782 2.000000
0.018015 0.007669 -0.576480 0.000000
-0.236067 -0.630604 0.531751 2.000000
-0.126130 -0.051502 -0.514242 0.000000
-0.070457 0.091600 -0.596588 0.000000
-0.229088 0.143396 0.504151 1.000000
-0.028564 0.027362 -0.047758 1.000000
0.175953 0.240203 0.002769 3.000000
-0.064166 0.030982 0.227592 1.000000
-0.306832 -0.739105 0.549506 2.000000
-0.106269 0.026259 -0.556129 0.000000
-0.125446 0.114704 0.424753 1.000000
-0.273193 -0.704386 0.548019 2.000000
0.157648 0.208105 -0.079595 3.000000
-0.058098 0.002321 -0.053341 2.000000
-0.189809 0.115325 0.447916 1.000000
0.039931 -0.032777 -0.036592 2.000000
-0.073835 -0.062408 0.068126 2.000000
-0.085659 -0.107559 0.128672 2.000000
0.045487 0.012546 -0.100988 2.000000
0.333847 0.482015 0.085926 3.000000
0.453573 0.475336 0.113752 3.000000
0.403707 0.425962 0.132885 3.000000
