-0.058381 0.229728 -0.870571 1.000000
-0.045471 -0.913816 0.361269 2.000000
-0.243258 0.347281 0.725162 4.000000
0.334223 0.465424 -0.026777 3.000000
-0.036428 -0.185509 0.132701 2.000000
-0.016398 0.130767 -0.322630 4.000000
0.007626 0.186860 0.389325 4.000000
0.061190 -0.526216 0.328401 2.000000
-0.001041 0.113771 0.011901 4.000000
-0.155540 -0.016665 -0.561655 0.000000
0.111715 0.329648 -0.078433 3.000000
-0.028461 0.192017 -0.621023 1.000000
-0.092217 0.221510 0.596843 4.000000
0.018205 -0.342250 0.251260 2.000000
-0.002865 -0.715064 0.369581 2.000000
-0.054541 0.124723 0.213070 4.000000
-0.018526 0.024257 -0.157812 2.000000
-0.002512 -0.067052 -0.000880 2.000000
0.080764 0.206772 -0.193508 3.000000
-0.036570 0.130699 -0.478211 1.000000
0.230562 0.370014 -0.010748 3.000000
-0.046937 0.056722 -0.614004 0.000000
0.049453 0.103180 0.141523 4.000000
-0.031194 0.197539 -0.750909 1.000000
-0.057720 0.174247 0.489740 4.000000
0.041474 0.146248 0.280556 4.000000
-0.164987 0.283500 0.664548 4.000000
0.043595 -0.247581 0.183637 2.000000
-0.005722 -0.436179 0.307352 2.000000
0.002900 0.108756 -0.094401 4.000000
0.052421 -0.632967 0.331376 2.000000
-0.061685 0.144518 0.322281 4.000000
-0.014294 0.115621 -0.209969 4.000000
0.037043 -0.129137 0.083286 2.000000
-0.009400 -0.815337 0.350869 2.000000
-0.050986 0.094257 0.116906 4.000000
-0.040195 -0.009916 -0.069370 2.000000
-0.140585 0.070036 -0.592907 0.000000
0.018764 0.192248 -0.264973 3.000000
0.061309 0.269462 -0.131717 3.000000
-0.004434 -0.573161 0.368293 2.000000
-0.092447 0.131507 -0.638179 0.000000
-0.035951 -0.281779 0.214266 2.000000
-0.047598 -0.111911 0.060840 2.000000
-0.009389 0.161620 -0.400017 3.000000
0.253993 0.449722 -0.033750 3.000000
-0.054090 0.252012 0.531945 4.000000
-0.032228 0.140934 -0.691381 0.000000
0.174743 0.316637 -0.027359 3.000000
-0.021679 0.166559 -0.546524 1.000000
0.118902 0.252370 -0.082630 3.000000
0.045829 0.081042 0.064112 4.000000
0.167503 0.395210 -0.047482 3.000000
-0.028212 0.060622 -0.036484 4.000000
-0.054486 0.148340 0.409226 4.000000
0.038018 -0.175550 0.141668 2.000000
-0.010105 0.219106 0.455878 4.000000
0.014626 0.086307 -0.269645 2.000000
0.019802 0.130556 0.201525 4.000000
-0.090568 0.005212 -0.589217 0.000000
0.025938 0.007189 -0.089571 2.000000
0.051932 -0.384171 0.296725 2.000000
0.020770 0.238855 -0.181429 3.000000
0.061135 -0.453165 0.309191 2.000000
-0.009815 -0.647184 0.371213 2.000000
-0.002731 -0.499999 0.331352 2.000000
-0.038365 0.065286 0.042010 4.000000
-0.104120 0.282036 0.623483 4.000000
-0.030089 -0.380990 0.273316 2.000000
-0.034763 0.205559 -0.686771 1.000000
0.033588 0.077564 -0.031126 4.000000
-0.027457 0.089998 -0.152828 4.000000
0.287208 0.403372 -0.005521 3.000000
-0.000511 0.162671 0.325351 4.000000
0.001152 0.118565 0.090384 4.000000
-0.033111 -0.227143 0.182355 2.000000
-0.055610 0.219862 -0.809010 1.000000
-0.047344 0.090335 -0.274499 2.000000
-0.017175 0.141604 0.260612 4.000000
0.043832 -0.288888 0.229972 2.000000
-0.032352 0.105709 -0.376280 2.000000
0.034960 -0.082587 0.044216 2.000000
-0.076035 0.194396 0.545178 4.000000
0.016268 0.066097 -0.197556 2.000000
-0.011922 0.123280 0.149315 4.000000
0.100692 0.227599 -0.140320 3.000000
0.030240 0.165218 -0.321146 3.000000
0.026747 -0.019583 -0.038133 2.000000
-0.205608 0.317996 0.692570 4.000000
0.037157 -0.689202 0.337548 2.000000
-0.016010 -0.771500 0.384637 2.000000
0.044085 -0.577541 0.335882 2.000000
-0.032520 -0.335103 0.237014 2.000000
0.001079 -0.163775 0.102221 2.000000
0.017606 -0.768591 0.343880 2.000000
-0.043437 0.072286 -0.217996 2.000000
-0.027128 -0.868651 0.341199 2.000000
-0.024747 0.064539 -0.089294 4.000000
-0.007733 0.108229 -0.041050 4.000000
-0.037731 0.112158 -0.648501 0.000000
-0.096467 0.071745 -0.618223 0.000000
0.010375 -0.217704 0.157709 2.000000
-0.022180 0.116867 -0.424413 1.000000
0.144999 0.280582 -0.050032 3.000000
0.216119 0.408251 -0.040034 3.000000
-0.061962 0.234296 -0.920319 1.000000
-0.043754 -0.073025 0.026582 2.000000
-0.041295 0.220679 0.494551 4.000000
0.007639 0.066547 -0.127024 4.000000
0.054435 0.180678 -0.232836 3.000000
-0.036233 -0.036103 -0.027740 2.000000
-0.014155 0.124819 -0.258587 4.000000
-0.072046 0.262543 0.578347 4.000000
-0.071246 0.166003 -0.675989 0.000000
0.094431 0.290264 -0.100712 3.000000
-0.041415 0.185504 0.440898 4.000000
-0.032187 0.152483 0.360212 4.000000
-0.022885 0.169926 -0.349672 3.000000
-0.021487 0.010357 -0.112110 2.000000
0.149777 0.352281 -0.055998 3.000000
0.000850 -0.114248 0.046518 2.000000
0.020058 0.067593 -0.079155 4.000000
0.012555 -0.543280 0.337968 2.000000
-0.144737 0.023609 -0.579564 0.000000
0.065787 0.240155 -0.166178 3.000000
0.021310 0.022693 -0.131593 2.000000
-0.135345 0.256555 0.644085 4.000000
-0.039640 -0.147433 0.092345 2.000000
-0.087204 0.208480 0.580496 4.000000
-0.061827 0.230892 -0.928390 1.000000
-0.054710 -0.935765 0.348355 2.000000
0.352286 0.469840 -0.027106 3.000000
-0.049813 -0.039113 -0.018512 2.000000
0.065599 -0.425958 0.307245 2.000000
-0.156903 -0.032371 -0.560837 0.000000
0.034734 0.163405 -0.315753 3.000000
0.050081 0.141481 0.267155 4.000000
0.089397 0.338878 -0.081924 3.000000
-0.259484 0.361272 0.736487 4.000000
-0.021540 -0.673416 0.379190 2.000000
-0.029515 0.177292 -0.661176 1.000000
-0.041700 -0.221658 0.178660 2.000000
-0.058887 0.092366 0.121761 4.000000
-0.046682 0.061346 -0.175434 2.000000
-0.064020 0.148311 0.408462 4.000000
0.233925 0.356410 -0.000407 3.000000
0.048149 -0.126766 0.080553 2.000000
0.093909 0.212817 -0.174516 3.000000
0.041304 0.066271 0.020613 4.000000
-0.017674 -0.530818 0.356988 2.000000
0.011361 -0.806006 0.338132 2.000000
-0.036544 -0.347300 0.245850 2.000000
-0.148577 0.302473 0.667625 4.000000
-0.045757 0.045804 -0.610895 0.000000
-0.041084 0.225641 -0.792987 1.000000
-0.041454 0.150478 -0.424524 1.000000
0.033536 0.007666 -0.098148 2.000000
-0.017518 0.232502 0.482795 4.000000
-0.066576 0.134562 0.236676 4.000000
0.056474 0.103486 0.152981 4.000000
-0.032315 0.146377 -0.545444 1.000000
0.065752 -0.610685 0.330057 2.000000
0.054179 -0.282369 0.216159 2.000000
-0.050972 0.095364 -0.286222 2.000000
0.027293 0.184491 0.366866 4.000000
-0.113488 0.125055 -0.623051 0.000000
-0.000217 0.207992 -0.218718 3.000000
0.245776 0.453313 -0.033200 3.000000
-0.052226 -0.112726 0.063055 2.000000
0.158342 0.280876 -0.037885 3.000000
0.049742 -0.198034 0.154875 2.000000
-0.028191 0.054851 -0.041433 4.000000
-0.027531 -0.428501 0.314778 2.000000
0.071502 -0.517823 0.326869 2.000000
0.167330 0.406452 -0.047925 3.000000
0.039122 0.274695 -0.133570 3.000000
0.043336 -0.718016 0.332647 2.000000
0.030224 -0.056735 0.021559 2.000000
0.023636 0.079875 -0.237622 2.000000
-0.152693 0.055465 -0.580214 0.000000
0.047874 -0.342847 0.281169 2.000000
-0.051143 0.002826 -0.103996 2.000000
-0.044349 0.066269 0.040609 4.000000
-0.066757 0.145507 0.320029 4.000000
0.117335 0.238392 -0.094713 3.000000
-0.044972 -0.171423 0.115904 2.000000
-0.059671 0.164031 0.485853 4.000000
-0.022476 -0.758325 0.390796 2.000000
-0.092498 0.280717 0.610818 4.000000
0.300261 0.407688 0.000101 3.000000
-0.027613 0.102736 -0.365010 2.000000
-0.034860 -0.863953 0.368975 2.000000
0.029478 0.039147 -0.164505 2.000000
-0.215154 0.321254 0.693919 4.000000
-0.089607 -0.009227 -0.577285 0.000000
-0.009771 -0.602188 0.368167 2.000000
-0.030060 0.184483 -0.733110 1.000000
-0.027958 0.173687 -0.353334 3.000000
-0.055897 0.259917 0.542321 4.000000
-0.025106 0.103545 -0.646128 0.000000
-0.042724 -0.283404 0.217666 2.000000
0.060287 0.177285 -0.231318 3.000000
-0.047865 0.249958 -0.864697 1.000000
0.032313 -0.022606 -0.036837 2.000000
-0.023722 0.066553 -0.107703 4.000000
0.049496 0.080050 0.085875 4.000000
0.015853 0.100794 -0.303548 4.000000
0.004965 0.207872 0.426002 4.000000
-0.011954 0.186063 -0.281429 3.000000
0.056630 0.122000 0.210701 4.000000
0.011552 0.145422 -0.397206 3.000000
-0.134117 0.249502 0.645622 4.000000
-0.064085 0.111355 0.176963 4.000000
-0.045064 0.075597 -0.231332 2.000000
0.016182 0.245343 -0.177153 3.000000
-0.083291 0.161487 -0.656386 0.000000
0.036989 0.156103 0.319897 4.000000
-0.049789 -0.068694 0.028435 2.000000
0.193427 0.316135 -0.013492 3.000000
0.027268 0.055519 -0.031779 4.000000
-0.047114 0.167953 -0.609927 1.000000
-0.019023 -0.814399 0.386065 2.000000
0.127936 0.369295 -0.058618 3.000000
0.050846 -0.664422 0.328537 2.000000
-0.021152 -0.482786 0.332214 2.000000
0.296843 0.470847 -0.029408 3.000000
-0.069785 0.185397 0.536380 4.000000
-0.033378 -0.389033 0.280457 2.000000
0.043678 -0.158759 0.122581 2.000000
-0.029124 0.141418 -0.697179 0.000000
0.054532 -0.241532 0.178407 2.000000
-0.006022 0.074041 -0.196633 4.000000
0.062184 0.305280 -0.105636 3.000000
-0.062595 0.187938 -0.693064 1.000000
-0.059668 0.212967 -0.833951 1.000000
0.028005 -0.761515 0.338947 2.000000
0.068931 -0.473924 0.313650 2.000000
0.006927 0.056384 -0.072743 4.000000
-0.053562 -0.015475 -0.062188 2.000000
-0.159860 0.014724 -0.561693 0.000000
-0.134565 0.090215 -0.602208 0.000000
0.043565 -0.090455 0.048059 2.000000
-0.099773 0.225657 0.619299 4.000000
0.067379 -0.560945 0.333725 2.000000
-0.006246 -0.849808 0.339405 2.000000
-0.014118 0.127454 -0.286796 4.000000
0.005635 0.121251 -0.344076 4.000000
-0.047367 0.114880 -0.328441 4.000000
0.049941 -0.308811 0.254499 2.000000
-0.050987 0.077545 0.081736 4.000000
-0.066779 0.146115 0.365485 4.000000
0.045057 0.165719 -0.269660 3.000000
-0.017921 -0.714749 0.389334 2.000000
-0.013156 0.062882 -0.149065 4.000000
-0.052056 0.036203 -0.141656 2.000000
0.324550 0.443033 -0.009498 3.000000
