0.052016 0.184348 -0.676607 4.000000
-0.438021 0.297304 0.790388 1.000000
-0.164151 -0.958551 0.158250 0.000000
0.047651 0.101905 0.152563 1.000000
0.387668 0.453275 -0.081323 2.000000
-0.010075 -0.439830 0.184807 0.000000
-0.117243 0.241338 0.521971 1.000000
0.027299 0.079674 -0.269316 0.000000
-0.003052 -0.173352 0.021840 0.000000
0.144401 0.323699 -0.163733 2.000000
0.075274 0.262367 -0.942025 4.000000
-0.082011 -0.703606 0.218111 0.000000
-0.238130 0.274455 0.702301 1.000000
-0.000730 0.192378 0.345475 1.000000
0.039725 0.182957 -0.460896 2.000000
0.029352 0.129633 -0.059123 1.000000
-0.047304 0.007247 -0.622500 3.000000
0.016124 -0.044243 -0.098781 0.000000
0.098991 0.225010 -0.299083 2.000000
-0.047230 -0.297314 0.120672 0.000000
0.267142 0.355208 -0.075791 2.000000
-0.003783 -0.585406 0.205237 0.000000
-0.087649 -0.838231 0.173033 0.000000
0.044096 0.226286 -0.809213 4.000000
-0.043006 0.109416 0.244375 1.000000
-0.107654 0.173909 0.412425 1.000000
-0.013956 0.075684 0.044221 1.000000
-0.166252 0.234270 0.623553 1.000000
0.060207 0.032551 -0.173715 0.000000
0.036610 0.070746 -0.658295 3.000000
-0.331890 0.295728 0.756566 1.000000
0.047194 0.120938 -0.369611 4.000000
0.048374 0.160836 -0.567253 4.000000
0.038654 0.130657 -0.165892 1.000000
-0.026234 -0.091666 -0.025735 0.000000
0.042885 0.151597 0.241351 1.000000
0.024196 -0.239100 0.085649 0.000000
-0.040769 0.234673 0.437329 1.000000
0.143981 0.245385 -0.220047 2.000000
0.069234 0.096316 0.017886 1.000000
-0.075110 0.142747 0.320798 1.000000
0.016108 -0.354872 0.145461 0.000000
0.079795 0.200707 -0.383893 2.000000
0.303342 0.439261 -0.096355 2.000000
0.205816 0.299040 -0.110348 2.000000
-0.030668 0.121135 -0.659657 3.000000
0.202459 0.383695 -0.119718 2.000000
-0.074954 -0.620988 0.223193 0.000000
-0.069508 -0.540734 0.212045 0.000000
-0.104877 -0.779158 0.223189 0.000000
-0.026199 0.087114 0.133293 1.000000
-0.060909 -0.368161 0.148914 0.000000
0.031699 0.073460 -0.112296 1.000000
0.019285 0.130174 0.085786 1.000000
-0.047715 -0.227913 0.066466 0.000000
0.039274 -0.116582 0.000947 0.000000
-0.004826 0.016082 -0.144223 0.000000
-0.197669 0.299688 0.632940 1.000000
-0.007723 0.140989 0.179351 1.000000
0.045638 0.143939 -0.298384 1.000000
0.066308 0.229052 -0.740789 4.000000
0.060056 0.270118 -0.873121 4.000000
-0.017268 -0.657199 0.204155 0.000000
-0.043398 -0.749457 0.181583 0.000000
-0.131706 -0.905541 0.188349 0.000000
-0.125462 0.184354 0.477772 1.000000
-0.020273 0.163871 0.278946 1.000000
0.004828 0.076679 -0.026107 1.000000
-0.015689 -0.504366 0.199143 0.000000
-0.147928 0.286919 0.588216 1.000000
0.049554 -0.072408 -0.045744 0.000000
0.037113 0.135484 -0.234610 1.000000
-0.059074 0.185372 0.372318 1.000000
0.323152 0.390044 -0.060724 2.000000
0.009212 0.051814 -0.206671 0.000000
-0.070813 -0.434808 0.169672 0.000000
0.021306 -0.300467 0.115057 0.000000
0.169918 0.267056 -0.159314 2.000000
0.065678 0.197582 -0.613661 4.000000
0.087741 0.257594 -0.247999 2.000000
0.014324 0.125382 0.023930 1.000000
0.055065 0.125818 -0.686625 3.000000
0.066735 0.087029 -0.042924 1.000000
-0.024879 0.063314 -0.650532 3.000000
0.066416 0.096294 0.076835 1.000000
-0.278354 0.313431 0.718220 1.000000
-0.144622 0.219793 0.571543 1.000000
0.045490 0.175388 -0.733625 3.000000
0.052420 0.154050 -0.509175 4.000000
0.047316 0.133854 -0.424587 4.000000
0.000528 0.160930 -0.684459 3.000000
0.065102 0.060698 -0.232453 0.000000
0.251635 0.405480 -0.106082 2.000000
-0.072572 0.246630 0.481137 1.000000
0.116215 0.289565 -0.196716 2.000000
0.057925 -0.017900 -0.123230 0.000000
-0.073083 -0.482097 0.195059 0.000000
-0.386960 0.305974 0.776174 1.000000
0.067794 0.093110 -0.301261 0.000000
-0.201753 0.257099 0.667502 1.000000
-0.026294 0.089360 0.186161 1.000000
0.027883 0.126220 -0.114551 1.000000
-0.018952 0.214894 0.394092 1.000000
-0.020079 -0.266083 0.089697 0.000000
0.037401 -0.191998 0.047465 0.000000
0.051713 0.139342 0.192536 1.000000
-0.020236 -0.059064 -0.066100 0.000000
0.024083 0.172758 0.302162 1.000000
0.001056 0.022575 -0.634670 3.000000
0.059026 0.231482 -0.905502 4.000000
-0.014288 0.152085 0.230474 1.000000
0.067125 0.211835 -0.334607 2.000000
-0.125318 -0.857501 0.198424 0.000000
0.186170 0.339956 -0.135615 2.000000
-0.027421 -0.703722 0.190320 0.000000
0.228609 0.342233 -0.104230 2.000000
0.041594 0.082014 -0.161604 1.000000
0.063443 0.224906 -0.855137 4.000000
-0.022582 -0.397353 0.156471 0.000000
-0.082184 0.211153 0.447283 1.000000
0.080970 0.170767 -0.438754 2.000000
-0.022320 -0.132273 0.006866 0.000000
0.060498 0.104045 -0.087666 1.000000
0.051347 0.100799 -0.205531 1.000000
-0.096438 0.158546 0.360760 1.000000
-0.067623 -0.789951 0.184161 0.000000
-0.024101 -0.337500 0.128445 0.000000
0.031116 0.108664 -0.325531 0.000000
0.053211 0.103310 0.172689 1.000000
0.062889 0.239949 -0.952561 4.000000
-0.173857 -0.973883 0.146032 0.000000
-0.474258 0.297289 0.804883 1.000000
0.407652 0.464751 -0.084987 2.000000
0.007521 -0.453291 0.204516 0.000000
0.047706 0.200710 -0.403170 2.000000
-0.114460 0.282479 0.545780 1.000000
0.067465 -0.003461 -0.141978 0.000000
-0.056775 -0.000666 -0.620531 3.000000
-0.050594 -0.205720 0.050064 0.000000
0.145952 0.336981 -0.158194 2.000000
-0.033603 -0.732736 0.181389 0.000000
-0.095641 0.152302 0.348599 1.000000
0.024393 0.193814 -0.725068 3.000000
-0.254047 0.270183 0.731256 1.000000
0.021062 0.129325 -0.020255 1.000000
0.006273 0.083239 -0.277487 0.000000
0.284558 0.355483 -0.062609 2.000000
0.139657 0.214102 -0.270649 2.000000
-0.082089 -0.584378 0.221284 0.000000
0.046630 -0.097212 -0.015330 0.000000
0.027076 -0.322582 0.121353 0.000000
-0.127296 -0.844508 0.211568 0.000000
-0.034303 0.237284 0.436885 1.000000
0.050188 0.074957 -0.662084 3.000000
0.032737 0.167663 0.291420 1.000000
-0.027553 0.079474 0.081129 1.000000
-0.173827 0.234087 0.645449 1.000000
-0.133412 0.182243 0.482346 1.000000
-0.070413 -0.383573 0.150973 0.000000
-0.363723 0.312621 0.768760 1.000000
-0.046504 0.099159 0.242821 1.000000
-0.023459 -0.045030 -0.087246 0.000000
0.074007 0.100149 0.069901 1.000000
0.301516 0.451267 -0.095045 2.000000
-0.048238 0.098094 -0.643782 3.000000
0.011907 -0.554891 0.204333 0.000000
0.216222 0.402606 -0.115003 2.000000
0.044392 -0.185777 0.042332 0.000000
0.069093 0.125048 -0.345821 4.000000
0.169755 0.245405 -0.184170 2.000000
0.213765 0.300057 -0.100848 2.000000
0.069269 0.158826 -0.486960 4.000000
-0.000542 0.047093 -0.188772 0.000000
0.023438 0.073046 -0.097719 1.000000
-0.056738 -0.278468 0.112385 0.000000
-0.078629 -0.491608 0.199568 0.000000
-0.092486 -0.680515 0.229960 0.000000
-0.008278 -0.648939 0.206277 0.000000
0.060585 0.215510 -0.314989 2.000000
0.094154 0.275725 -0.222570 2.000000
-0.221666 0.309267 0.654192 1.000000
-0.038076 -0.126020 0.011788 0.000000
-0.149733 0.201567 0.568022 1.000000
0.003223 0.204310 0.363003 1.000000
0.068530 0.268650 -0.873579 4.000000
-0.106505 -0.762799 0.223103 0.000000
-0.121705 -0.901999 0.151705 0.000000
-0.060400 -0.816930 0.171839 0.000000
-0.026659 0.083191 0.164763 1.000000
0.068511 0.057492 -0.229477 0.000000
0.032092 -0.244868 0.092893 0.000000
0.057847 -0.047135 -0.078439 0.000000
0.354366 0.407106 -0.059373 2.000000
0.045599 0.103058 0.247620 1.000000
0.018815 -0.388466 0.168160 0.000000
-0.167335 0.296193 0.605697 1.000000
-0.011599 0.155063 -0.677008 3.000000
-0.117172 0.174413 0.412430 1.000000
0.067639 0.141368 -0.704976 3.000000
-0.074391 0.257339 0.493208 1.000000
0.008999 0.021692 -0.633045 3.000000
0.106055 0.186822 -0.366552 2.000000
-0.010125 0.069206 0.014734 1.000000
0.067558 0.083927 0.002116 1.000000
-0.014742 0.004444 -0.132739 0.000000
-0.301602 0.317941 0.736825 1.000000
0.075348 0.200058 -0.766803 3.000000
0.070352 0.083121 -0.289654 0.000000
-0.030474 -0.081768 -0.036307 0.000000
-0.072499 0.127506 0.295462 1.000000
-0.215742 0.250419 0.689295 1.000000
-0.420135 0.291328 0.781782 1.000000
0.015931 0.116598 -0.325028 1.000000
0.010058 0.066285 -0.042760 1.000000
0.078685 0.241734 -0.268176 2.000000
0.037083 0.104246 0.112535 1.000000
-0.062244 -0.328772 0.142976 0.000000
-0.076228 -0.436047 0.169444 0.000000
0.085210 0.169472 -0.434445 2.000000
0.061518 0.079899 -0.057676 1.000000
-0.258502 0.316879 0.703126 1.000000
0.185773 0.267949 -0.133260 2.000000
0.113362 0.190605 -0.310822 2.000000
0.354487 0.463983 -0.088416 2.000000
0.055249 0.141110 0.211876 1.000000
-0.088621 -0.861756 0.161592 0.000000
0.066809 0.041114 -0.179163 0.000000
0.038499 0.189066 -0.456631 2.000000
-0.061037 0.051774 -0.622387 3.000000
-0.326931 0.276397 0.759098 1.000000
0.028307 0.144432 -0.372049 4.000000
0.114677 0.304327 -0.182845 2.000000
0.179912 0.369473 -0.129486 2.000000
0.010504 -0.504346 0.207501 0.000000
-0.147942 -0.940768 0.173213 0.000000
0.047011 -0.141598 0.019787 0.000000
-0.130639 -0.892533 0.198564 0.000000
0.246359 0.326296 -0.077215 2.000000
0.002409 0.062962 -0.234779 0.000000
-0.080035 -0.630471 0.230360 0.000000
0.046143 0.096240 -0.215827 1.000000
-0.078781 -0.534954 0.215687 0.000000
0.262506 0.428423 -0.104480 2.000000
-0.020040 -0.691127 0.194035 0.000000
0.003276 -0.605066 0.209275 0.000000
0.156626 0.230950 -0.232031 2.000000
-0.055119 -0.245922 0.081740 0.000000
-0.013899 0.221462 0.398283 1.000000
-0.044271 -0.164178 0.030097 0.000000
0.056448 0.208150 -0.356799 2.000000
0.015527 0.185285 0.326914 1.000000
-0.111426 -0.804431 0.220045 0.000000
-0.028196 0.082972 0.123226 1.000000
-0.101196 -0.720597 0.223408 0.000000
-0.141590 0.192374 0.528522 1.000000
0.070219 0.167803 -0.741431 3.000000
