0.014572 -0.071797 0.109011 2.000000
0.043162 0.131343 -0.873931 4.000000
-0.158267 0.602712 0.754916 0.000000
-0.279303 -0.794578 -0.066621 1.000000
0.296291 0.306550 -0.226851 5.000000
0.078985 0.251490 0.497861 0.000000
0.022164 0.043782 -0.443326 4.000000
-0.151528 -0.420881 -0.001321 1.000000
-0.023055 -0.095907 -0.184763 1.000000
-0.012254 -0.242880 0.341056 2.000000
-0.000267 0.117575 0.292047 0.000000
0.002115 0.419881 0.676941 0.000000
0.016221 0.019150 -0.673456 3.000000
0.107060 0.188219 -0.285215 5.000000
-0.165030 -0.630773 -0.008306 1.000000
-0.064347 -0.253824 -0.066980 1.000000
0.027016 0.042655 -0.055483 0.000000
0.018870 0.039329 -0.275831 0.000000
0.070500 0.055641 0.170457 0.000000
-0.017588 -0.150829 0.228805 2.000000
0.092624 0.156103 0.381458 0.000000
-0.000639 0.326284 0.581452 0.000000
-0.049253 0.536775 0.714688 0.000000
0.045531 0.081352 -0.564635 4.000000
-0.011561 0.054132 0.074463 0.000000
0.207110 0.218609 -0.210832 5.000000
0.058504 0.103602 -0.753733 4.000000
0.080906 0.119080 -0.376537 5.000000
-0.036304 -0.070797 -0.625442 3.000000
0.039169 0.007547 -0.167855 0.000000
-0.121001 -0.529364 0.013419 1.000000
-0.011181 -0.034802 0.011039 2.000000
-0.233237 -0.713149 -0.009677 1.000000
0.011241 0.178737 0.445602 0.000000
-0.019030 -0.168900 -0.109640 1.000000
-0.070144 -0.347170 -0.021796 1.000000
0.082329 0.086883 0.257005 0.000000
0.060054 0.011740 0.042639 0.000000
-0.004438 0.070037 0.215416 0.000000
0.047540 0.098733 -0.651328 4.000000
0.022329 -0.041363 -0.241341 1.000000
0.040952 0.395667 0.605221 0.000000
0.030249 0.026461 -0.358145 4.000000
-0.000140 0.268014 0.518325 0.000000
0.003127 0.149254 0.368186 0.000000
-0.032380 -0.103833 0.166887 2.000000
0.066155 0.312709 0.546325 0.000000
0.005833 -0.014442 -0.102479 2.000000
0.067152 0.118560 0.322960 0.000000
0.227358 0.284922 -0.234483 5.000000
-0.182828 -0.566362 0.019996 1.000000
0.077279 0.204859 0.440824 0.000000
0.151437 0.237414 -0.250993 5.000000
-0.011441 -0.193653 0.285113 2.000000
-0.008012 0.056328 0.144360 0.000000
-0.013979 0.036669 0.000815 0.000000
-0.019841 0.473402 0.715599 0.000000
0.046661 0.081113 -0.495644 5.000000
0.049275 0.046874 0.107772 0.000000
0.153899 0.169984 -0.243208 5.000000
0.029414 -0.020962 -0.042164 2.000000
0.041245 0.098338 -0.816170 4.000000
0.116729 0.129548 -0.323561 5.000000
0.065776 0.090259 -0.434483 5.000000
-0.163566 -0.480852 0.018553 1.000000
-0.090925 -0.402942 0.006862 1.000000
-0.032825 -0.009821 -0.643277 3.000000
-0.103361 0.572847 0.744381 0.000000
-0.077651 -0.183638 -0.092398 1.000000
-0.234392 -0.751346 -0.059762 1.000000
-0.026222 -0.044183 0.070527 2.000000
-0.134564 -0.362030 -0.009891 1.000000
0.034798 -0.015012 -0.300220 1.000000
0.027141 0.069179 -0.707587 3.000000
0.026909 0.228619 0.477860 0.000000
-0.004617 0.369988 0.634768 0.000000
0.015765 -0.044869 -0.640702 3.000000
-0.109667 -0.304616 -0.032857 1.000000
-0.049080 -0.129939 -0.141947 1.000000
-0.108457 -0.457206 0.018674 1.000000
0.035333 0.012247 -0.227038 0.000000
-0.215098 -0.654768 0.003271 1.000000
0.041798 0.182433 0.399012 0.000000
0.036904 0.030771 -0.112289 0.000000
-0.188193 -0.692803 -0.032292 1.000000
-0.029825 -0.213856 -0.078368 1.000000
0.046162 0.088186 0.216636 0.000000
0.043084 0.030413 -0.005700 0.000000
0.006131 0.469085 0.656432 0.000000
0.024046 -0.047023 0.048317 2.000000
-0.057033 -0.295806 -0.036212 1.000000
0.032140 0.065385 -0.613777 4.000000
0.260903 0.256445 -0.206083 5.000000
-0.137164 -0.588176 0.009844 1.000000
0.031438 0.054556 0.040722 0.000000
-0.011674 -0.017198 -0.271417 1.000000
-0.022405 -0.047396 -0.222215 1.000000
-0.004500 0.011705 -0.145976 0.000000
0.029701 0.051251 -0.530020 4.000000
0.074099 0.148148 -0.335204 5.000000
0.029621 0.054655 -0.397687 4.000000
0.044684 0.344273 0.573884 0.000000
0.046434 0.111633 0.274549 0.000000
0.048650 0.153929 0.359947 0.000000
0.003719 0.021318 -0.194342 0.000000
-0.004011 -0.125437 -0.151598 1.000000
0.035812 0.073321 0.146509 0.000000
0.001199 0.013095 -0.312882 1.000000
0.130438 0.149480 -0.282017 5.000000
0.011011 -0.071955 -0.202631 1.000000
-0.011444 0.017162 -0.075005 0.000000
0.021814 0.302044 0.551349 0.000000
0.191272 0.253564 -0.238855 5.000000
-0.197697 -0.613531 0.016575 1.000000
0.026063 0.134312 0.324906 0.000000
0.025765 0.426086 0.633152 0.000000
0.049330 0.105431 -0.696555 4.000000
0.013440 0.094902 0.246603 0.000000
0.062180 0.139003 -0.835349 4.000000
-0.009019 -0.010277 -0.025069 2.000000
-0.171638 -0.524836 0.020270 1.000000
-0.028062 -0.068585 0.110983 2.000000
0.052440 0.035877 -0.688646 3.000000
0.027326 0.044897 -0.487979 4.000000
0.006189 0.162151 0.407744 0.000000
0.036292 0.039534 -0.313635 4.000000
0.012137 -0.087454 0.147429 2.000000
0.046047 0.000509 -0.073546 0.000000
0.096732 0.178892 0.410642 0.000000
0.045363 0.134593 -0.879327 4.000000
-0.298556 -0.818272 -0.087601 1.000000
0.320784 0.307006 -0.227099 5.000000
-0.088433 -0.196967 -0.082683 1.000000
-0.182516 0.623180 0.760483 0.000000
-0.005844 -0.286433 0.393808 2.000000
0.035116 0.095757 -0.459454 5.000000
-0.112109 -0.534218 0.013905 1.000000
0.071450 0.021271 0.111387 0.000000
0.037020 0.421534 0.621688 0.000000
0.028223 -0.041176 -0.242694 1.000000
-0.036187 -0.076315 -0.624812 3.000000
0.110928 0.210908 -0.273827 5.000000
-0.032060 -0.146271 0.219485 2.000000
-0.008472 0.103496 0.268408 0.000000
-0.009996 0.020726 -0.062820 0.000000
0.055570 0.053002 -0.716078 3.000000
-0.135662 -0.355309 -0.007407 1.000000
-0.227687 -0.679125 0.003055 1.000000
-0.002544 0.276738 0.524688 0.000000
-0.050334 0.510633 0.740418 0.000000
-0.035286 -0.060592 0.107324 2.000000
0.003352 0.032230 -0.349005 4.000000
0.221878 0.226013 -0.204272 5.000000
0.002473 -0.131963 -0.147070 1.000000
0.106865 0.109729 -0.356621 5.000000
0.090033 0.073702 0.217167 0.000000
-0.018838 0.048880 0.047567 0.000000
-0.047312 -0.292257 -0.037256 1.000000
-0.007211 -0.209524 0.312327 2.000000
-0.004061 0.150330 0.371908 0.000000
0.085895 0.105902 0.328743 0.000000
-0.011749 0.058933 0.168613 0.000000
0.074555 0.334738 0.562386 0.000000
-0.022541 0.020364 -0.657620 3.000000
0.009412 0.192158 0.463678 0.000000
0.059420 -0.001003 0.010304 0.000000
-0.163758 -0.448691 0.008759 1.000000
-0.193365 -0.589520 0.026804 1.000000
0.086047 0.244934 0.493544 0.000000
-0.230367 -0.754527 -0.060764 1.000000
-0.011239 0.339594 0.599086 0.000000
-0.010404 0.443529 0.697835 0.000000
-0.103243 0.580403 0.743705 0.000000
-0.040545 -0.069956 -0.189768 1.000000
0.009592 -0.096314 0.167248 2.000000
-0.087578 -0.421317 0.014864 1.000000
-0.155214 -0.644897 -0.018500 1.000000
0.030206 -0.037133 -0.645467 3.000000
0.242721 0.297546 -0.232020 5.000000
0.135052 0.138484 -0.287575 5.000000
0.167203 0.177435 -0.230030 5.000000
0.030182 -0.046976 0.063076 2.000000
0.166819 0.256161 -0.246436 5.000000
-0.016694 -0.181440 -0.096184 1.000000
-0.120765 -0.292883 -0.037413 1.000000
0.074907 0.161501 -0.320414 5.000000
-0.065400 -0.358821 -0.021514 1.000000
-0.013122 -0.006425 -0.287916 1.000000
-0.018490 -0.014044 0.016493 2.000000
-0.065236 -0.142971 -0.128668 1.000000
0.044321 0.114029 -0.392705 5.000000
-0.176365 -0.513566 0.024930 1.000000
-0.009566 0.384560 0.654428 0.000000
0.057677 0.064955 -0.512179 4.000000
-0.020740 0.505823 0.683087 0.000000
-0.189762 -0.706765 -0.041400 1.000000
-0.031084 -0.241183 -0.069702 1.000000
0.018829 -0.082175 -0.197371 1.000000
-0.018632 0.054874 0.108278 0.000000
-0.133045 -0.594920 0.007017 1.000000
0.040136 -0.000958 -0.316407 1.000000
-0.002405 -0.173779 0.262222 2.000000
0.052168 0.012184 -0.668114 3.000000
-0.105077 -0.476241 0.024950 1.000000
0.059265 0.137652 -0.822914 4.000000
0.273014 0.258264 -0.201719 5.000000
0.009801 0.064199 -0.684213 3.000000
0.082171 0.047740 0.160535 0.000000
-0.007024 0.132454 0.316571 0.000000
0.080708 0.086814 -0.428067 5.000000
0.017605 0.466501 0.655465 0.000000
0.057804 0.378764 0.592173 0.000000
-0.102151 -0.247925 -0.065024 1.000000
0.087124 0.088310 0.276332 0.000000
0.094304 0.142130 0.369493 0.000000
0.083335 0.288380 0.526919 0.000000
-0.007719 -0.247620 0.351416 2.000000
-0.026004 -0.037280 -0.238401 1.000000
-0.269753 -0.789284 -0.049192 1.000000
-0.009425 0.068163 0.221405 0.000000
0.020312 -0.074222 0.119562 2.000000
-0.016800 0.033431 -0.011477 0.000000
-0.244119 -0.727253 -0.012344 1.000000
-0.041539 -0.024845 -0.633852 3.000000
0.091203 0.207788 0.457773 0.000000
-0.028856 -0.033465 0.063344 2.000000
-0.039019 -0.111926 0.173275 2.000000
-0.000186 0.235592 0.494756 0.000000
0.067035 0.010713 0.058323 0.000000
0.027508 0.091953 -0.729025 4.000000
-0.051382 -0.108727 -0.162871 1.000000
-0.149404 -0.401683 -0.005389 1.000000
-0.211119 -0.630831 0.009351 1.000000
0.002420 0.165538 0.417099 0.000000
-0.063912 0.552646 0.724204 0.000000
-0.147863 0.588154 0.753110 0.000000
0.032146 -0.005757 -0.026336 0.000000
0.002804 -0.118738 0.209911 2.000000
0.059452 0.133561 -0.355029 5.000000
-0.008383 0.314037 0.562127 0.000000
0.028063 -0.033312 -0.286486 1.000000
0.201393 0.281246 -0.237046 5.000000
0.046315 0.023641 -0.351411 4.000000
-0.032360 0.477380 0.723012 0.000000
0.066019 0.070856 -0.471540 5.000000
-0.037893 -0.084625 0.142286 2.000000
0.086806 0.091319 -0.386773 5.000000
0.004502 -0.064732 -0.631170 3.000000
-0.093218 0.543108 0.750001 0.000000
-0.028925 -0.199345 0.281586 2.000000
0.033810 -0.028151 0.020468 2.000000
0.123842 0.126840 -0.322344 5.000000
0.145672 0.155566 -0.255310 5.000000
0.278774 0.309012 -0.230246 5.000000
-0.034109 0.533754 0.711316 0.000000
-0.188388 -0.552521 0.025075 1.000000
