0.086654 0.171347 -0.690750 3.000000
-0.636207 0.181795 0.689474 5.000000
0.081848 -0.728569 -0.183531 4.000000
0.006712 0.081841 0.147960 5.000000
0.226782 0.408522 -0.250661 2.000000
0.182961 -0.318458 0.403074 1.000000
0.095319 -0.284746 -0.096323 4.000000
-0.218979 0.182409 0.533539 5.000000
0.059486 0.053967 -0.307945 4.000000
0.072703 -0.160564 0.226182 1.000000
0.077249 0.016304 -0.072002 1.000000
-0.106178 0.062456 0.364866 5.000000
0.137823 -0.519482 -0.091183 4.000000
-0.421863 0.216757 0.628455 5.000000
0.084693 0.172432 -0.478503 2.000000
0.134606 0.238789 -0.297438 2.000000
0.064834 -0.129905 -0.154750 4.000000
0.079731 -0.055742 0.093138 1.000000
0.065080 0.019384 -0.641782 0.000000
0.077869 0.232002 -0.837058 3.000000
0.054384 0.092966 -0.182023 5.000000
-0.020625 0.106450 0.279431 5.000000
0.118861 -0.241463 0.323089 1.000000
0.001181 0.037362 0.027811 5.000000
-0.127890 0.144970 0.456009 5.000000
0.089786 -0.406598 -0.076721 4.000000
-0.326313 0.141521 0.578754 5.000000
0.091025 -0.029569 -0.218484 4.000000
0.101978 -0.630822 -0.113491 4.000000
-0.517850 0.199663 0.689404 5.000000
0.082716 0.142980 -0.586068 3.000000
0.139532 0.342629 -0.268436 2.000000
0.075293 0.122581 -0.386826 3.000000
0.095855 0.003139 0.020628 1.000000
-0.201952 0.098392 0.488111 5.000000
0.063107 0.088384 -0.015079 5.000000
0.094683 0.209680 -0.373832 2.000000
-0.054828 0.045409 0.226039 5.000000
0.093766 -0.093654 0.174970 1.000000
0.110940 -0.193469 -0.118958 4.000000
-0.085556 0.141657 0.379788 5.000000
0.053385 0.082566 0.080757 5.000000
0.053513 0.100461 -0.667933 0.000000
0.037307 0.083202 -0.092884 5.000000
-0.160765 0.081201 0.421745 5.000000
0.076562 0.187078 -0.767131 3.000000
-0.345050 0.211769 0.602387 5.000000
-0.072188 0.049347 0.299154 5.000000
-0.259812 0.122323 0.550061 5.000000
0.032259 -0.025886 0.043887 1.000000
0.062760 0.102699 -0.252598 5.000000
0.063432 0.035609 -0.139762 1.000000
0.033345 -0.091603 0.129732 1.000000
0.198180 0.346571 -0.234711 2.000000
0.085048 -0.213360 0.271818 1.000000
-0.005594 0.042009 0.094841 5.000000
-0.007596 0.093731 0.214474 5.000000
-0.276759 0.188448 0.567348 5.000000
0.118676 -0.346589 -0.069538 4.000000
0.011999 0.052105 -0.038105 5.000000
0.078745 0.110780 -0.456496 3.000000
0.093376 0.024007 -0.261721 4.000000
0.094410 -0.470947 -0.075215 4.000000
0.106529 -0.673898 -0.160748 4.000000
-0.065834 0.110815 0.328012 5.000000
0.151310 -0.280724 0.363558 1.000000
0.079978 0.125951 -0.520979 3.000000
0.037824 0.000965 -0.013159 1.000000
0.063133 -0.233081 -0.114107 4.000000
-0.176579 0.161982 0.490016 5.000000
-0.576045 0.213903 0.675904 5.000000
0.098436 -0.573031 -0.093975 4.000000
-0.457594 0.188055 0.668457 5.000000
0.110294 0.294003 -0.292005 2.000000
-0.381369 0.166763 0.620326 5.000000
0.074468 0.109389 -0.326771 3.000000
0.061282 -0.079046 -0.186815 4.000000
0.160041 0.289953 -0.251756 2.000000
0.076617 0.180443 -0.630805 3.000000
-0.034273 0.040972 0.154852 5.000000
0.105579 0.177271 -0.424776 2.000000
0.051098 -0.128370 0.178527 1.000000
0.070380 0.055885 -0.218290 1.000000
0.093498 0.067737 -0.656075 0.000000
0.059133 -0.177998 -0.133460 4.000000
-0.127875 0.119823 0.410575 5.000000
-0.492375 0.223494 0.652166 5.000000
0.070567 -0.345067 -0.086440 4.000000
0.088158 0.077977 -0.127008 5.000000
0.033171 0.076210 0.027328 5.000000
0.134341 -0.588763 -0.125133 4.000000
0.055839 -0.002788 -0.241637 4.000000
-0.173158 0.124137 0.456065 5.000000
0.090187 0.033720 -0.027188 1.000000
0.079702 0.087155 -0.067633 5.000000
0.104295 0.127346 -0.677355 0.000000
0.093217 0.256072 -0.316816 2.000000
0.095343 -0.020754 0.062642 1.000000
0.027566 -0.050195 0.085009 1.000000
-0.222396 0.142946 0.507020 5.000000
0.127086 -0.435003 -0.072126 4.000000
-0.051831 0.075999 0.263292 5.000000
0.127878 0.219038 -0.342763 2.000000
0.035632 0.039380 -0.079050 1.000000
0.179829 0.380252 -0.259549 2.000000
0.081006 -0.077491 0.133269 1.000000
0.112626 -0.243311 -0.096947 4.000000
0.035352 0.054260 -0.170573 5.000000
0.096041 -0.518300 -0.076238 4.000000
0.099851 -0.090342 -0.168132 4.000000
0.085584 0.199704 -0.724564 3.000000
0.076173 0.163728 -0.547670 3.000000
0.092922 0.206973 -0.804054 3.000000
0.091951 -0.123293 0.213461 1.000000
0.009961 0.076919 0.063969 5.000000
0.042655 0.085315 -0.141021 5.000000
0.092262 -0.160934 0.264258 1.000000
0.101702 -0.143148 -0.137552 4.000000
-0.033546 0.061542 0.192172 5.000000
0.073616 0.085821 -0.362196 3.000000
0.079047 0.055626 -0.176722 1.000000
0.065022 -0.023605 0.009303 1.000000
0.052083 0.059702 -0.654328 0.000000
-0.114888 0.102647 0.373359 5.000000
0.083934 0.073791 -0.280364 3.000000
-0.415258 0.173905 0.643255 5.000000
0.126052 -0.638427 -0.145465 4.000000
0.084278 0.049879 -0.098679 1.000000
-0.075997 0.143338 0.367748 5.000000
0.086870 0.226750 -0.840523 3.000000
0.078303 -0.746038 -0.197045 4.000000
-0.728672 0.135630 0.671298 5.000000
0.100309 0.004600 -0.234991 4.000000
0.222875 -0.357612 0.445853 1.000000
0.244773 0.423477 -0.252837 2.000000
0.126644 -0.366279 -0.060005 4.000000
-0.361175 0.221411 0.608362 5.000000
0.102528 -0.050282 0.123572 1.000000
0.065154 0.159133 -0.519764 2.000000
0.095466 -0.234196 0.282787 1.000000
0.089910 0.262347 -0.313256 2.000000
0.000625 0.044902 -0.045552 5.000000
0.052680 -0.178520 -0.133540 4.000000
0.142616 -0.564243 -0.118698 4.000000
-0.217136 0.103516 0.513615 5.000000
-0.551036 0.219446 0.661608 5.000000
-0.051529 0.043717 0.200284 5.000000
0.064022 0.006573 -0.638416 0.000000
0.061156 0.095065 -0.360850 3.000000
0.061508 0.154074 -0.697433 0.000000
0.055507 0.086137 0.092336 5.000000
0.043571 -0.149992 0.190308 1.000000
0.092506 0.079557 -0.129873 5.000000
0.178086 0.314858 -0.239571 2.000000
0.157913 -0.282451 0.373647 1.000000
-0.159210 0.072964 0.412690 5.000000
0.084574 -0.475053 -0.073754 4.000000
0.022222 -0.020981 0.045100 1.000000
-0.256388 0.195504 0.566926 5.000000
-0.077569 0.046154 0.311469 5.000000
0.106621 -0.086133 -0.167721 4.000000
0.111725 0.176646 -0.418766 2.000000
0.119931 -0.257334 -0.095401 4.000000
-0.446126 0.177011 0.662938 5.000000
0.096480 -0.667535 -0.125792 4.000000
-0.005744 0.105957 0.269786 5.000000
-0.635384 0.170996 0.693804 5.000000
-0.133601 0.154860 0.468022 5.000000
0.093103 0.026772 0.000303 1.000000
-0.328700 0.136276 0.577353 5.000000
0.022261 0.106809 0.176853 5.000000
0.110509 0.083773 -0.657929 0.000000
-0.015886 0.030328 0.116852 5.000000
0.097542 -0.151190 0.257715 1.000000
0.027458 -0.091534 0.126102 1.000000
0.038401 0.052600 -0.188945 5.000000
0.053464 0.037623 -0.296918 4.000000
0.078768 0.091639 -0.048413 5.000000
0.063620 -0.320910 -0.086133 4.000000
-0.192799 0.181768 0.513895 5.000000
0.103246 -0.098309 0.190181 1.000000
0.049548 -0.052203 -0.209934 4.000000
0.178794 0.387355 -0.258641 2.000000
0.129582 0.214505 -0.353833 2.000000
-0.389048 0.155135 0.617166 5.000000
0.151967 0.257264 -0.274873 2.000000
0.087785 0.075449 -0.238492 1.000000
0.018240 0.053740 -0.119952 5.000000
0.114550 0.319246 -0.277185 2.000000
0.040626 0.071883 -0.652843 0.000000
0.067760 0.093181 0.023914 5.000000
0.146766 -0.503723 -0.085033 4.000000
0.099185 -0.009455 0.059137 1.000000
0.072873 -0.407154 -0.076673 4.000000
0.139345 -0.436974 -0.071136 4.000000
-0.109683 0.059202 0.368324 5.000000
-0.482738 0.229730 0.647153 5.000000
0.108472 -0.143509 -0.134177 4.000000
0.000659 0.036331 0.022792 5.000000
-0.271047 0.118165 0.554136 5.000000
0.094717 -0.607642 -0.101918 4.000000
0.057498 -0.239336 -0.113653 4.000000
0.050021 -0.115388 -0.161007 4.000000
0.127530 -0.240899 0.336645 1.000000
-0.423988 0.228527 0.625631 5.000000
-0.040545 0.128271 0.315511 5.000000
0.096042 -0.537114 -0.075168 4.000000
0.190694 -0.328001 0.402712 1.000000
-0.190164 0.088430 0.461794 5.000000
0.068306 -0.200989 0.241388 1.000000
0.133328 -0.624914 -0.144047 4.000000
-0.502147 0.197590 0.692815 5.000000
0.115743 -0.201852 -0.115253 4.000000
0.074412 0.207714 -0.373637 2.000000
0.070935 0.172478 -0.460968 2.000000
0.103439 -0.696910 -0.177699 4.000000
-0.103707 0.144759 0.418465 5.000000
0.096099 0.067426 -0.324010 4.000000
0.125213 -0.315499 -0.085225 4.000000
-0.310808 0.209466 0.587344 5.000000
0.104859 -0.044810 -0.208306 4.000000
-0.578561 0.194084 0.702942 5.000000
-0.064828 0.041281 0.258632 5.000000
0.108911 0.134259 -0.682396 0.000000
0.223632 0.376310 -0.233423 2.000000
0.051126 0.004377 -0.252147 4.000000
0.067488 0.059861 -0.088728 1.000000
0.022266 -0.054756 0.089800 1.000000
-0.684454 0.167930 0.678634 5.000000
0.090660 0.073517 -0.189014 5.000000
0.098500 0.035544 -0.277508 4.000000
0.027027 0.014569 -0.011738 1.000000
0.100454 0.169920 -0.721576 0.000000
0.005243 0.108479 0.222791 5.000000
0.144710 0.355442 -0.267545 2.000000
0.094003 -0.188662 0.295344 1.000000
0.096148 0.040715 -0.642499 0.000000
0.048893 0.113732 -0.671145 0.000000
-0.005024 0.029485 0.071889 5.000000
-0.037957 0.038385 0.157021 5.000000
0.083766 0.046086 -0.039119 1.000000
0.137752 0.228877 -0.312277 2.000000
0.039763 0.096462 0.137172 5.000000
0.071527 -0.363547 -0.086253 4.000000
-0.611750 0.206444 0.679139 5.000000
0.100503 0.158463 -0.488183 3.000000
0.036594 -0.116682 0.159181 1.000000
0.098155 -0.127038 0.220857 1.000000
0.059990 -0.279410 -0.090686 4.000000
0.084579 0.233634 -0.342184 2.000000
0.071148 0.182843 -0.417280 2.000000
-0.221951 0.185842 0.542413 5.000000
0.050413 0.059991 -0.234774 5.000000
0.033680 0.046211 -0.071419 1.000000
0.117755 -0.663852 -0.160737 4.000000
-0.163254 0.169961 0.489406 5.000000
