0.123557 0.011483 -0.954622 0.000000
-0.107581 -0.130414 0.676644 2.000000
0.167653 0.057226 -0.105515 1.000000
-0.188974 -0.054239 0.204769 1.000000
0.064443 0.007266 -0.527405 0.000000
-0.003413 0.151837 0.457041 1.000000
-0.310515 0.032435 0.500395 1.000000
0.105776 0.108200 0.183285 1.000000
0.003217 -0.153942 0.010168 1.000000
-0.030544 -0.104948 0.406104 2.000000
0.049073 -0.067088 -0.286818 0.000000
0.189717 0.045982 -0.725122 0.000000
-0.153801 0.158271 0.625186 1.000000
-0.015140 0.057413 0.014200 1.000000
0.016371 -0.074656 0.210907 2.000000
-0.174008 0.082238 0.361303 1.000000
-0.286419 -0.104780 0.363471 1.000000
0.162489 0.033313 -0.369582 0.000000
-0.013718 0.016906 -0.151944 1.000000
-0.070611 0.069405 0.191983 1.000000
0.092178 -0.106733 -0.120947 1.000000
-0.114232 -0.061786 0.054576 1.000000
-0.092759 -0.060333 0.539326 2.000000
0.166600 0.088705 0.039664 1.000000
0.037560 0.119627 0.314276 1.000000
-0.100454 -0.165075 0.151357 1.000000
0.105456 0.067376 -0.230790 1.000000
-0.146524 0.124038 0.490497 1.000000
0.056134 -0.040957 0.075850 2.000000
0.116357 -0.013276 -0.823535 0.000000
0.031525 -0.014778 0.334415 2.000000
0.166377 0.065827 -0.584732 0.000000
0.040511 0.014210 -0.395065 0.000000
0.077154 -0.007163 -0.041568 2.000000
-0.345062 0.034421 0.618745 1.000000
-0.027098 -0.096162 -0.100249 1.000000
-0.186737 -0.163924 0.251287 1.000000
-0.237142 -0.006354 0.312682 1.000000
0.088558 0.012993 -0.671705 0.000000
-0.250324 0.104135 0.585634 1.000000
0.172323 0.073793 -0.873154 0.000000
0.003902 -0.115760 0.539225 2.000000
-0.071154 0.100573 0.319542 1.000000
0.161131 0.019712 -0.478665 0.000000
-0.065935 0.152255 0.563462 2.000000
0.017928 0.018642 0.155809 2.000000
-0.129258 0.002275 0.137560 1.000000
0.064969 0.094912 0.088263 1.000000
-0.324903 -0.061585 0.458459 1.000000
0.081140 -0.030743 -0.195430 2.000000
0.091692 0.094984 -0.045685 1.000000
-0.165088 0.044969 0.261463 1.000000
-0.263358 0.032832 0.403243 1.000000
0.011168 0.020088 -0.250575 1.000000
-0.043627 -0.068610 0.294132 2.000000
-0.040103 -0.006695 -0.061525 1.000000
0.016722 0.098990 0.219017 1.000000
0.066207 0.071778 -0.134732 1.000000
-0.237441 0.090058 0.490217 1.000000
0.113376 -0.059541 -0.353915 0.000000
0.007884 -0.087175 -0.184981 1.000000
-0.085431 0.115665 0.409248 1.000000
0.164544 0.012790 -0.280924 1.000000
0.140451 -0.018121 -0.600508 0.000000
-0.073397 -0.089317 -0.019175 1.000000
0.092283 0.055027 -0.320171 0.000000
0.133255 -0.024996 -0.738229 0.000000
-0.078840 -0.144486 0.068934 1.000000
0.184858 -0.010852 -0.891463 0.000000
0.173932 0.033297 -0.189301 1.000000
-0.228160 -0.088941 0.288270 1.000000
0.029378 -0.069651 0.457241 2.000000
-0.080520 0.020192 0.068883 1.000000
0.174040 0.079428 -0.967092 0.000000
-0.074733 -0.047763 0.450097 2.000000
-0.147199 -0.096605 0.138156 1.000000
-0.084891 -0.134553 0.577387 2.000000
0.012963 0.057812 -0.064623 1.000000
0.084921 0.048263 -0.456349 0.000000
-0.001180 -0.071151 0.132286 2.000000
-0.018421 -0.017416 0.401260 2.000000
0.187492 0.019275 -0.805376 0.000000
0.125581 -0.038372 -0.430024 0.000000
-0.030580 0.067331 0.109691 1.000000
0.033760 -0.012042 0.255036 2.000000
0.090373 0.041952 -0.592679 0.000000
0.141235 0.069644 -0.661211 0.000000
-0.016224 0.120286 0.371105 1.000000
0.037133 -0.134116 -0.073172 1.000000
0.097001 0.123262 0.264390 1.000000
0.084870 -0.007578 -0.121428 2.000000
-0.057843 -0.118637 0.492446 2.000000
0.173159 -0.011421 -0.674405 0.000000
0.117540 -0.068506 -0.253442 0.000000
-0.337262 -0.027629 0.538788 1.000000
-0.181043 0.131644 0.559443 1.000000
0.145429 0.103339 0.122077 1.000000
0.160534 0.074002 -0.034555 1.000000
-0.275825 -0.035037 0.381242 1.000000
0.195044 0.006107 -0.960427 0.000000
-0.203629 0.089233 0.426995 1.000000
0.032538 -0.005985 -0.320326 0.000000
-0.310353 0.067023 0.561962 1.000000
-0.072344 -0.014368 0.008196 1.000000
0.041583 -0.052148 0.008095 2.000000
0.160063 0.079769 -0.783921 0.000000
0.020964 -0.081398 0.351949 2.000000
0.045766 0.019838 0.014470 2.000000
-0.077737 0.134230 0.497271 1.000000
0.037021 0.093872 0.151300 1.000000
0.098160 0.053177 -0.389423 0.000000
-0.151800 -0.148345 0.192923 1.000000
0.040005 0.050630 -0.193798 1.000000
0.119190 0.055180 -0.518022 0.000000
0.126829 0.075313 -0.164203 1.000000
-0.023680 0.099915 0.272606 1.000000
-0.211885 -0.007919 0.246879 1.000000
0.044632 0.086514 0.000601 1.000000
-0.140252 0.029410 0.197168 1.000000
0.078202 -0.096679 -0.192029 1.000000
0.053411 -0.035281 0.169598 2.000000
-0.061991 -0.068713 0.361056 2.000000
0.098982 0.004716 -0.278327 1.000000
-0.085465 0.080001 0.258854 1.000000
0.120382 0.007578 -0.885373 0.000000
0.106203 0.026751 -0.765115 0.000000
0.126683 -0.018391 -0.517174 0.000000
0.017940 -0.076919 0.286462 2.000000
-0.062548 -0.040830 0.485308 2.000000
0.191750 0.056888 -0.979794 0.000000
0.165901 0.008486 -0.229713 1.000000
-0.032816 -0.164449 0.094274 1.000000
0.170541 -0.022821 -0.613748 0.000000
0.114208 0.126993 0.231022 1.000000
-0.356666 0.051284 0.622670 1.000000
-0.254925 -0.142826 0.316780 1.000000
-0.132892 0.163932 0.615936 1.000000
0.178377 0.085789 -0.003355 1.000000
-0.132043 -0.141500 0.677873 2.000000
0.002089 0.162532 0.442986 1.000000
0.019992 -0.035536 -0.081115 2.000000
-0.049628 -0.041411 0.273783 2.000000
0.028463 0.023185 -0.382750 0.000000
0.103028 0.042445 -0.800181 0.000000
-0.336736 -0.060571 0.469084 1.000000
0.012980 0.022323 0.106447 2.000000
-0.144646 -0.176335 0.205131 1.000000
0.162303 0.026459 -0.431432 0.000000
0.034166 -0.020445 0.383137 2.000000
-0.026130 -0.128488 0.586390 2.000000
0.044260 -0.145055 -0.015037 1.000000
-0.256645 0.119155 0.587448 1.000000
0.151085 0.104542 0.114640 1.000000
0.104491 -0.071145 -0.159753 1.000000
0.061212 0.140078 0.340144 1.000000
0.179944 0.048135 -0.116382 1.000000
0.088479 0.032202 -0.674490 0.000000
-0.125726 -0.077799 0.577571 2.000000
-0.059359 -0.116832 -0.020215 1.000000
0.118801 -0.007968 -0.324824 0.000000
0.114838 0.026766 -0.905348 0.000000
-0.062598 0.167121 0.536842 1.000000
-0.071763 -0.061935 0.383128 2.000000
0.042320 0.024963 0.000952 2.000000
0.006295 0.024007 0.209848 1.000000
0.193581 0.051765 -0.756902 0.000000
0.077240 0.020013 -0.137976 2.000000
0.016883 -0.059448 0.055383 2.000000
0.165373 0.038266 -0.525678 0.000000
-0.332681 -0.018287 0.563059 1.000000
-0.307622 -0.104476 0.384749 1.000000
0.027836 -0.061777 0.467339 2.000000
0.138504 -0.017649 -0.986090 0.000000
0.086500 -0.035374 -0.243179 1.000000
0.019757 0.009533 0.299623 2.000000
0.187483 0.049283 -0.656631 0.000000
0.075877 -0.115645 -0.088220 1.000000
-0.205350 -0.167411 0.260756 1.000000
-0.086040 -0.170324 0.156932 1.000000
-0.023774 -0.028199 0.163672 2.000000
0.072016 0.013340 -0.063476 2.000000
0.129876 0.063212 -0.723912 0.000000
-0.029523 -0.015285 0.427560 2.000000
0.090956 0.052257 -0.366914 0.000000
0.007795 -0.097631 0.522726 2.000000
0.024333 -0.053857 -0.014959 2.000000
-0.200274 0.153001 0.622772 1.000000
-0.080201 -0.144292 0.635124 2.000000
0.009198 -0.156782 0.039206 1.000000
0.097045 0.013943 -0.198301 2.000000
-0.020849 -0.007713 0.354796 2.000000
0.185175 0.027559 -0.174568 1.000000
-0.011025 -0.053488 0.109660 2.000000
0.134024 0.054218 -0.960313 0.000000
0.172732 -0.016017 -0.553188 0.000000
0.106437 0.016800 -0.267211 1.000000
0.136902 0.119857 0.171584 1.000000
0.140823 0.066579 -0.867763 0.000000
0.058510 -0.042408 -0.134146 2.000000
0.086235 0.137412 0.285894 1.000000
0.191437 0.063512 -0.057154 1.000000
-0.089215 -0.054724 0.536599 2.000000
0.170942 0.096331 0.054437 1.000000
0.034221 0.147823 0.392092 1.000000
0.192572 -0.000697 -0.979405 0.000000
-0.315995 0.085905 0.605002 1.000000
-0.123398 -0.110418 0.625128 2.000000
-0.087172 0.152711 0.586390 2.000000
-0.065439 -0.047971 0.326536 2.000000
-0.038739 -0.031125 0.215943 2.000000
-0.026689 0.166834 0.488402 1.000000
0.023916 0.022217 0.053915 2.000000
0.148081 0.073387 -0.816068 0.000000
0.064178 -0.045404 -0.196692 1.000000
0.160870 -0.002460 -0.280607 1.000000
-0.085638 -0.062462 0.433346 2.000000
0.108752 0.027842 -0.848720 0.000000
-0.335759 -0.047121 0.517727 1.000000
0.126541 0.063266 -0.663868 0.000000
0.094925 0.034816 -0.746233 0.000000
0.113146 -0.051053 -0.203254 1.000000
-0.355984 0.010208 0.593937 1.000000
-0.319518 -0.088078 0.434969 1.000000
0.134243 0.064514 -0.770763 0.000000
-0.283145 -0.123336 0.348876 1.000000
0.120262 -0.029551 -0.274973 0.000000
0.015162 0.023366 0.164002 1.000000
0.140737 0.065966 -0.912881 0.000000
0.092243 -0.096267 -0.125167 1.000000
0.035569 -0.041003 0.422208 2.000000
-0.218887 0.115776 0.610279 1.000000
-0.159014 0.130455 0.624207 1.000000
0.011149 0.020468 0.259784 1.000000
0.064726 -0.129760 -0.050336 1.000000
0.119666 0.020964 -0.981292 0.000000
-0.069664 -0.183255 0.121276 1.000000
0.070804 0.045193 -0.401364 0.000000
0.035076 -0.008173 0.344818 2.000000
-0.271076 0.083358 0.597670 1.000000
-0.319734 0.043860 0.610432 1.000000
0.047147 0.036337 -0.351331 0.000000
-0.012949 -0.023756 0.393822 2.000000
0.125211 -0.037782 -0.237131 1.000000
0.069359 0.026150 -0.101840 2.000000
-0.178669 -0.176795 0.236744 1.000000
0.105861 0.038106 -0.711459 0.000000
-0.226298 -0.156968 0.288674 1.000000
-0.121542 -0.183928 0.178357 1.000000
0.165018 0.080984 -0.981128 0.000000
-0.008961 -0.109940 0.552097 2.000000
0.179620 0.006637 -0.520272 0.000000
0.112593 0.031083 -0.945153 0.000000
-0.010896 -0.160114 0.067973 1.000000
-0.039615 -0.041699 0.447197 2.000000
0.024341 -0.054478 0.019080 2.000000
0.020609 -0.083645 0.494507 2.000000
