-0.194391 0.100766 -0.954587 0.000000
-0.117572 0.161240 0.843323 2.000000
0.283859 -0.109425 -0.046238 1.000000
0.294536 -0.395278 0.578225 1.000000
-0.164685 0.028610 -0.388321 1.000000
-0.094379 0.178201 0.273390 2.000000
0.043163 -0.214095 0.310861 1.000000
-0.087640 -0.049335 -0.029364 1.000000
0.376561 -0.323592 0.224917 1.000000
0.105295 0.057277 -0.255426 1.000000
-0.085013 0.079496 -0.676720 0.000000
-0.052839 0.107645 0.555894 2.000000
0.089951 -0.168737 0.073237 1.000000
-0.104993 0.122840 -0.183826 0.000000
-0.043378 0.166263 0.047819 2.000000
0.118151 -0.256892 0.516437 1.000000
-0.079096 -0.082803 0.193292 1.000000
0.229377 -0.304096 0.357742 1.000000
0.097766 -0.064698 -0.100688 1.000000
0.270840 -0.214764 0.105681 1.000000
0.388915 -0.370601 0.412858 1.000000
0.007719 0.101893 -0.400576 1.000000
-0.110779 0.216228 -0.790130 0.000000
-0.035036 0.233864 0.433055 2.000000
-0.177535 -0.029587 -0.228036 1.000000
-0.119445 0.206142 0.675696 2.000000
-0.132973 0.035508 -0.822894 0.000000
-0.023744 -0.026316 -0.197280 1.000000
-0.100888 0.111483 -0.524601 0.000000
0.168876 -0.234494 0.222390 1.000000
-0.069365 0.090833 0.394501 2.000000
-0.034158 0.092180 0.177076 2.000000
-0.022813 0.078041 -0.062143 0.000000
-0.031023 -0.002987 -0.330798 1.000000
0.215798 -0.013686 -0.121919 1.000000
-0.086752 0.134163 -0.318391 0.000000
0.226400 -0.343917 0.483864 1.000000
-0.030470 -0.107201 0.078862 1.000000
0.019387 -0.161043 0.194367 1.000000
-0.064737 0.232348 0.566195 2.000000
0.039285 -0.218003 0.433575 1.000000
0.168563 -0.113002 -0.011288 1.000000
-0.063365 0.021249 -0.447506 1.000000
-0.119252 0.147702 -0.883858 0.000000
-0.113333 0.168323 0.482001 2.000000
0.123946 -0.285358 0.392995 1.000000
0.014712 -0.095747 -0.028345 1.000000
0.277404 -0.274321 0.232023 1.000000
-0.063734 -0.143369 0.283119 1.000000
-0.005918 0.200031 0.334375 2.000000
-0.117270 -0.034885 0.071588 1.000000
-0.110775 0.115365 -0.016437 0.000000
-0.157989 -0.023595 -0.125084 1.000000
-0.080340 0.110198 0.665881 2.000000
-0.093563 0.127333 -0.423888 0.000000
-0.105352 0.186020 0.374525 2.000000
0.371696 -0.364146 0.512832 1.000000
-0.092272 0.167300 0.142164 2.000000
0.328263 -0.330561 0.342578 1.000000
0.349271 -0.279637 0.138096 1.000000
-0.121272 0.034061 -0.941583 0.000000
-0.132642 0.047362 -0.593230 0.000000
0.239787 -0.312645 0.578836 1.000000
0.130638 0.001002 -0.177924 1.000000
0.244673 -0.159287 0.029320 1.000000
0.175075 -0.196037 0.132659 1.000000
-0.068452 0.155658 -0.099077 0.000000
0.005774 0.171998 0.214368 2.000000
-0.087088 0.079804 0.098275 2.000000
-0.165652 0.057239 -0.722636 0.000000
-0.081831 0.086503 0.272700 2.000000
-0.099377 0.134881 0.753017 2.000000
0.130078 -0.253579 0.303884 1.000000
-0.011022 -0.056641 -0.107542 1.000000
-0.113736 -0.005248 -0.292879 1.000000
-0.044635 0.092604 -0.250258 0.000000
-0.052060 0.049301 -0.142397 0.000000
-0.025844 -0.173214 0.358950 1.000000
-0.146184 0.050835 -0.472245 1.000000
0.290626 -0.351637 0.420041 1.000000
-0.118014 0.162304 0.598783 2.000000
0.065531 0.077371 -0.331687 1.000000
0.032197 0.009217 -0.254226 1.000000
0.098500 -0.192101 0.175555 1.000000
-0.039238 0.120586 0.472220 2.000000
0.006705 0.140192 0.111695 2.000000
-0.132382 0.134238 -0.798202 0.000000
-0.183857 0.097101 -0.862218 0.000000
0.053447 -0.032480 -0.165547 1.000000
0.210795 -0.264341 0.288161 1.000000
0.318361 -0.192037 0.031958 1.000000
-0.107480 -0.028861 -0.188378 1.000000
0.156308 -0.311464 0.464696 1.000000
-0.063754 0.077348 -0.370128 0.000000
-0.019334 0.116960 0.309705 2.000000
0.079127 -0.121838 0.007901 1.000000
-0.114441 0.110138 -0.957393 0.000000
0.193735 -0.070254 -0.074074 1.000000
0.238427 -0.230262 0.182224 1.000000
-0.096662 0.078640 -0.760551 0.000000
-0.038240 0.096614 -0.465791 1.000000
0.021477 -0.145111 0.118755 1.000000
0.176729 -0.297862 0.539573 1.000000
0.174235 -0.158008 0.055209 1.000000
-0.106490 0.091254 -0.105178 0.000000
-0.112543 0.123193 0.334310 2.000000
-0.007595 0.109847 0.003448 0.000000
-0.106378 0.104322 0.188976 2.000000
-0.104528 0.068085 -0.288307 0.000000
-0.129640 0.201809 0.761319 2.000000
-0.082293 -0.039597 -0.119939 1.000000
-0.100835 0.111845 -0.605410 0.000000
-0.151317 -0.019123 -0.047856 1.000000
0.065763 -0.198196 0.239159 1.000000
-0.032804 0.110371 -0.182242 0.000000
-0.072457 0.051034 -0.549288 0.000000
-0.061469 0.192216 0.201237 2.000000
-0.075975 -0.069626 0.118088 1.000000
-0.094977 0.014326 -0.369630 1.000000
0.290638 -0.365269 0.502656 1.000000
0.384535 -0.343945 0.291488 1.000000
-0.047222 -0.086289 0.014282 1.000000
-0.114877 0.072274 -0.878337 0.000000
-0.104817 0.140587 0.073456 2.000000
0.098213 -0.261997 0.451665 1.000000
0.315622 -0.305507 0.278106 1.000000
-0.037883 0.234991 0.500476 2.000000
-0.080499 0.051469 -0.203385 0.000000
-0.073660 0.079265 0.205453 2.000000
-0.202611 0.058119 -0.977533 0.000000
0.372260 -0.377703 0.532219 1.000000
-0.128180 0.167605 0.861021 2.000000
0.018000 0.110294 -0.399241 1.000000
0.320468 -0.214429 0.036281 1.000000
0.029128 -0.218261 0.442837 1.000000
-0.182182 -0.024552 -0.125229 1.000000
-0.049118 0.244595 0.521163 2.000000
0.192659 0.011307 -0.148759 1.000000
-0.128686 0.032259 -0.658358 0.000000
0.392709 -0.328409 0.264929 1.000000
-0.102469 0.237119 -0.785416 0.000000
-0.010230 0.071452 -0.013096 0.000000
-0.178888 0.000576 -0.349108 1.000000
-0.078660 -0.129812 0.271176 1.000000
0.193561 -0.281324 0.560391 1.000000
-0.044651 0.090173 0.402328 2.000000
-0.044180 0.070969 -0.223219 0.000000
-0.072890 0.141403 0.681792 2.000000
-0.124839 -0.035132 0.074593 1.000000
-0.164047 0.071212 -0.497325 0.000000
0.275482 -0.090554 -0.060663 1.000000
0.105675 0.069564 -0.276040 1.000000
0.001503 0.187535 0.284650 2.000000
-0.145374 0.106051 -0.840655 0.000000
0.015605 0.124206 0.110827 2.000000
0.398170 -0.364259 0.393168 1.000000
0.364743 -0.278773 0.146214 1.000000
-0.033093 0.119431 0.526965 2.000000
-0.061466 0.140726 -0.491519 0.000000
-0.067755 0.213759 0.383217 2.000000
-0.082886 0.071132 -0.113412 0.000000
-0.176255 -0.030947 -0.240544 1.000000
-0.073270 0.040132 -0.556335 0.000000
-0.089731 0.245229 0.642084 2.000000
-0.133273 0.210680 0.758102 2.000000
0.292474 -0.334824 0.595720 1.000000
-0.082126 0.080234 0.090846 2.000000
-0.116683 0.028936 -0.910653 0.000000
-0.098989 -0.075192 0.180376 1.000000
-0.031181 -0.178459 0.363377 1.000000
0.099880 -0.254033 0.513473 1.000000
-0.059443 0.073233 -0.336924 0.000000
-0.156727 -0.021367 -0.020809 1.000000
-0.113631 0.038435 -0.415018 1.000000
-0.075504 0.085742 0.304246 2.000000
-0.120714 0.110186 -0.972421 0.000000
-0.140879 0.028122 -0.791811 0.000000
0.013385 0.150527 0.202364 2.000000
-0.155675 0.169632 -0.782042 0.000000
-0.110080 0.132465 0.770978 2.000000
0.299346 -0.158011 -0.020486 1.000000
0.147863 0.045584 -0.210285 1.000000
-0.060376 0.134623 0.599982 2.000000
-0.030412 0.221621 0.449493 2.000000
0.238056 -0.038727 -0.102143 1.000000
-0.099326 0.053586 -0.272852 0.000000
0.064495 0.086990 -0.336987 1.000000
-0.102777 0.167879 -0.844700 0.000000
-0.016811 0.124089 0.341940 2.000000
-0.023748 0.104346 0.258815 2.000000
0.394315 -0.370114 0.463799 1.000000
-0.078008 0.072713 -0.042886 0.000000
-0.136262 0.030482 -0.977557 0.000000
-0.008472 0.192390 0.351617 2.000000
0.005174 0.097561 0.046646 2.000000
0.375162 -0.317720 0.202297 1.000000
-0.030822 0.104005 0.162698 2.000000
-0.174427 0.034420 -0.438021 1.000000
0.341776 -0.258703 0.088679 1.000000
0.396640 -0.351379 0.330049 1.000000
-0.074586 0.074721 0.021374 2.000000
-0.040899 0.130582 0.452144 2.000000
-0.109987 0.225933 0.703180 2.000000
-0.071267 0.200699 0.324334 2.000000
-0.129479 0.115361 -0.782786 0.000000
-0.062043 0.244498 0.579543 2.000000
-0.024034 0.130781 -0.446928 1.000000
0.252037 -0.296104 0.578818 1.000000
-0.065066 0.067420 -0.394487 0.000000
-0.181265 0.111971 -0.973670 0.000000
-0.037111 0.051851 -0.078145 0.000000
-0.049558 -0.147583 0.317230 1.000000
-0.182690 -0.023970 -0.181701 1.000000
-0.107050 -0.054397 0.124494 1.000000
-0.113420 0.034448 -0.595102 0.000000
-0.137189 0.174844 0.806455 2.000000
-0.088411 0.036151 -0.504381 1.000000
-0.176198 -0.022455 -0.293020 1.000000
-0.116217 0.194456 -0.757562 0.000000
-0.006544 -0.199336 0.404903 1.000000
-0.081919 -0.103426 0.225786 1.000000
0.147243 -0.262192 0.534463 1.000000
-0.018642 0.208457 0.399874 2.000000
-0.051203 0.071722 -0.285783 0.000000
-0.151918 0.156037 -0.836723 0.000000
-0.171986 -0.017333 -0.076882 1.000000
-0.034531 0.136099 0.296892 2.000000
-0.074561 0.079711 0.140137 2.000000
-0.101751 0.056320 -0.357002 0.000000
-0.056577 0.054273 -0.151421 0.000000
-0.028712 0.127882 0.212531 2.000000
0.059498 -0.238085 0.474704 1.000000
-0.141298 -0.024087 0.024761 1.000000
-0.082210 0.135311 0.728468 2.000000
-0.172195 0.014650 -0.394408 1.000000
0.322547 -0.370531 0.585316 1.000000
-0.085273 0.042361 -0.644126 0.000000
0.014419 0.136974 0.155496 2.000000
-0.016977 0.126667 0.395126 2.000000
-0.076511 0.092551 0.350069 2.000000
-0.174520 0.055581 -0.775929 0.000000
-0.189717 0.104704 -0.850613 0.000000
-0.075039 0.084410 0.259170 2.000000
0.007618 0.163943 0.243688 2.000000
-0.105025 0.069535 -0.976194 0.000000
-0.089650 0.053131 -0.231596 0.000000
-0.052287 0.126003 0.640173 2.000000
-0.096866 0.194583 -0.813292 0.000000
0.219767 -0.007003 -0.121555 1.000000
-0.101764 0.155399 0.811237 2.000000
-0.182477 0.023131 -0.973795 0.000000
0.290010 -0.121718 -0.035863 1.000000
0.036841 0.097055 -0.366282 1.000000
-0.098595 0.054827 -0.317187 0.000000
-0.047551 0.133095 0.562391 2.000000
0.173660 0.030687 -0.177797 1.000000
