-0.135261 -0.018353 -0.006652 0.000000
0.267415 0.096035 -0.950287 2.000000
0.197112 -0.197412 0.702224 1.000000
-0.505934 0.012887 0.370772 0.000000
0.169600 0.052887 -0.434330 2.000000
0.137932 0.012313 0.325556 1.000000
-0.185072 0.056818 0.310888 0.000000
0.146593 0.032019 -0.126664 1.000000
-0.393586 -0.047846 0.112051 0.000000
0.149825 0.075163 -0.708496 2.000000
0.086156 -0.063355 0.090245 1.000000
0.069158 -0.154783 0.484091 1.000000
-0.010921 -0.118313 -0.190574 0.000000
-0.067160 0.119748 0.128749 0.000000
-0.334654 0.056380 0.452880 0.000000
0.005219 0.132092 -0.044758 0.000000
0.031955 0.033511 -0.308015 0.000000
-0.359055 0.036499 0.266525 0.000000
-0.224337 0.021932 0.141913 0.000000
0.014447 -0.075284 0.246782 1.000000
-0.279231 -0.111784 0.007953 0.000000
0.197599 -0.071657 0.540203 1.000000
-0.144516 -0.136975 -0.104637 0.000000
-0.041115 0.026417 -0.146427 0.000000
0.089381 0.054913 0.188655 1.000000
0.194940 0.044388 -0.576787 2.000000
0.249335 0.093149 -0.805789 2.000000
0.108124 -0.115221 0.360101 1.000000
0.136225 0.036177 0.007263 1.000000
0.156963 0.017342 -0.275323 1.000000
0.142279 -0.062589 0.207513 1.000000
-0.473557 -0.006880 0.236602 0.000000
0.140643 -0.184545 0.581799 1.000000
0.061217 0.088065 -0.197700 0.000000
-0.140086 0.061186 0.206239 0.000000
0.166456 -0.022635 0.445083 1.000000
-0.067901 0.066488 0.031189 0.000000
0.071836 -0.018583 -0.066001 1.000000
-0.398695 0.050003 0.365804 0.000000
-0.280602 0.043823 0.360851 0.000000
0.117484 0.092369 -0.349596 2.000000
0.079259 -0.057205 -0.279504 0.000000
0.040620 0.027846 0.066418 1.000000
0.128915 -0.025690 -0.364992 2.000000
-0.328714 0.010679 0.171182 0.000000
0.010329 -0.031724 0.153259 1.000000
-0.288905 -0.028378 0.079805 0.000000
0.156113 0.003682 0.124105 1.000000
-0.259229 0.035600 0.240789 0.000000
-0.079880 -0.052704 -0.100880 0.000000
-0.139602 0.029989 0.088185 0.000000
0.202067 0.062373 -0.885788 2.000000
0.119880 0.056114 -0.516861 2.000000
0.152427 -0.116455 0.444477 1.000000
-0.199673 -0.097528 -0.040974 0.000000
-0.055864 0.037554 -0.056365 0.000000
0.234648 0.067483 -0.678536 2.000000
0.035432 -0.108898 0.414115 1.000000
0.018243 -0.024965 -0.222103 0.000000
-0.214522 -0.037939 0.027382 0.000000
0.078068 0.047941 -0.414456 0.000000
0.120627 -0.006875 -0.200041 1.000000
0.094125 -0.099108 0.276297 1.000000
0.027186 -0.087568 0.330810 1.000000
0.165999 0.081294 -0.795302 2.000000
0.029035 0.105252 -0.121556 0.000000
0.103342 -0.044868 0.006938 1.000000
0.136893 0.082257 -0.626200 2.000000
0.087324 0.063373 -0.077000 1.000000
0.073929 -0.087937 0.168137 1.000000
-0.408591 -0.007660 0.186857 0.000000
-0.027479 0.131976 0.058289 0.000000
0.164936 -0.055591 0.370725 1.000000
0.125555 0.097601 -0.245290 0.000000
0.138252 0.012920 0.245882 1.000000
-0.438809 0.024289 0.300743 0.000000
0.218455 0.041382 -0.752110 2.000000
0.197756 -0.138781 0.609080 1.000000
-0.070890 -0.124996 -0.142273 0.000000
0.066763 0.029857 -0.143506 1.000000
0.147417 -0.147031 0.514034 1.000000
0.155881 -0.056064 0.285205 1.000000
-0.338574 -0.083125 0.063088 0.000000
0.221010 0.114295 -0.736342 2.000000
0.143888 -0.002689 -0.060867 1.000000
0.014577 0.046257 -0.234398 0.000000
0.165809 0.035261 -0.358955 1.000000
0.067825 0.055105 0.002628 1.000000
0.194041 0.105503 -0.941631 2.000000
-0.035763 -0.057482 -0.155710 0.000000
0.151079 -0.204296 0.649645 1.000000
0.143794 -0.027133 0.062342 1.000000
0.102394 0.047659 0.116932 1.000000
-0.094822 0.110567 0.196139 0.000000
0.185390 0.045319 -0.507568 2.000000
0.108444 -0.022592 -0.124095 1.000000
-0.150959 -0.056683 -0.060832 0.000000
-0.116214 0.061650 0.141671 0.000000
0.127032 0.070529 -0.177100 1.000000
0.043686 -0.016306 0.004461 1.000000
0.082822 0.078386 -0.295532 0.000000
-0.199213 0.004927 0.078749 0.000000
-0.187156 0.040673 0.245910 0.000000
-0.334510 0.046300 0.325362 0.000000
-0.020778 0.070556 -0.098766 0.000000
0.231675 0.116957 -0.870451 2.000000
0.157419 0.090951 -0.556211 2.000000
-0.039447 0.091275 -0.026602 0.000000
0.107471 0.018847 -0.314361 2.000000
0.081802 0.022534 -0.239985 0.000000
-0.249433 0.045555 0.306209 0.000000
0.180967 0.041958 -0.658385 2.000000
-0.139198 0.079544 0.266105 0.000000
-0.453662 0.045561 0.394718 0.000000
0.121148 0.082460 -0.457608 2.000000
-0.224787 0.067454 0.370258 0.000000
0.134151 -0.057714 0.147026 1.000000
0.208229 0.042895 -0.817269 2.000000
0.098248 -0.175341 0.539006 1.000000
0.147380 -0.003276 -0.418419 2.000000
0.033379 -0.032321 0.097284 1.000000
-0.336125 -0.032151 0.120632 0.000000
-0.410370 0.014080 0.244711 0.000000
-0.286090 0.005467 0.129293 0.000000
0.177847 -0.077417 0.484234 1.000000
0.104137 -0.136009 0.415748 1.000000
-0.494894 -0.001321 0.314445 0.000000
0.182447 0.101918 -0.667296 2.000000
-0.309315 0.062225 0.443110 0.000000
0.269813 0.095601 -0.958155 2.000000
0.047928 -0.100355 -0.235092 0.000000
0.191772 -0.225285 0.714347 1.000000
0.082617 0.048055 0.198172 1.000000
-0.311930 -0.110386 0.028165 0.000000
0.138643 0.094747 -0.572307 2.000000
0.046009 -0.128181 0.460801 1.000000
-0.482480 -0.010849 0.232431 0.000000
0.034016 0.136150 -0.065502 0.000000
0.145906 0.103432 -0.326048 0.000000
-0.135593 0.086122 0.284091 0.000000
-0.135075 -0.137711 -0.110898 0.000000
0.244750 0.092900 -0.754104 2.000000
0.211094 -0.083435 0.571167 1.000000
0.141070 0.015039 0.378864 1.000000
-0.050003 0.135141 0.101497 0.000000
0.031108 -0.019934 0.037175 1.000000
0.014124 -0.071609 0.300526 1.000000
-0.467192 0.043824 0.394183 0.000000
0.070459 -0.006741 -0.118775 1.000000
0.159049 -0.000836 -0.428440 2.000000
-0.413075 -0.052555 0.113213 0.000000
0.098673 -0.170402 0.594849 1.000000
0.104330 0.101850 -0.190726 0.000000
0.113425 -0.042124 -0.323879 2.000000
-0.214604 0.072671 0.370457 0.000000
-0.000028 -0.041249 0.190955 1.000000
0.169278 -0.022627 0.484406 1.000000
-0.036259 -0.138221 -0.166992 0.000000
-0.227926 -0.134411 -0.038791 0.000000
-0.089031 0.115923 0.197157 0.000000
0.215775 -0.152651 0.645810 1.000000
0.227747 0.078643 -0.658750 2.000000
0.058679 0.052959 0.103577 1.000000
0.151240 0.095940 -0.428420 2.000000
0.045262 0.045071 -0.037076 1.000000
0.077624 0.027328 -0.245001 0.000000
0.116212 0.036761 0.291370 1.000000
-0.015399 0.140080 0.017990 0.000000
-0.506712 0.002627 0.317001 0.000000
0.035107 -0.090677 0.384145 1.000000
-0.393617 0.054999 0.434884 0.000000
0.099692 0.033655 -0.345581 0.000000
0.162401 0.052210 -0.509079 2.000000
0.192919 0.081184 -0.952977 2.000000
0.147906 -0.199954 0.656077 1.000000
0.154988 0.101067 -0.659120 2.000000
0.064973 -0.156853 0.527835 1.000000
0.015232 -0.000088 0.131338 1.000000
0.072482 0.116145 -0.127251 0.000000
0.161202 0.028396 -0.308248 1.000000
-0.362751 -0.083521 0.069360 0.000000
-0.447293 -0.028025 0.175436 0.000000
0.075235 0.037713 -0.169499 1.000000
0.082011 -0.069903 -0.279037 0.000000
-0.259142 0.066082 0.410234 0.000000
0.039885 0.039093 0.036396 1.000000
0.057201 -0.010782 -0.052505 1.000000
-0.177513 -0.144276 -0.071298 0.000000
0.142927 -0.014627 -0.374369 2.000000
0.000448 -0.065458 0.243611 1.000000
0.102579 0.092096 -0.289893 0.000000
0.152882 -0.004239 0.433267 1.000000
-0.171247 0.072272 0.334004 0.000000
-0.086385 -0.141545 -0.143660 0.000000
-0.515876 0.020534 0.368420 0.000000
0.007351 -0.121742 -0.205534 0.000000
0.192292 -0.048315 0.525382 1.000000
0.042295 0.032759 -0.096418 1.000000
-0.271043 -0.124892 -0.001699 0.000000
0.222771 0.123007 -0.957964 2.000000
-0.067721 0.118465 0.150220 0.000000
0.026608 0.018590 0.081078 1.000000
0.209081 -0.188126 0.681510 1.000000
0.171270 0.096364 -0.533771 2.000000
0.086720 0.030274 -0.293906 0.000000
0.217004 -0.118716 0.605653 1.000000
0.158956 0.097137 -0.379872 2.000000
0.072358 0.053882 0.150933 1.000000
-0.112687 0.093558 0.242219 0.000000
0.101939 0.044945 0.246240 1.000000
0.232520 0.054662 -0.954692 2.000000
-0.353096 0.066711 0.459712 0.000000
0.126349 0.030545 0.335972 1.000000
0.036611 -0.010174 -0.007075 1.000000
0.135731 0.026062 -0.393572 2.000000
-0.485285 -0.010516 0.279626 0.000000
0.004279 0.139962 -0.022127 0.000000
0.020147 -0.085368 0.341339 1.000000
-0.031465 0.136982 0.062329 0.000000
0.165133 -0.198390 0.694896 1.000000
0.041213 -0.104016 0.422532 1.000000
-0.424578 0.056035 0.409280 0.000000
0.050325 0.019208 -0.141068 2.000000
0.067408 0.017523 -0.207979 0.000000
0.123176 -0.182506 0.622929 1.000000
0.126013 0.065162 -0.505582 2.000000
0.087834 -0.162879 0.558391 1.000000
-0.436229 -0.033956 0.139457 0.000000
0.056675 0.127830 -0.096706 0.000000
0.089703 0.068026 -0.183003 0.000000
0.042335 0.043862 -0.001044 1.000000
-0.383879 -0.066277 0.091958 0.000000
0.136431 0.091059 -0.534118 2.000000
0.054916 -0.146660 0.489346 1.000000
0.136332 0.099848 -0.284823 0.000000
-0.335479 -0.095878 0.051236 0.000000
0.014740 -0.015014 0.162830 1.000000
0.088551 0.105860 -0.160380 0.000000
-0.467863 -0.013607 0.202128 0.000000
0.050281 0.050033 0.066289 1.000000
0.060344 -0.003539 -0.083620 1.000000
0.240364 0.086486 -0.723814 2.000000
0.094680 0.014671 -0.267900 0.000000
0.207021 -0.071159 0.540757 1.000000
-0.151354 0.077900 0.309588 0.000000
0.106079 -0.054692 -0.296944 2.000000
0.039024 0.035830 -0.066825 1.000000
0.206261 -0.127712 0.631816 1.000000
0.231369 0.061114 -0.682068 2.000000
0.132864 -0.022545 -0.348083 2.000000
0.152645 -0.003313 -0.400085 2.000000
0.067252 -0.081719 -0.256973 0.000000
0.010307 -0.062333 0.270615 1.000000
0.165208 -0.013381 0.458109 1.000000
-0.201633 -0.137708 -0.058475 0.000000
-0.014302 -0.130718 -0.190196 0.000000
