0.061667 0.096527 -0.276983 0.000000
0.106667 -0.401448 0.737135 2.000000
0.167167 0.076346 -0.973938 1.000000
-0.388321 0.171156 0.190028 0.000000
0.112719 -0.047185 0.299831 2.000000
-0.236327 0.023738 -0.095802 0.000000
0.090344 0.066986 -0.628630 1.000000
0.076208 -0.016821 0.001988 2.000000
-0.000774 -0.214823 0.532641 2.000000
-0.131426 0.123178 0.136704 0.000000
-0.008779 0.145783 -0.091792 0.000000
-0.066579 -0.029433 -0.206130 0.000000
-0.021682 -0.034024 0.167571 2.000000
0.110091 0.034536 -0.442851 1.000000
-0.037981 -0.118206 0.373559 2.000000
-0.339446 0.119841 0.019552 0.000000
0.152402 0.097692 -0.793519 1.000000
0.148696 -0.273561 0.619532 2.000000
0.131456 -0.128891 0.470218 2.000000
0.085667 -0.002689 -0.155691 2.000000
-0.123057 0.091491 -0.012454 0.000000
0.092085 0.055548 0.130482 2.000000
-0.247188 0.142560 0.225903 0.000000
-0.222910 0.115124 0.051042 0.000000
-0.119504 0.038332 -0.121022 0.000000
-0.020220 0.082459 -0.192176 0.000000
-0.009623 0.034375 0.065561 2.000000
0.016609 -0.105563 0.264082 2.000000
0.028614 -0.281334 0.624764 2.000000
0.043074 -0.011537 -0.318425 0.000000
0.071480 -0.153715 0.365868 2.000000
0.072601 -0.054032 0.107745 2.000000
0.064252 0.065208 -0.071191 2.000000
0.116254 -0.222972 0.525941 2.000000
-0.307066 0.153973 0.118545 0.000000
0.104925 -0.019841 0.197672 2.000000
0.103931 0.089964 -0.530873 1.000000
0.116859 0.076800 -0.886978 1.000000
0.047095 0.068708 -0.376842 0.000000
0.007573 -0.185586 0.430710 2.000000
0.141584 0.059484 -0.707889 1.000000
0.076122 -0.343665 0.671972 2.000000
0.095224 0.011268 -0.247807 2.000000
0.128004 -0.079119 0.394606 2.000000
-0.264726 0.077228 -0.028915 0.000000
-0.087324 0.136302 0.059436 0.000000
0.064990 0.066711 0.027386 2.000000
-0.226126 0.128646 0.139870 0.000000
-0.007777 0.023524 -0.255206 0.000000
-0.047123 -0.048811 0.246780 2.000000
-0.073909 0.094355 -0.078246 0.000000
0.049177 -0.077422 0.182401 2.000000
0.056984 0.062222 -0.198864 2.000000
0.075385 -0.015483 -0.078225 2.000000
-0.186624 0.069177 -0.053969 0.000000
0.085917 -0.189306 0.440797 2.000000
0.008473 0.033368 -0.025927 2.000000
0.103086 0.037720 -0.329293 2.000000
-0.042502 0.140441 -0.022283 0.000000
0.081040 -0.116916 0.299667 2.000000
0.071479 -0.267130 0.565148 2.000000
0.096922 0.012882 0.066958 2.000000
0.002090 -0.032333 0.095478 2.000000
0.031254 0.118927 -0.155657 0.000000
-0.317388 0.158211 0.222556 0.000000
0.030246 0.023403 -0.118228 2.000000
-0.045035 -0.085831 0.307320 2.000000
-0.165296 -0.008349 -0.148544 0.000000
-0.154155 0.105156 0.061113 0.000000
0.144460 -0.342794 0.669310 2.000000
0.069028 0.004502 -0.381595 1.000000
0.099319 0.088133 -0.753317 1.000000
0.014260 0.055661 -0.309855 0.000000
-0.370826 0.150676 0.098293 0.000000
0.050312 -0.220904 0.487645 2.000000
0.015383 -0.130551 0.325775 2.000000
-0.064659 0.037940 -0.170509 0.000000
0.126796 0.043280 -0.578317 1.000000
-0.285815 0.133093 0.056263 0.000000
0.075844 0.084324 -0.468235 1.000000
0.106280 0.093260 -0.365466 1.000000
0.081163 0.061462 -0.138763 2.000000
0.015669 -0.017732 0.024791 2.000000
-0.193823 0.132830 0.193493 0.000000
-0.028447 0.102903 -0.133053 0.000000
0.098221 0.032938 -0.029637 2.000000
0.086562 -0.072998 0.231982 2.000000
0.161115 0.108464 -0.858370 1.000000
0.099683 -0.309686 0.625000 2.000000
0.013032 0.080370 -0.243820 0.000000
0.100883 -0.008842 0.136955 2.000000
0.111553 0.002242 0.253763 2.000000
0.142322 -0.211530 0.579061 2.000000
-0.108985 -0.005490 -0.171108 0.000000
0.152861 0.053802 -0.836213 1.000000
0.134895 -0.166605 0.527690 2.000000
0.103540 0.038103 0.185946 2.000000
-0.126952 0.070592 -0.071487 0.000000
0.159230 0.107617 -0.916837 1.000000
0.097680 0.093525 -0.689995 1.000000
-0.023415 0.009394 0.125955 2.000000
0.116915 0.037079 -0.499663 1.000000
0.108157 0.091490 -0.832558 1.000000
0.005326 -0.155927 0.382346 2.000000
-0.176155 0.096763 0.006725 0.000000
-0.335258 0.165588 0.169298 0.000000
-0.003437 -0.073222 0.204134 2.000000
0.116112 -0.132283 0.409051 2.000000
-0.182588 0.113157 0.108531 0.000000
-0.183333 0.037911 -0.100624 0.000000
0.111226 -0.086483 0.338332 2.000000
0.065195 -0.039330 0.055631 2.000000
0.139851 0.073281 -0.647695 1.000000
0.038889 0.017398 -0.171450 2.000000
-0.264334 0.146874 0.172028 0.000000
0.044250 0.074839 -0.020794 2.000000
0.040074 -0.013359 -0.036676 2.000000
0.025759 -0.043573 0.146971 2.000000
0.086591 0.086670 -0.580315 1.000000
-0.275083 0.105187 0.013879 0.000000
0.101885 0.038409 -0.191798 2.000000
0.066513 0.042685 -0.417016 1.000000
0.136723 0.063285 -0.935324 1.000000
0.114540 -0.189778 0.482690 2.000000
0.063765 0.083738 -0.325784 0.000000
0.088441 0.061493 -0.237874 2.000000
0.015475 0.054323 0.027282 2.000000
-0.001148 -0.201403 0.484762 2.000000
0.134920 0.063658 -0.978944 1.000000
0.106844 -0.407399 0.740386 2.000000
-0.329356 0.103647 -0.011201 0.000000
0.113755 0.079222 -0.397344 1.000000
0.121725 -0.019330 0.321425 2.000000
0.004407 0.390622 -0.831080 1.000000
0.075466 -0.022283 -0.031626 2.000000
-0.006377 -0.207231 0.533237 2.000000
0.138948 0.052155 -0.677062 1.000000
-0.280661 0.158925 0.253402 0.000000
-0.151584 -0.021520 -0.166662 0.000000
-0.090655 0.143495 0.073403 0.000000
-0.048893 -0.023993 0.201496 2.000000
0.057320 0.098990 -0.199861 0.000000
0.155034 -0.261308 0.619977 2.000000
-0.041088 -0.112314 0.370238 2.000000
0.086316 0.064991 0.123182 2.000000
0.133838 -0.118335 0.469991 2.000000
0.140035 0.140530 -0.820516 1.000000
-0.390272 0.155887 0.132631 0.000000
-0.017591 0.146828 -0.070265 0.000000
0.032489 -0.015499 -0.302476 0.000000
-0.253822 0.034641 -0.096958 0.000000
-0.165736 0.129917 0.181920 0.000000
0.029899 -0.295118 0.644029 2.000000
0.017997 0.060579 0.027441 2.000000
-0.052791 -0.036516 -0.220975 0.000000
0.084494 -0.005635 -0.138308 2.000000
0.043256 -0.027604 0.087519 2.000000
0.108617 0.030743 0.222595 2.000000
0.139913 -0.184254 0.552741 2.000000
0.090800 0.101027 -0.299773 0.000000
0.149046 -0.342369 0.673924 2.000000
-0.030670 -0.174554 0.441913 2.000000
-0.047911 -0.069337 0.284774 2.000000
-0.023586 0.066129 -0.234168 0.000000
0.070201 -0.002323 -0.386887 1.000000
-0.025955 0.022556 0.123571 2.000000
0.091009 0.009178 -0.242688 2.000000
0.134785 -0.069072 0.398851 2.000000
-0.353073 0.173320 0.206554 0.000000
0.024672 -0.049763 0.169370 2.000000
-0.363141 0.139069 0.056009 0.000000
-0.053345 0.149416 0.002502 0.000000
0.072633 -0.350210 0.693077 2.000000
0.019443 0.128726 -0.137086 0.000000
0.161255 0.089644 -0.770071 1.000000
0.010475 -0.076682 0.239272 2.000000
0.021908 -0.246297 0.593036 2.000000
0.100647 0.018778 -0.312117 2.000000
-0.206343 0.000803 -0.131654 0.000000
-0.125068 0.132380 0.129261 0.000000
-0.291876 0.059344 -0.049318 0.000000
0.038221 0.036630 -0.215414 0.000000
-0.216516 0.147896 0.216339 0.000000
0.066736 0.075561 0.064896 2.000000
0.059427 -0.000643 0.024322 2.000000
-0.005019 -0.025834 -0.257367 0.000000
0.079155 0.066725 -0.252035 2.000000
-0.102363 -0.037046 -0.194186 0.000000
0.001610 0.041095 0.077691 2.000000
0.175141 0.102652 -0.979177 1.000000
0.097719 0.049224 0.173033 2.000000
0.115805 0.007562 0.270255 2.000000
0.134874 -0.150737 0.513827 2.000000
0.051647 0.024730 -0.272100 2.000000
0.150972 -0.220281 0.586338 2.000000
0.133967 -0.379457 0.704495 2.000000
0.107027 0.094944 -0.350406 1.000000
-0.014160 -0.185034 0.487227 2.000000
-0.394561 0.168220 0.179879 0.000000
0.153297 -0.305163 0.637266 2.000000
-0.048434 -0.092864 0.328226 2.000000
-0.027463 -0.137289 0.413738 2.000000
0.114946 0.101066 -0.820004 1.000000
0.047052 -0.007237 -0.346900 0.000000
0.101542 0.023669 -0.357360 1.000000
0.126591 -0.041869 0.363436 2.000000
-0.038648 0.001685 0.161225 2.000000
-0.054152 -0.048461 0.245655 2.000000
0.134442 -0.096414 0.430429 2.000000
0.067316 0.030443 -0.334069 1.000000
-0.217660 0.013440 -0.094084 0.000000
0.051364 -0.318727 0.678678 2.000000
0.048544 0.075903 0.005815 2.000000
-0.377359 0.149355 0.095184 0.000000
0.085527 0.068932 -0.328972 1.000000
0.042376 0.112570 -0.165180 0.000000
-0.000161 0.143281 -0.105676 0.000000
-0.320151 0.164701 0.225973 0.000000
0.136071 0.105297 -0.978804 1.000000
0.031193 -0.020598 0.051049 2.000000
-0.072803 0.145571 0.038862 0.000000
0.086306 -0.376831 0.717739 2.000000
-0.348320 0.121986 0.016769 0.000000
0.005276 -0.226840 0.565073 2.000000
0.078222 -0.016777 -0.068983 2.000000
0.106941 -0.334665 0.689879 2.000000
-0.031892 0.150213 -0.035699 0.000000
0.015621 -0.064041 0.204358 2.000000
0.063224 0.063870 -0.216025 2.000000
0.074739 0.098362 -0.234984 0.000000
0.079495 0.069039 -0.289652 2.000000
0.093756 0.013105 -0.279136 2.000000
-0.141559 0.126741 0.158222 0.000000
0.087550 0.021939 -0.401604 1.000000
0.161603 0.102533 -0.800622 1.000000
0.022976 -0.276622 0.617494 2.000000
-0.176598 -0.007156 -0.143709 0.000000
-0.102630 0.136623 0.103005 0.000000
0.079143 0.094784 -0.270041 0.000000
-0.243619 0.142961 0.232468 0.000000
-0.310354 0.085741 -0.028586 0.000000
-0.270766 0.043692 -0.066078 0.000000
-0.190342 0.133717 0.200230 0.000000
0.065077 0.024661 -0.299879 2.000000
-0.028517 -0.032509 -0.239182 0.000000
0.018046 -0.015081 -0.276364 0.000000
0.057085 0.075820 0.034395 2.000000
0.077614 0.071362 0.095434 2.000000
0.047624 0.034756 -0.245461 2.000000
-0.011554 0.036147 0.102737 2.000000
0.166991 0.076202 -0.979662 1.000000
0.011140 0.050927 0.051981 2.000000
0.116401 -0.394761 0.718583 2.000000
0.097705 0.035735 0.196176 2.000000
0.031533 -0.043993 0.144220 2.000000
-0.122453 -0.027502 -0.179530 0.000000
