-0.178149 0.137279 -0.154903 1.000000
0.334501 -0.502199 0.598801 2.000000
0.013932 0.158660 -0.982969 3.000000
-0.111817 0.015301 0.423678 0.000000
0.011321 0.118287 -0.549927 3.000000
0.112339 0.035545 0.096688 2.000000
0.183722 -0.194381 0.473755 2.000000
0.032355 -0.129561 0.276921 2.000000
0.012732 0.065345 -0.304210 2.000000
-0.343135 0.190748 0.003872 1.000000
-0.037996 0.133676 -0.767708 3.000000
-0.005857 0.031763 -0.081455 2.000000
-0.053902 0.056883 0.229048 0.000000
0.170291 -0.388121 0.537141 2.000000
0.045821 -0.250837 0.395972 2.000000
-0.151898 0.048874 -0.293052 1.000000
-0.050554 0.028532 0.074000 2.000000
0.146517 -0.078573 0.363277 2.000000
-0.067873 0.170922 -0.243973 1.000000
0.110341 -0.007760 0.242183 2.000000
-0.200468 0.166737 0.001997 1.000000
-0.051467 0.121146 -0.419281 1.000000
-0.310845 0.156949 -0.124855 1.000000
-0.000028 -0.056693 0.166701 2.000000
0.292232 -0.380771 0.573790 2.000000
0.022235 0.103591 -0.181709 2.000000
0.137350 -0.305016 0.457367 2.000000
0.063988 0.089005 -0.006703 2.000000
0.007088 0.118987 -0.663491 3.000000
0.229289 -0.291473 0.530473 2.000000
-0.032947 0.142692 -0.884121 3.000000
0.039481 -0.011215 0.025362 2.000000
-0.240191 0.086739 -0.225879 1.000000
0.114866 -0.178827 0.366244 2.000000
-0.094090 0.040345 0.325615 0.000000
-0.082613 0.123920 -0.326375 1.000000
-0.140810 0.167105 -0.073037 1.000000
-0.039888 -0.091742 0.239021 2.000000
-0.016988 0.070724 0.149491 0.000000
-0.145993 0.113444 -0.233982 1.000000
-0.226792 0.156431 -0.081902 1.000000
0.024250 -0.192598 0.335531 2.000000
-0.032445 0.064325 -0.006790 2.000000
0.261407 -0.460252 0.578994 2.000000
0.083816 -0.015787 0.161709 2.000000
0.036471 0.110467 -0.083958 2.000000
-0.101854 0.172583 -0.166754 1.000000
0.103051 -0.078399 0.287741 2.000000
0.019536 0.067655 0.061204 2.000000
0.159786 -0.132157 0.422562 2.000000
0.015888 0.105383 -0.373288 2.000000
0.005460 0.085166 -0.462238 3.000000
0.067651 -0.082706 0.217424 2.000000
-0.087274 0.046597 -0.340639 1.000000
0.137408 -0.235016 0.415734 2.000000
0.012038 -0.025540 0.096011 2.000000
-0.273397 0.178969 0.031076 1.000000
-0.019054 0.067162 -0.232864 2.000000
-0.288766 0.181397 -0.047168 1.000000
-0.030784 0.069445 -0.140922 2.000000
0.013471 0.138976 -0.821099 3.000000
-0.251008 0.128912 -0.165537 1.000000
-0.051930 -0.016599 0.135785 2.000000
0.237917 -0.364621 0.527515 2.000000
0.045203 0.022902 -0.035417 2.000000
0.034683 0.049596 -0.137994 2.000000
0.191830 -0.262076 0.473964 2.000000
-0.028038 0.130843 -0.607326 3.000000
0.083007 -0.144886 0.318524 2.000000
0.180796 -0.340123 0.491394 2.000000
0.077246 0.040756 0.042150 2.000000
0.078277 -0.286627 0.441614 2.000000
-0.046851 0.061867 -0.398019 1.000000
-0.026505 0.126660 -0.497118 3.000000
-0.002930 0.115398 -0.270063 2.000000
-0.027054 0.145306 -0.351966 1.000000
0.015329 0.152471 -0.922761 3.000000
-0.119185 0.097551 -0.284924 1.000000
-0.000342 0.143344 -0.723119 3.000000
-0.019201 0.013303 0.026217 2.000000
-0.046525 0.019099 0.182446 0.000000
-0.064850 0.018812 0.279212 0.000000
0.069600 -0.004641 0.091881 2.000000
0.218407 -0.418195 0.552592 2.000000
-0.040276 0.153096 -0.295759 1.000000
-0.026370 -0.132134 0.278705 2.000000
-0.003043 0.140200 -0.444252 3.000000
0.019673 0.045557 -0.196367 2.000000
0.323964 -0.448072 0.584516 2.000000
-0.187169 0.073446 -0.256065 1.000000
0.253918 -0.326405 0.566267 2.000000
0.008217 0.076317 -0.042122 2.000000
-0.197436 0.116017 -0.201599 1.000000
-0.133478 0.150000 -0.127319 1.000000
-0.106427 0.146639 -0.215041 1.000000
0.122372 -0.127452 0.352102 2.000000
0.051056 -0.048494 0.134536 2.000000
0.047897 0.054079 -0.087362 2.000000
0.110092 0.015846 0.194363 2.000000
-0.038145 0.131237 -0.688961 3.000000
0.153066 -0.183602 0.417380 2.000000
-0.032249 0.151423 -0.959913 3.000000
-0.037723 0.139751 -0.830065 3.000000
0.002474 0.114375 -0.321518 2.000000
0.007671 -0.086671 0.219536 2.000000
-0.328130 0.167306 -0.077103 1.000000
0.132836 -0.048487 0.316992 2.000000
-0.100107 0.019526 0.372087 0.000000
0.094345 -0.221598 0.385465 2.000000
0.025327 0.092372 -0.234070 2.000000
-0.246036 0.170039 -0.019921 1.000000
-0.017260 0.095971 -0.100065 2.000000
-0.007135 0.017404 -0.022669 2.000000
0.019248 0.110977 -0.131051 2.000000
-0.068199 0.097571 -0.370089 1.000000
0.133703 -0.351572 0.502981 2.000000
-0.183377 0.146103 -0.103891 1.000000
0.027766 0.060530 0.012684 2.000000
-0.092788 0.135523 -0.267822 1.000000
-0.037310 0.119496 -0.556724 3.000000
-0.189374 0.155882 -0.044525 1.000000
-0.041794 0.037933 0.122802 0.000000
-0.039315 0.071275 -0.448292 1.000000
0.002639 -0.158950 0.307137 2.000000
0.111110 0.024139 0.146429 2.000000
-0.259129 0.158916 -0.117559 1.000000
-0.023532 0.093763 -0.192284 2.000000
0.213022 -0.248427 0.514693 2.000000
-0.010541 0.145768 -0.368002 1.000000
0.340755 -0.517820 0.603025 2.000000
-0.113229 0.032875 0.372026 0.000000
-0.008776 0.129562 -0.989779 3.000000
-0.350756 0.184821 -0.023419 1.000000
0.080957 0.083026 0.019990 2.000000
0.188398 -0.181347 0.477596 2.000000
-0.232378 0.073861 -0.238854 1.000000
0.113727 -0.005840 0.263648 2.000000
0.004876 -0.196748 0.331667 2.000000
0.168135 -0.387204 0.543536 2.000000
-0.138839 0.165310 -0.061913 1.000000
0.020689 0.036129 -0.178387 2.000000
-0.058899 -0.017769 0.141694 2.000000
-0.035070 0.137024 -0.794026 3.000000
-0.073482 0.178380 -0.214497 1.000000
0.073452 -0.291406 0.444626 2.000000
-0.105142 0.036439 -0.327001 1.000000
0.150822 -0.085897 0.374671 2.000000
-0.054159 0.073070 0.252014 0.000000
0.304811 -0.386021 0.578701 2.000000
-0.308264 0.145106 -0.148567 1.000000
-0.040586 -0.097806 0.252697 2.000000
-0.029184 0.082065 -0.056739 2.000000
0.120958 0.027734 0.134174 2.000000
-0.229871 0.174417 0.034243 1.000000
-0.017749 0.073188 -0.470540 1.000000
0.235106 -0.281092 0.544473 2.000000
-0.007388 0.013855 0.044341 2.000000
0.001977 0.077322 0.143834 0.000000
0.013569 0.061935 -0.314792 2.000000
0.008686 0.123109 -0.884852 3.000000
0.036134 0.008037 -0.046923 2.000000
0.020457 0.119498 -0.128394 2.000000
0.237545 -0.452665 0.576750 2.000000
0.050733 -0.036297 0.097688 2.000000
-0.046600 0.054545 -0.392579 1.000000
0.119680 -0.343744 0.490316 2.000000
-0.035186 0.156860 -0.289266 1.000000
-0.104487 0.177216 -0.136347 1.000000
-0.070808 0.013820 0.304288 0.000000
0.036238 -0.248426 0.388279 2.000000
0.046510 0.110261 -0.054230 2.000000
0.007613 0.144323 -0.447734 3.000000
-0.168885 0.045892 -0.282713 1.000000
-0.039773 0.009402 0.206580 0.000000
0.007923 0.099840 -0.210636 2.000000
0.166189 -0.127637 0.430378 2.000000
-0.297606 0.191354 0.025404 1.000000
0.137051 -0.043443 0.318200 2.000000
0.334086 -0.449897 0.587944 2.000000
0.023911 0.065556 0.077741 2.000000
-0.275404 0.105306 -0.196494 1.000000
-0.020892 -0.142943 0.299298 2.000000
-0.335054 0.173020 -0.087075 1.000000
0.110285 0.053832 0.071656 2.000000
0.263302 -0.336042 0.567544 2.000000
-0.053793 -0.059398 0.201467 2.000000
-0.036855 0.146514 -0.924958 3.000000
-0.181135 0.166977 -0.007613 1.000000
0.212176 -0.232451 0.509275 2.000000
0.009359 0.077249 -0.410876 3.000000
0.117362 0.012732 0.203473 2.000000
-0.051194 0.019888 0.086278 2.000000
-0.113226 0.008584 0.427826 0.000000
0.020067 0.068762 -0.089816 2.000000
-0.024054 0.079239 0.200971 0.000000
0.035883 0.049519 0.000285 2.000000
0.286088 -0.483582 0.595160 2.000000
-0.021515 0.112068 -0.323421 2.000000
-0.030913 0.109076 -0.425681 1.000000
-0.031533 0.138579 -0.846612 3.000000
-0.051488 0.020188 0.255821 0.000000
-0.020016 0.098676 -0.104879 2.000000
-0.005030 0.078503 -0.166131 2.000000
-0.042183 0.048182 0.031602 2.000000
0.027534 0.017825 -0.095610 2.000000
-0.029505 0.098970 -0.371176 1.000000
-0.076550 0.065578 0.294851 0.000000
0.203144 -0.420998 0.562667 2.000000
-0.019968 0.004612 0.125062 0.000000
0.040210 0.117054 -0.184007 2.000000
-0.100052 0.048541 0.328385 0.000000
-0.000436 0.172207 -0.985061 3.000000
-0.057209 0.172883 -0.255094 1.000000
-0.069911 0.045873 -0.357080 1.000000
0.009145 0.067957 -0.356401 2.000000
0.141566 -0.363564 0.520468 2.000000
-0.010757 0.148138 -0.411151 1.000000
-0.202028 0.059551 -0.262544 1.000000
-0.037129 0.065139 -0.435317 1.000000
0.094950 -0.315056 0.469967 2.000000
-0.083669 0.014795 0.344380 0.000000
0.056203 0.096649 -0.017418 2.000000
-0.032632 0.072648 -0.018453 2.000000
0.018449 -0.222609 0.357164 2.000000
-0.335026 0.195541 0.010293 1.000000
0.167673 -0.156766 0.455648 2.000000
0.051650 -0.269599 0.416201 2.000000
-0.039188 0.146797 -0.886750 3.000000
0.033829 0.113253 -0.093361 2.000000
0.013055 0.082746 -0.133252 2.000000
0.027047 0.057082 -0.035333 2.000000
-0.008490 0.008825 0.081409 2.000000
-0.121758 0.177389 -0.103357 1.000000
0.029284 0.054034 0.036496 2.000000
-0.026083 0.084360 -0.299424 2.000000
-0.028248 0.006736 0.160944 0.000000
-0.267727 0.182857 0.044328 1.000000
-0.323914 0.162585 -0.120085 1.000000
-0.136224 0.042956 -0.310226 1.000000
0.158410 -0.104774 0.404057 2.000000
0.146180 -0.063331 0.347679 2.000000
-0.008910 0.110968 -0.152959 2.000000
-0.058634 -0.038619 0.169601 2.000000
-0.021206 0.146885 -0.323453 1.000000
-0.094366 0.177962 -0.169061 1.000000
-0.157460 0.160083 -0.033938 1.000000
0.007865 0.086671 -0.443501 3.000000
0.015156 0.067269 0.110503 0.000000
0.123365 -0.023971 0.294078 2.000000
0.120130 0.040881 0.103399 2.000000
0.118374 0.021680 0.166897 2.000000
0.338780 -0.485582 0.594705 2.000000
0.243740 -0.310734 0.558195 2.000000
0.099059 0.070770 0.045462 2.000000
-0.031868 -0.122152 0.276600 2.000000
0.285354 -0.360050 0.577699 2.000000
