0.044548 -0.286556 0.374532 0.000000
-0.000366 0.212160 -0.971657 1.000000
-0.223119 0.200022 -0.215891 2.000000
-0.004797 0.212635 0.511430 3.000000
0.066864 0.012434 0.051769 0.000000
0.009309 0.143839 -0.561182 1.000000
0.179019 -0.615515 0.456784 0.000000
0.007020 0.058542 -0.211013 0.000000
-0.047748 0.116589 0.267429 3.000000
0.001704 -0.106392 0.237673 0.000000
-0.169623 0.123303 -0.420582 2.000000
-0.022987 0.169420 -0.767955 1.000000
0.149281 -0.419559 0.464210 0.000000
0.007452 0.117870 -0.381181 1.000000
-0.030049 0.113641 -0.049156 3.000000
-0.053554 0.096393 0.102879 3.000000
0.116018 -0.164759 0.317504 0.000000
0.025131 0.162113 0.379283 3.000000
-0.117631 0.194886 -0.307684 2.000000
0.092534 -0.052399 0.165441 0.000000
-0.244763 0.182768 -0.339537 2.000000
-0.027101 -0.040621 0.134638 0.000000
-0.012438 -0.185202 0.329134 0.000000
-0.066281 0.166742 -0.465417 2.000000
-0.044984 0.004052 -0.001074 0.000000
0.036881 0.092804 0.185387 3.000000
0.134019 -0.311109 0.437007 0.000000
0.111133 -0.523030 0.454754 0.000000
0.011652 0.028001 -0.102830 0.000000
0.053059 -0.389719 0.422511 0.000000
0.015250 0.179034 -0.868942 1.000000
-0.015806 0.174955 -0.661522 1.000000
-0.029002 0.110726 -0.287190 0.000000
0.113288 -0.122767 0.231802 0.000000
0.014043 0.091125 0.030838 3.000000
-0.008143 0.116363 -0.143289 3.000000
0.005784 0.118213 -0.475016 1.000000
-0.076281 0.198467 -0.387191 2.000000
0.107076 -0.231605 0.376731 0.000000
-0.047438 0.110843 0.185190 3.000000
0.037392 0.019968 -0.024416 0.000000
0.023223 0.124036 0.302138 3.000000
0.049421 -0.168405 0.275552 0.000000
0.029394 0.083086 0.107341 3.000000
0.031633 -0.053366 0.084344 0.000000
0.089950 -0.453470 0.434418 0.000000
-0.170133 0.168117 -0.353051 2.000000
-0.005977 0.178718 0.444729 3.000000
0.028405 -0.089580 0.167429 0.000000
-0.191862 0.186901 -0.281696 2.000000
-0.107956 0.105317 -0.456748 2.000000
0.181897 -0.535709 0.464200 0.000000
0.048529 -0.223829 0.335615 0.000000
-0.054213 0.075368 0.014961 3.000000
-0.022067 0.122204 -0.217109 3.000000
-0.037046 -0.019038 0.064081 0.000000
-0.258254 0.203270 -0.276954 2.000000
-0.042251 0.125021 -0.523815 2.000000
0.014806 -0.021126 0.022994 0.000000
0.116961 -0.374180 0.428933 0.000000
0.076304 -0.012898 0.116572 0.000000
-0.027652 0.141739 0.348803 3.000000
-0.112413 0.154323 -0.416139 2.000000
-0.036598 0.074044 -0.098548 3.000000
0.008715 0.121320 0.238813 3.000000
-0.004730 -0.244192 0.363055 0.000000
0.085697 -0.325677 0.398861 0.000000
-0.021083 0.196755 -0.914225 1.000000
0.019409 -0.335541 0.399873 0.000000
-0.015799 0.053847 -0.151613 0.000000
-0.037400 0.029649 -0.057577 0.000000
0.015800 0.077310 -0.027806 3.000000
0.001839 0.154484 -0.714406 1.000000
-0.008459 -0.138660 0.286284 0.000000
0.163912 -0.475891 0.470614 0.000000
-0.019493 0.178579 -0.524190 2.000000
-0.214153 0.146146 -0.383796 2.000000
-0.026690 0.163248 -0.606170 1.000000
-0.002382 0.112813 0.144686 3.000000
0.052769 -0.128452 0.224064 0.000000
0.036534 0.079375 -0.103839 0.000000
-0.018361 0.139810 -0.428702 1.000000
-0.019816 0.179037 -0.823396 1.000000
0.003569 0.086447 -0.326007 1.000000
0.138319 -0.571490 0.458907 0.000000
-0.009747 -0.063116 0.196742 0.000000
0.023388 0.108318 -0.189658 0.000000
-0.031487 0.109371 0.054365 3.000000
0.012175 0.098861 -0.255196 0.000000
-0.032837 0.119621 -0.342362 1.000000
-0.114028 0.175279 -0.360214 2.000000
0.119705 -0.268882 0.408081 0.000000
0.091835 -0.094320 0.197385 0.000000
-0.037672 0.082268 -0.193527 0.000000
0.048968 0.054573 -0.056140 0.000000
0.107101 -0.143929 0.274646 0.000000
0.024158 0.081762 -0.149783 0.000000
0.091050 -0.200515 0.336288 0.000000
-0.146462 0.185158 -0.269504 2.000000
-0.032013 0.086415 -0.246072 0.000000
0.006975 0.099514 -0.074378 3.000000
-0.020126 0.140068 0.302574 3.000000
-0.013674 0.112899 -0.005957 3.000000
0.013456 -0.061896 0.129655 0.000000
-0.016743 0.154112 0.396297 3.000000
-0.008016 0.114755 0.099186 3.000000
0.009388 0.132021 -0.330193 1.000000
-0.071024 0.116359 -0.481177 2.000000
-0.008067 0.008009 -0.027102 0.000000
-0.041872 0.063231 -0.027580 3.000000
-0.148263 0.151469 -0.389453 2.000000
0.128785 -0.483430 0.443581 0.000000
0.002329 0.143310 -0.635568 1.000000
0.056532 -0.065794 0.142354 0.000000
0.005972 0.174611 -0.941833 1.000000
-0.004663 0.120349 0.192194 3.000000
-0.060685 0.186586 -0.426782 2.000000
-0.033909 0.122542 0.224744 3.000000
0.018933 0.144022 0.340315 3.000000
0.025161 -0.187873 0.307956 0.000000
0.085679 -0.280653 0.384520 0.000000
0.004589 0.137481 -0.519762 1.000000
-0.058390 0.077373 0.057562 3.000000
0.017824 0.020367 -0.061449 0.000000
-0.045762 0.107383 0.143798 3.000000
0.057279 -0.020838 0.080791 0.000000
-0.005992 -0.040229 0.095136 0.000000
-0.196320 0.183870 -0.322535 2.000000
-0.050081 0.003412 -0.002812 0.000000
-0.006479 0.210516 -0.977569 1.000000
0.183753 -0.626907 0.451206 0.000000
-0.013249 0.214197 0.557737 3.000000
-0.027271 0.177657 -0.474579 2.000000
0.120594 -0.194114 0.367403 0.000000
-0.280435 0.205084 -0.244428 2.000000
0.025747 0.103025 0.275556 3.000000
0.021035 0.116845 -0.223102 0.000000
0.048425 -0.420731 0.435539 0.000000
0.107403 -0.074415 0.186358 0.000000
0.002561 0.148084 -0.668393 1.000000
-0.201510 0.132809 -0.401240 2.000000
-0.019073 -0.136088 0.290432 0.000000
-0.060740 0.088888 0.136335 3.000000
0.025127 0.181159 0.411227 3.000000
-0.129702 0.194634 -0.280404 2.000000
-0.001781 -0.286398 0.375357 0.000000
0.074884 0.009541 0.071751 0.000000
0.169927 -0.485854 0.475906 0.000000
0.046222 0.073288 -0.081652 0.000000
0.137100 -0.310215 0.440816 0.000000
-0.024596 -0.043409 0.160834 0.000000
0.006150 0.145524 -0.351306 1.000000
0.011612 0.174939 -0.870527 1.000000
-0.109035 0.099178 -0.461467 2.000000
0.043525 0.086173 0.167318 3.000000
0.121143 -0.140724 0.273243 0.000000
-0.024771 0.123427 -0.566170 1.000000
-0.079097 0.204220 -0.373707 2.000000
-0.255397 0.185697 -0.338341 2.000000
-0.035225 0.134628 0.342899 3.000000
-0.045272 0.050116 -0.087307 0.000000
0.026279 0.052507 0.004815 3.000000
-0.053424 0.101258 0.226058 3.000000
0.152145 -0.398582 0.466620 0.000000
0.122684 -0.559908 0.461589 0.000000
-0.039434 0.106132 -0.285308 0.000000
-0.197323 0.194235 -0.220466 2.000000
-0.014292 -0.205532 0.342393 0.000000
-0.054404 0.068128 0.051715 3.000000
-0.042311 -0.023656 0.080757 0.000000
-0.040354 0.079314 -0.182540 0.000000
-0.006823 -0.073112 0.232644 0.000000
0.085529 -0.491451 0.458752 0.000000
0.005733 0.211683 0.479988 3.000000
0.023839 -0.054587 0.102778 0.000000
0.022911 -0.354193 0.409914 0.000000
0.028804 0.097550 -0.149333 0.000000
0.038341 0.070256 0.096342 3.000000
0.085469 -0.025346 0.139245 0.000000
-0.051664 0.111262 -0.501656 2.000000
0.131884 -0.251304 0.404832 0.000000
0.190747 -0.553893 0.461079 0.000000
-0.006912 0.183800 -0.539875 2.000000
0.031909 0.136831 0.347067 3.000000
-0.040948 0.060823 -0.021519 3.000000
-0.043776 0.118076 0.283701 3.000000
0.015232 0.128460 -0.288195 0.000000
0.031550 -0.083135 0.153440 0.000000
0.022781 -0.033713 0.048889 0.000000
-0.159635 0.111161 -0.433551 2.000000
-0.051615 0.192634 -0.425138 2.000000
-0.017824 0.147066 0.397362 3.000000
-0.007469 0.060052 -0.128828 3.000000
0.116376 -0.119770 0.222578 0.000000
0.033215 0.089565 0.222825 3.000000
-0.002631 0.151507 -0.405199 1.000000
-0.011778 0.169630 0.450304 3.000000
0.072406 0.026861 0.014900 0.000000
0.010122 0.048557 -0.051084 0.000000
-0.103930 0.198559 -0.326983 2.000000
-0.040586 0.092755 -0.234321 0.000000
0.118378 -0.158994 0.322047 0.000000
0.058427 0.052005 -0.037009 0.000000
-0.234261 0.159430 -0.371469 2.000000
0.145200 -0.353190 0.455408 0.000000
-0.272678 0.198387 -0.289335 2.000000
0.154599 -0.592304 0.459128 0.000000
-0.062538 0.094130 0.180842 3.000000
0.032502 0.060317 0.053202 3.000000
-0.160104 0.192314 -0.248833 2.000000
-0.047624 0.027567 -0.049988 0.000000
-0.016559 -0.169471 0.318211 0.000000
-0.043652 -0.009361 0.038082 0.000000
-0.013585 -0.101339 0.264712 0.000000
0.154001 -0.440652 0.474391 0.000000
-0.242162 0.205579 -0.226031 2.000000
-0.063420 0.075373 0.092503 3.000000
0.005425 0.107596 -0.182923 3.000000
-0.035661 -0.030151 0.121856 0.000000
-0.007787 -0.247006 0.365205 0.000000
0.067800 -0.456369 0.446681 0.000000
-0.001545 0.202817 0.521428 3.000000
-0.015011 -0.056440 0.197593 0.000000
0.010218 -0.321774 0.391512 0.000000
0.030499 0.118153 0.310828 3.000000
0.108289 -0.524557 0.463844 0.000000
-0.031481 0.160677 -0.563750 2.000000
-0.011885 0.153027 -0.518458 1.000000
0.078691 -0.003518 0.106614 0.000000
-0.047721 0.062250 0.015199 3.000000
0.030823 0.161758 0.379809 3.000000
0.006384 0.176785 -0.979176 1.000000
0.016545 0.200326 0.447560 3.000000
0.032220 -0.385809 0.423825 0.000000
0.004801 0.135887 -0.550640 1.000000
0.036857 0.086588 -0.116406 0.000000
0.007527 -0.064797 0.135978 0.000000
0.180293 -0.518713 0.471835 0.000000
0.035706 0.073414 0.130780 3.000000
-0.079172 0.101109 -0.478698 2.000000
0.189184 -0.587385 0.454838 0.000000
-0.039360 0.113219 -0.537521 2.000000
0.002508 0.049884 -0.083706 0.000000
0.096999 -0.050081 0.165917 0.000000
-0.032524 0.060047 -0.058437 3.000000
0.130709 -0.278652 0.422964 0.000000
0.015112 0.123875 -0.255761 0.000000
0.009305 0.137623 -0.319020 1.000000
0.003551 0.170806 -0.566856 1.000000
0.127600 -0.220225 0.383911 0.000000
-0.018472 0.181766 -0.508372 2.000000
-0.004273 0.183415 0.481636 3.000000
-0.066864 0.201780 -0.401084 2.000000
-0.037348 0.127842 0.314541 3.000000
0.009049 0.079560 -0.111170 3.000000
-0.027993 0.142215 0.370629 3.000000
