0.011018 0.016915 -0.070325 3.000000
-0.098638 0.197988 -0.964473 1.000000
0.047454 0.264316 0.739964 0.000000
0.350921 -0.581304 0.280516 3.000000
-0.271793 0.167954 -0.471877 2.000000
-0.074175 0.081997 0.359275 0.000000
0.186970 -0.208746 0.234487 3.000000
-0.077430 0.148779 -0.681645 1.000000
-0.054390 0.122177 -0.312674 1.000000
-0.080047 0.055680 0.133592 0.000000
0.182098 -0.420834 0.309368 3.000000
0.037675 0.134360 0.546962 0.000000
0.058600 -0.110218 0.095490 3.000000
-0.088693 0.124394 -0.496709 1.000000
-0.073768 0.086137 -0.166785 0.000000
-0.101689 0.183369 -0.820128 1.000000
0.009366 0.049213 0.248881 0.000000
0.040846 0.098813 0.417930 0.000000
0.302439 -0.467712 0.318946 3.000000
-0.259893 0.199550 -0.348231 2.000000
0.109400 -0.294653 0.284952 3.000000
-0.057110 0.086656 0.009846 0.000000
0.076971 -0.175241 0.196404 3.000000
0.232861 -0.313595 0.313249 3.000000
0.021651 0.200799 0.642371 0.000000
-0.014421 -0.061259 0.019091 3.000000
-0.165870 0.193384 -0.451763 2.000000
-0.193133 0.126440 -0.530531 2.000000
-0.053316 0.109262 0.460314 0.000000
-0.115864 0.169724 -0.584805 2.000000
-0.088219 0.063640 0.250913 0.000000
-0.063198 0.107177 -0.406844 1.000000
-0.069797 0.061448 -0.077403 0.000000
0.069962 -0.037483 0.034692 3.000000
0.011755 0.081248 0.336354 0.000000
-0.038256 0.061839 -0.242989 3.000000
0.135238 -0.120395 0.162873 3.000000
-0.000773 0.037397 0.164415 0.000000
0.269059 -0.387872 0.330758 3.000000
-0.020217 0.023884 -0.147149 3.000000
-0.024081 0.044084 0.074563 0.000000
0.104520 -0.232022 0.240478 3.000000
0.167082 -0.345330 0.290438 3.000000
-0.102598 0.164095 -0.893272 1.000000
0.290873 -0.542220 0.303267 3.000000
-0.107356 0.159247 -0.749413 1.000000
-0.300683 0.200517 -0.411223 2.000000
-0.033554 0.092242 0.205615 0.000000
0.184756 -0.273158 0.273577 3.000000
-0.141581 0.181457 -0.518685 2.000000
0.013314 0.128176 0.478783 0.000000
-0.225144 0.183008 -0.408218 2.000000
-0.009966 0.164683 0.589136 0.000000
0.234509 -0.481080 0.308028 3.000000
-0.040020 0.095318 0.289099 0.000000
0.030958 -0.020546 -0.017593 3.000000
0.037849 -0.139060 0.152557 3.000000
-0.027131 0.139474 0.528796 0.000000
0.141522 -0.185502 0.194471 3.000000
-0.069579 0.135184 -0.559931 1.000000
-0.017278 0.108608 0.396173 0.000000
0.105179 -0.082191 0.124626 3.000000
0.000008 -0.093563 0.069425 3.000000
0.052685 0.231204 0.685093 0.000000
0.050348 0.161434 0.606310 0.000000
-0.073327 0.109615 -0.236913 0.000000
-0.017326 0.075713 -0.182256 3.000000
-0.205131 0.163389 -0.484678 2.000000
-0.109242 0.132328 -0.630240 2.000000
-0.079877 0.076670 -0.286768 3.000000
-0.072987 0.075015 0.075471 0.000000
-0.022249 -0.020394 -0.041334 3.000000
-0.023891 0.075564 0.122523 0.000000
0.216454 -0.371650 0.299927 3.000000
-0.037444 0.002915 -0.094691 3.000000
-0.148228 0.120559 -0.562972 2.000000
0.089164 -0.143532 0.133061 3.000000
-0.047798 0.033422 0.019924 0.000000
-0.046682 0.090456 -0.117305 0.000000
-0.085220 0.059775 0.197248 0.000000
0.244728 -0.429039 0.303579 3.000000
-0.082569 0.115060 -0.358449 1.000000
0.341900 -0.529599 0.299899 3.000000
0.087737 -0.057771 0.078968 3.000000
-0.058647 0.038653 -0.180176 3.000000
0.046918 -0.085415 0.049859 3.000000
-0.051256 0.050570 -0.027953 0.000000
-0.071871 0.134829 -0.449792 1.000000
-0.082840 0.075341 0.305746 0.000000
-0.064313 0.099501 0.409269 0.000000
0.136557 -0.265956 0.255463 3.000000
-0.038545 0.102222 -0.267396 3.000000
-0.000648 0.045638 -0.110682 3.000000
0.008395 0.071734 0.291470 0.000000
-0.070122 0.148746 -0.612749 1.000000
-0.057217 0.092938 -0.044339 0.000000
0.036062 0.089052 0.373862 0.000000
-0.012382 0.120870 0.442203 0.000000
0.112803 -0.162076 0.166947 3.000000
-0.021011 0.083726 0.249729 0.000000
0.030439 -0.057777 0.014845 3.000000
-0.054704 0.087776 0.153238 0.000000
-0.031642 0.077631 0.045722 0.000000
-0.036753 0.097337 0.340504 0.000000
0.274341 -0.499213 0.302346 3.000000
-0.081326 0.162268 -0.784643 1.000000
-0.085133 0.191657 -0.922489 1.000000
0.148217 -0.226631 0.228654 3.000000
-0.001254 0.051213 0.207218 0.000000
0.078962 -0.198201 0.234906 3.000000
0.018021 -0.115634 0.106112 3.000000
-0.065510 0.035192 0.085326 0.000000
0.043446 0.113880 0.503701 0.000000
-0.076353 0.164277 -0.720037 1.000000
-0.237386 0.178214 -0.447281 2.000000
0.196591 -0.233953 0.269168 3.000000
-0.091577 0.184815 -0.859476 1.000000
-0.033085 0.127331 0.490249 0.000000
-0.265082 0.198192 -0.392574 2.000000
-0.090146 0.166079 -0.647712 1.000000
0.163231 -0.306633 0.278059 3.000000
-0.014477 0.037336 0.115821 0.000000
-0.019684 0.071204 0.174121 0.000000
0.199589 -0.318636 0.291778 3.000000
0.217538 -0.279857 0.298661 3.000000
-0.054012 0.099772 -0.198271 0.000000
-0.156977 0.153855 -0.542087 2.000000
-0.065510 0.052009 -0.216419 3.000000
-0.313659 0.201150 -0.386976 2.000000
0.357067 -0.595697 0.276660 3.000000
0.048926 0.278578 0.777480 0.000000
0.003206 0.033473 0.167324 0.000000
-0.087962 0.198255 -0.976195 1.000000
0.110490 -0.307274 0.288276 3.000000
-0.020409 0.087425 -0.198791 3.000000
-0.049907 0.120330 0.491955 0.000000
-0.087023 0.171171 -0.637051 1.000000
0.146422 -0.128004 0.168746 3.000000
0.284969 -0.410270 0.332598 3.000000
-0.030995 -0.028742 -0.029780 3.000000
-0.150935 0.199276 -0.469912 2.000000
0.034270 0.070406 0.340308 0.000000
0.052769 0.171780 0.629256 0.000000
-0.100419 0.155308 -0.810550 1.000000
0.007846 -0.110359 0.099495 3.000000
-0.089846 0.098458 -0.322289 1.000000
-0.089596 0.064154 0.275834 0.000000
0.196306 -0.215936 0.252165 3.000000
0.074178 -0.031130 0.032884 3.000000
-0.260628 0.148955 -0.490416 2.000000
-0.162638 0.112483 -0.555209 2.000000
-0.076977 0.066838 -0.088267 0.000000
0.075218 -0.195597 0.238543 3.000000
0.167717 -0.408202 0.306625 3.000000
0.234789 -0.306732 0.313772 3.000000
0.270706 -0.525448 0.310093 3.000000
-0.052293 0.038543 0.062408 0.000000
-0.069323 0.088417 0.385475 0.000000
0.046374 0.101727 0.444111 0.000000
-0.210278 0.188856 -0.378131 2.000000
0.044829 0.123689 0.541072 0.000000
0.029546 0.225243 0.704363 0.000000
0.100708 -0.071535 0.112119 3.000000
-0.085832 0.043013 0.184611 0.000000
0.012151 0.038027 -0.071557 3.000000
0.013131 0.041373 0.256068 0.000000
-0.105997 0.177116 -0.553294 2.000000
0.039386 -0.144931 0.171353 3.000000
-0.111269 0.183692 -0.896058 1.000000
-0.020748 0.158516 0.581036 0.000000
-0.034708 0.079755 -0.007504 0.000000
-0.063606 0.027499 -0.163613 3.000000
-0.017675 -0.065342 0.039261 3.000000
-0.079930 0.062648 -0.253414 3.000000
0.215630 -0.471947 0.313399 3.000000
0.343694 -0.523792 0.303741 3.000000
-0.051883 -0.000795 -0.098697 3.000000
-0.037534 0.113402 -0.278593 3.000000
-0.004966 0.063106 -0.136272 3.000000
0.040853 0.006236 -0.014332 3.000000
-0.120523 0.120611 -0.607626 2.000000
0.177868 -0.179847 0.200313 3.000000
-0.292344 0.189273 -0.447270 2.000000
0.312819 -0.468638 0.327960 3.000000
-0.263972 0.201793 -0.346340 2.000000
-0.071511 0.034873 0.122042 0.000000
0.087021 -0.254022 0.270984 3.000000
-0.214770 0.122462 -0.527335 2.000000
0.209474 -0.254748 0.295369 3.000000
-0.015936 0.029548 0.111677 0.000000
-0.084634 0.075290 0.331034 0.000000
-0.059112 0.102756 0.440399 0.000000
0.012076 0.196417 0.657050 0.000000
0.133796 -0.356200 0.297217 3.000000
0.258292 -0.353580 0.329577 3.000000
0.063956 0.216029 0.663118 0.000000
-0.067485 0.047207 -0.036309 0.000000
0.310086 -0.564009 0.298213 3.000000
0.056024 0.264374 0.727370 0.000000
0.044013 0.089246 0.388159 0.000000
-0.178713 0.196461 -0.418769 2.000000
-0.044957 0.090164 -0.153139 0.000000
-0.036396 0.080572 -0.062278 0.000000
0.042685 0.143905 0.586167 0.000000
-0.089979 0.167752 -0.937705 1.000000
0.047200 0.110062 0.492306 0.000000
-0.037121 0.137047 0.535590 0.000000
-0.070742 0.048995 -0.208666 3.000000
-0.087922 0.053970 0.229536 0.000000
-0.132566 0.193076 -0.511869 2.000000
-0.040895 0.041440 0.018307 0.000000
-0.096847 0.161541 -0.859108 1.000000
-0.040085 0.084672 -0.107530 0.000000
0.025508 0.053263 0.297790 0.000000
0.117236 -0.097993 0.144629 3.000000
-0.050338 0.098984 -0.229659 0.000000
0.005363 0.039117 0.211113 0.000000
-0.003835 0.177845 0.620505 0.000000
-0.054415 0.126623 -0.316814 1.000000
0.062837 -0.164258 0.210811 3.000000
0.087611 -0.047823 0.070475 3.000000
-0.109328 0.164754 -0.769328 1.000000
0.022071 -0.130236 0.135275 3.000000
-0.097260 0.179532 -0.593163 2.000000
-0.004505 -0.093956 0.064454 3.000000
-0.103545 0.130571 -0.642059 2.000000
-0.062006 0.062698 -0.131932 0.000000
0.356508 -0.558553 0.286835 3.000000
-0.042737 -0.010047 -0.060564 3.000000
-0.024273 -0.048369 0.001909 3.000000
0.060845 0.243446 0.693572 0.000000
-0.085968 0.079087 -0.286276 3.000000
0.192408 -0.443002 0.313581 3.000000
-0.062962 0.075585 -0.181926 0.000000
0.240575 -0.499094 0.314383 3.000000
-0.115398 0.187716 -0.953193 1.000000
0.002296 0.051312 -0.103432 3.000000
0.023429 0.021454 -0.041207 3.000000
0.165532 -0.154271 0.180760 3.000000
0.325167 -0.498313 0.316762 3.000000
0.057956 -0.011655 0.008811 3.000000
-0.136391 0.116906 -0.574967 2.000000
-0.014455 0.072167 -0.170352 3.000000
-0.279990 0.169025 -0.469942 2.000000
-0.057468 0.016312 -0.125932 3.000000
-0.100886 0.147854 -0.600106 1.000000
0.188112 -0.197974 0.225326 3.000000
-0.291175 0.209689 -0.365088 2.000000
-0.302338 0.198814 -0.416816 2.000000
-0.235510 0.193926 -0.357024 2.000000
-0.111610 0.178498 -0.837563 1.000000
0.076922 -0.222356 0.254246 3.000000
-0.026288 0.028965 0.075635 0.000000
-0.063093 0.108991 -0.262184 0.000000
-0.047468 0.060443 -0.085411 0.000000
0.222035 -0.282982 0.300177 3.000000
