-0.249482 -0.062264 0.762287 4.000000
-0.018065 0.221974 -0.969541 3.000000
0.469798 -0.220633 -0.055190 0.000000
-0.013280 0.097835 -0.338928 3.000000
-0.073899 -0.084495 0.206683 4.000000
0.180218 -0.054793 -0.111284 0.000000
-0.124674 0.150326 -0.650259 1.000000
-0.194169 -0.104649 0.478685 4.000000
-0.045728 0.018805 -0.023738 4.000000
0.100562 -0.080938 0.313427 2.000000
0.009250 0.132764 -0.519980 3.000000
-0.000440 0.182808 -0.784392 3.000000
0.301344 -0.163463 -0.037210 0.000000
-0.095490 -0.019243 0.364172 4.000000
0.053851 -0.008789 0.121383 2.000000
0.106080 0.049826 -0.221208 0.000000
-0.314019 0.010851 0.893028 4.000000
-0.243813 -0.086202 0.616807 4.000000
-0.029152 0.054727 -0.172173 4.000000
0.005204 0.158721 -0.649910 3.000000
-0.066117 -0.010121 0.111336 4.000000
0.277015 -0.060217 -0.059654 0.000000
-0.169890 0.198345 -0.564768 1.000000
0.080227 -0.047658 0.213784 2.000000
-0.061495 -0.002372 0.267481 4.000000
-0.135848 -0.110197 0.381185 4.000000
-0.031577 0.197176 -0.875793 3.000000
0.397039 -0.162474 -0.020154 0.000000
-0.107176 -0.052064 0.454240 4.000000
-0.160032 -0.088794 0.569139 4.000000
0.022006 0.042989 -0.087515 2.000000
0.036385 0.010724 0.022397 2.000000
0.065411 0.056872 -0.306995 0.000000
0.003584 0.105064 -0.431921 3.000000
-0.090297 -0.092283 0.297105 4.000000
0.002081 0.089474 -0.252175 4.000000
0.123382 -0.021895 -0.174614 0.000000
-0.026111 0.046049 0.065725 4.000000
-0.048499 0.175265 -0.708463 1.000000
-0.279954 -0.023941 0.828763 4.000000
-0.015461 -0.039486 0.056462 4.000000
-0.211519 -0.078925 0.688603 4.000000
-0.050394 -0.000347 0.187906 4.000000
-0.094129 0.195352 -0.600528 1.000000
0.234142 -0.117296 -0.047819 0.000000
-0.009324 0.134749 -0.586763 3.000000
-0.222688 -0.099185 0.544638 4.000000
0.175882 0.007746 -0.133745 0.000000
-0.274932 -0.073936 0.703482 4.000000
-0.044954 -0.071087 0.150483 4.000000
0.321966 -0.103115 -0.027018 0.000000
0.392248 -0.222662 -0.042321 0.000000
-0.140763 -0.072488 0.502271 4.000000
-0.159696 -0.081866 0.432631 4.000000
0.012149 0.040356 -0.027151 4.000000
-0.033368 0.035630 -0.109055 4.000000
0.041625 0.078038 -0.357623 0.000000
-0.170634 0.175563 -0.618948 1.000000
0.228945 -0.025620 -0.098204 0.000000
-0.178088 -0.091102 0.624385 4.000000
-0.074228 0.177053 -0.656628 1.000000
-0.094811 -0.036362 0.308953 4.000000
-0.089351 -0.050177 0.249600 4.000000
-0.008199 -0.017001 -0.001293 4.000000
-0.033115 0.026288 0.139242 4.000000
-0.121477 -0.053565 0.400470 4.000000
-0.050598 0.009756 0.031526 4.000000
0.015705 0.061417 -0.203765 2.000000
0.033132 -0.017574 0.070097 2.000000
0.016604 0.046092 -0.143368 2.000000
0.141891 0.030153 -0.184982 0.000000
0.069246 0.024345 -0.252366 0.000000
-0.119214 -0.073502 0.344425 4.000000
0.344762 -0.195601 -0.034894 0.000000
0.002879 0.173040 -0.731489 3.000000
0.201322 -0.080836 -0.069611 0.000000
-0.006564 0.004894 -0.063333 4.000000
-0.014387 0.194985 -0.925837 3.000000
-0.030146 0.187168 -0.826325 3.000000
-0.016258 0.120786 -0.475470 3.000000
0.092703 -0.002352 -0.208674 0.000000
-0.027083 -0.055454 0.102037 4.000000
0.007002 0.073573 -0.300653 2.000000
0.062969 -0.039004 0.168994 2.000000
0.351634 -0.147634 -0.030494 0.000000
-0.013000 0.108451 -0.386289 3.000000
0.438041 -0.193842 -0.031332 0.000000
-0.202909 -0.075561 0.586654 4.000000
0.281176 -0.113985 -0.050605 0.000000
-0.287158 -0.045098 0.784501 4.000000
-0.081801 -0.032655 0.206724 4.000000
-0.068456 -0.029109 0.155598 4.000000
-0.181406 -0.072626 0.525259 4.000000
-0.261632 -0.082570 0.659600 4.000000
-0.018533 0.049534 -0.064892 4.000000
0.155571 -0.033218 -0.144000 0.000000
0.090303 -0.063028 0.255019 2.000000
-0.026419 0.062728 -0.218686 4.000000
-0.020467 0.043961 0.022367 4.000000
-0.137605 0.186805 -0.592807 1.000000
-0.010410 0.174035 -0.687457 3.000000
0.075155 0.066034 -0.266816 0.000000
-0.237319 -0.068539 0.721290 4.000000
-0.054154 -0.005428 0.071526 4.000000
0.025793 0.096111 -0.395807 0.000000
-0.087650 0.139946 -0.670258 1.000000
0.243415 -0.074725 -0.079440 0.000000
-0.216582 -0.076609 0.645535 4.000000
-0.303712 -0.010380 0.858261 4.000000
-0.036825 0.027026 0.098920 4.000000
-0.168916 -0.074045 0.474367 4.000000
-0.027792 0.180958 -0.754987 3.000000
-0.047055 0.001462 0.227149 4.000000
-0.001626 0.062379 -0.114060 4.000000
0.261427 -0.143721 -0.037917 0.000000
-0.021342 0.149548 -0.624832 3.000000
-0.015352 0.132862 -0.549765 3.000000
-0.083476 -0.089455 0.242543 4.000000
0.198611 -0.017223 -0.118165 0.000000
-0.022712 0.074579 -0.275458 4.000000
-0.068099 -0.055309 0.181273 4.000000
-0.100777 0.175575 -0.631664 1.000000
0.047670 0.089030 -0.323375 0.000000
-0.076023 -0.006249 0.304965 4.000000
0.011885 0.004820 -0.024122 2.000000
0.008359 0.024365 -0.114333 4.000000
-0.017949 0.036020 -0.144410 4.000000
0.023559 0.021757 -0.056119 2.000000
-0.128236 -0.115050 0.372196 4.000000
-0.017433 0.223910 -0.974454 3.000000
0.485407 -0.227450 -0.063131 0.000000
0.034283 0.107141 -0.352724 0.000000
-0.326279 0.016150 0.907623 4.000000
0.022226 0.029910 0.034923 2.000000
-0.176865 0.178170 -0.620897 1.000000
-0.259772 -0.092329 0.637391 4.000000
0.269832 -0.046822 -0.075374 0.000000
0.095884 -0.063118 0.262812 2.000000
0.012242 0.190870 -0.751686 3.000000
0.100227 -0.015472 -0.194109 0.000000
-0.070623 -0.090458 0.200390 4.000000
-0.131842 -0.083399 0.531652 4.000000
0.323805 -0.193714 -0.034527 0.000000
-0.253967 -0.059919 0.790881 4.000000
0.012869 0.065883 -0.115777 2.000000
-0.073944 -0.002324 0.306212 4.000000
0.043542 -0.037563 0.143352 2.000000
-0.073236 0.135061 -0.678456 1.000000
0.112678 -0.103491 0.374182 2.000000
0.159218 -0.058186 -0.104059 0.000000
0.079345 0.069048 -0.255938 0.000000
-0.034806 0.007581 0.197853 4.000000
-0.103452 -0.043145 0.441186 4.000000
0.244410 -0.134481 -0.036870 0.000000
-0.184526 -0.113300 0.454166 4.000000
-0.226596 -0.104658 0.542903 4.000000
-0.084363 0.199929 -0.609148 1.000000
0.417862 -0.177566 -0.020311 0.000000
-0.015552 -0.048087 0.071926 4.000000
-0.086051 -0.102936 0.291342 4.000000
0.328543 -0.101272 -0.024188 0.000000
-0.169423 -0.095356 0.613300 4.000000
-0.028850 0.037854 0.112827 4.000000
-0.213351 -0.082064 0.715969 4.000000
0.165839 0.018275 -0.145497 0.000000
-0.002969 0.095588 -0.429264 3.000000
0.015404 0.076631 -0.200342 2.000000
0.007822 0.011774 -0.046758 4.000000
-0.299193 -0.024140 0.845014 4.000000
-0.145312 0.200387 -0.558479 1.000000
-0.038975 -0.067655 0.139534 4.000000
0.033520 0.047308 -0.312425 0.000000
-0.096000 -0.015663 0.373466 4.000000
-0.032018 0.190764 -0.696218 1.000000
0.214556 -0.012319 -0.103958 0.000000
-0.283834 -0.069125 0.728152 4.000000
0.081549 -0.036221 0.200963 2.000000
0.121167 0.046877 -0.205682 0.000000
0.204520 -0.086184 -0.058677 0.000000
0.039528 0.011271 0.095989 2.000000
0.422890 -0.238015 -0.043171 0.000000
-0.130008 0.146865 -0.651310 1.000000
-0.003112 -0.024133 0.012382 4.000000
0.094878 -0.086572 0.319251 2.000000
0.373746 -0.138881 -0.015207 0.000000
-0.005207 0.056167 -0.009551 4.000000
-0.052558 0.002861 0.252725 4.000000
0.073355 0.015346 -0.235351 0.000000
-0.188960 -0.083547 0.664350 4.000000
0.128943 -0.039690 -0.152904 0.000000
-0.028858 0.155766 -0.741463 1.000000
-0.022935 0.050659 0.058388 4.000000
0.373266 -0.218243 -0.035511 0.000000
-0.196625 0.197304 -0.576496 1.000000
-0.023683 0.151235 -0.664781 3.000000
-0.113569 -0.066150 0.487486 4.000000
-0.242189 -0.101154 0.591723 4.000000
0.019739 -0.015928 0.054863 2.000000
0.010972 0.079205 -0.385101 0.000000
0.292718 -0.072962 -0.041601 0.000000
-0.054955 0.199200 -0.654400 1.000000
0.057921 0.087583 -0.301345 0.000000
-0.207946 -0.108691 0.498763 4.000000
-0.153421 -0.116094 0.413002 4.000000
0.281323 -0.164411 -0.032849 0.000000
0.019819 0.123707 -0.397652 0.000000
0.453771 -0.203514 -0.036765 0.000000
-0.270329 -0.082236 0.681731 4.000000
-0.296927 -0.044414 0.800507 4.000000
-0.084167 -0.095451 0.243587 4.000000
-0.102366 -0.107396 0.335848 4.000000
-0.151566 -0.094230 0.570736 4.000000
0.052920 0.031066 -0.275285 0.000000
-0.238529 -0.077610 0.753550 4.000000
-0.030277 0.023235 0.157766 4.000000
-0.263692 -0.035675 0.824036 4.000000
0.016439 0.071607 -0.159124 2.000000
-0.302664 0.005969 0.875920 4.000000
-0.037533 0.144618 -0.702101 1.000000
-0.110462 0.196436 -0.579117 1.000000
0.019875 0.063664 -0.349604 0.000000
0.032744 -0.027357 0.102353 2.000000
0.068983 -0.060301 0.229047 2.000000
0.052283 -0.001933 0.129930 2.000000
0.067684 -0.020104 0.168813 2.000000
-0.290640 -0.056483 0.763688 4.000000
0.150272 0.032331 -0.176806 0.000000
-0.021102 0.191284 -0.731920 1.000000
-0.052695 -0.078748 0.170843 4.000000
-0.097585 -0.028170 0.406763 4.000000
0.456648 -0.247030 -0.056191 0.000000
0.244839 -0.028242 -0.095442 0.000000
-0.024448 -0.058830 0.104297 4.000000
0.005676 0.001447 -0.010101 4.000000
-0.013589 0.052631 0.024214 4.000000
-0.089593 -0.010290 0.340003 4.000000
0.096324 0.057234 -0.228851 0.000000
0.186151 0.004789 -0.122397 0.000000
0.182104 -0.069744 -0.076886 0.000000
0.001363 0.128900 -0.424572 3.000000
0.030433 0.021623 0.065843 2.000000
0.054795 -0.046446 0.182539 2.000000
-0.155234 0.160669 -0.637094 1.000000
0.012382 0.033673 0.005241 2.000000
0.223985 -0.113080 -0.047658 0.000000
0.057760 0.063465 -0.323226 0.000000
0.099373 -0.070846 0.293831 2.000000
0.349757 -0.121245 -0.016651 0.000000
-0.100219 0.138163 -0.666594 1.000000
0.045094 0.095440 -0.326615 0.000000
0.105567 -0.094183 0.347687 2.000000
0.084062 -0.001704 -0.213734 0.000000
-0.042716 0.004328 0.225459 4.000000
-0.005688 -0.034935 0.039041 4.000000
-0.063693 0.001227 0.279205 4.000000
-0.173389 0.199533 -0.560810 1.000000
