-0.428609 -0.403037 0.703882 4.000000
0.042739 0.260929 -0.955374 1.000000
0.520570 0.122155 -0.064076 2.000000
0.096378 0.040062 0.483962 0.000000
0.017693 0.125743 -0.376973 1.000000
-0.049008 -0.041136 0.048481 4.000000
-0.153163 -0.281190 0.421012 4.000000
-0.077368 0.161842 -0.676499 3.000000
0.216408 0.156888 -0.138685 2.000000
0.057067 0.048443 0.246380 0.000000
-0.016400 0.084590 -0.150383 4.000000
-0.058580 -0.168186 0.242582 4.000000
-0.271701 -0.336054 0.586251 4.000000
0.038581 0.188228 -0.540091 1.000000
0.042510 0.237805 -0.779022 1.000000
0.354621 0.142669 -0.045009 2.000000
0.122699 0.113486 -0.259606 2.000000
0.051687 0.057918 -0.016318 0.000000
0.022910 0.053432 0.115062 0.000000
-0.092733 -0.055738 0.172980 4.000000
-0.142206 -0.165684 0.356885 4.000000
0.039655 0.202602 -0.660016 1.000000
0.080075 0.048658 0.364756 0.000000
0.002615 0.089976 -0.265793 4.000000
-0.212537 -0.280702 0.514471 4.000000
-0.351486 -0.390543 0.631636 4.000000
-0.024939 0.012991 -0.070932 4.000000
0.280293 0.090150 -0.082309 2.000000
-0.014470 -0.087201 0.135597 4.000000
0.431561 0.095466 -0.055801 2.000000
0.018958 0.250036 -0.868818 1.000000
0.023197 0.168834 -0.454773 1.000000
-0.104318 -0.093086 0.252358 4.000000
0.083594 0.156727 -0.327226 2.000000
-0.123931 0.177318 -0.604490 3.000000
0.172664 0.101113 -0.193916 2.000000
0.040150 0.056579 -0.097857 0.000000
-0.093782 -0.208199 0.307258 4.000000
-0.182110 -0.208370 0.435355 4.000000
0.013680 -0.017595 0.007261 4.000000
0.066110 0.028317 0.172976 0.000000
-0.111216 -0.238989 0.374122 4.000000
0.055723 0.025770 0.051228 0.000000
0.038975 0.066746 -0.196930 4.000000
-0.244958 -0.347300 0.514468 4.000000
-0.008905 0.205381 -0.714405 3.000000
-0.052725 -0.120066 0.185508 4.000000
-0.040725 0.030840 -0.006409 4.000000
0.274847 0.155187 -0.098740 2.000000
-0.115373 -0.140801 0.297304 4.000000
-0.066955 -0.025506 0.110206 4.000000
0.014265 0.137175 -0.312507 4.000000
0.152593 0.158359 -0.217595 2.000000
-0.198359 -0.318366 0.464658 4.000000
0.369799 0.083406 -0.062703 2.000000
0.019455 0.191325 -0.601989 1.000000
-0.054206 0.202999 -0.636421 3.000000
0.068885 0.156583 -0.392203 2.000000
-0.000261 -0.055916 0.084805 4.000000
-0.478648 -0.404685 0.737562 4.000000
-0.311524 -0.380566 0.587624 4.000000
-0.194727 -0.259571 0.462552 4.000000
0.003933 0.063007 -0.050173 0.000000
0.009089 0.052958 0.031392 0.000000
-0.298623 -0.349507 0.635032 4.000000
-0.005204 0.035470 -0.123994 4.000000
-0.373724 -0.385746 0.682922 4.000000
0.203766 0.102699 -0.145652 2.000000
0.044555 0.223224 -0.710466 1.000000
-0.005687 0.098812 -0.201460 4.000000
0.064675 0.051081 0.299733 0.000000
-0.233020 -0.310523 0.558908 4.000000
0.025554 0.008126 -0.053521 4.000000
0.039299 0.089206 -0.148494 0.000000
-0.159519 -0.225250 0.390660 4.000000
0.089694 0.044671 0.416476 0.000000
-0.065942 -0.076154 0.132538 4.000000
0.247495 0.111802 -0.118434 2.000000
-0.045698 0.010817 0.041287 4.000000
0.034395 0.113078 -0.230247 4.000000
0.316000 0.126052 -0.074919 2.000000
0.103633 0.156745 -0.278488 2.000000
0.183791 0.150627 -0.178230 2.000000
-0.273956 -0.370631 0.547385 4.000000
0.021892 0.159371 -0.503268 1.000000
-0.028382 0.059337 -0.087647 4.000000
-0.090497 -0.127800 0.220276 4.000000
0.472210 0.124498 -0.057363 2.000000
0.402773 0.134376 -0.044135 2.000000
0.030156 0.229654 -0.825315 1.000000
0.047650 0.264342 -0.905242 1.000000
-0.118756 0.167789 -0.651262 3.000000
-0.029094 0.166951 -0.694447 3.000000
-0.033440 -0.023152 0.005199 4.000000
0.024609 0.048906 0.162625 0.000000
0.063102 0.031448 0.123191 0.000000
0.032160 0.051431 0.207437 0.000000
-0.053060 -0.063063 0.088670 4.000000
0.022761 0.210299 -0.747984 1.000000
0.018001 0.051038 -0.159587 4.000000
-0.025280 0.216901 -0.674580 3.000000
-0.091396 -0.084941 0.206125 4.000000
0.014427 0.141866 -0.420878 1.000000
-0.011012 -0.003361 -0.031540 4.000000
0.028269 0.056172 0.071577 0.000000
0.044552 0.131168 -0.343415 1.000000
0.005771 -0.032887 0.048906 4.000000
-0.093053 -0.176167 0.278942 4.000000
-0.121251 -0.205627 0.339744 4.000000
0.046890 0.068575 -0.057607 0.000000
0.033386 0.104988 -0.290615 4.000000
0.098223 0.122889 -0.307276 2.000000
0.009736 0.081271 -0.118032 0.000000
-0.336871 -0.375034 0.667246 4.000000
-0.103218 -0.141647 0.257205 4.000000
-0.085491 0.185666 -0.616409 3.000000
-0.225879 -0.316795 0.494602 4.000000
0.329300 0.088406 -0.067085 2.000000
-0.075967 -0.091284 0.167832 4.000000
-0.171289 -0.188600 0.399560 4.000000
-0.179178 -0.247059 0.428335 4.000000
0.005020 0.057216 -0.007225 0.000000
-0.054918 -0.005797 0.078712 4.000000
-0.121172 -0.177581 0.308947 4.000000
0.046601 0.059311 0.023699 0.000000
-0.005699 0.061335 -0.191755 4.000000
0.043130 0.169423 -0.417818 2.000000
0.153859 0.121310 -0.227410 2.000000
0.490214 0.104191 -0.055338 2.000000
-0.510446 -0.411948 0.754814 4.000000
0.015767 0.264484 -0.961071 1.000000
-0.106001 -0.094890 0.265934 4.000000
0.044530 0.173769 -0.401718 2.000000
-0.236345 -0.354431 0.504731 4.000000
0.031429 0.013619 -0.062713 4.000000
0.102989 0.037218 0.523452 0.000000
-0.103334 0.161377 -0.670258 3.000000
0.239538 0.164760 -0.126167 2.000000
0.065055 0.023296 0.164746 0.000000
-0.114021 -0.252961 0.388997 4.000000
-0.337012 -0.376123 0.673195 4.000000
-0.001660 0.115056 -0.220786 4.000000
0.072264 0.055526 0.343462 0.000000
0.027263 0.211815 -0.753392 1.000000
-0.077207 -0.026688 0.124121 4.000000
0.147983 0.101079 -0.227506 2.000000
0.346375 0.078146 -0.063501 2.000000
0.004895 0.046031 0.055271 0.000000
-0.191719 -0.239350 0.489614 4.000000
-0.025000 -0.125520 0.180824 4.000000
-0.081827 -0.210009 0.287239 4.000000
-0.144634 -0.149670 0.356299 4.000000
0.087223 0.159416 -0.298979 2.000000
-0.263952 -0.333695 0.608237 4.000000
-0.024215 0.080440 -0.125643 4.000000
-0.426046 -0.409909 0.701535 4.000000
-0.027069 0.221496 -0.669124 3.000000
0.005525 -0.049030 0.078604 4.000000
0.039639 0.050740 0.252367 0.000000
0.407033 0.141208 -0.035044 2.000000
0.086934 0.034791 0.434206 0.000000
0.261509 0.088434 -0.087039 2.000000
-0.039222 0.042718 -0.022639 4.000000
-0.174421 -0.312060 0.446673 4.000000
0.039911 0.054122 -0.176478 4.000000
0.195644 0.096249 -0.151882 2.000000
-0.180834 -0.196110 0.417592 4.000000
0.309772 0.151052 -0.058950 2.000000
-0.319281 -0.390680 0.594166 4.000000
-0.099486 -0.061344 0.192337 4.000000
-0.126158 0.178848 -0.598146 3.000000
0.016815 0.142695 -0.325172 4.000000
0.019047 -0.014652 0.010159 4.000000
0.170074 0.162265 -0.181958 2.000000
-0.216695 -0.296303 0.551046 4.000000
0.553932 0.135428 -0.076348 2.000000
-0.050682 -0.167539 0.237753 4.000000
-0.049601 0.001291 0.064370 4.000000
0.058288 0.022576 0.091924 0.000000
-0.037631 0.159852 -0.694936 3.000000
0.072818 0.125852 -0.357166 2.000000
0.124013 0.160542 -0.244435 2.000000
0.044171 0.108441 -0.277965 4.000000
-0.008532 -0.084975 0.130154 4.000000
0.014068 0.045463 0.131425 0.000000
-0.276759 -0.376563 0.549483 4.000000
0.035979 0.147781 -0.458111 1.000000
0.409328 0.083381 -0.054630 2.000000
0.037402 0.038313 -0.117773 4.000000
-0.072592 0.196004 -0.614268 3.000000
-0.385210 -0.408092 0.660941 4.000000
-0.093125 -0.230102 0.339336 4.000000
0.111739 0.114266 -0.273743 2.000000
-0.000626 0.058084 -0.072963 0.000000
0.027160 0.047232 0.197851 0.000000
-0.114885 -0.122640 0.313381 4.000000
0.051480 0.024688 0.030796 0.000000
0.044208 0.085470 -0.226384 4.000000
0.071427 0.030605 0.295732 0.000000
0.005555 0.182698 -0.713115 3.000000
-0.463088 -0.390514 0.731336 4.000000
-0.141089 -0.284369 0.419226 4.000000
-0.302641 -0.352310 0.643840 4.000000
0.461934 0.140144 -0.036404 2.000000
0.355851 0.148674 -0.041518 2.000000
-0.012306 0.096959 -0.170128 4.000000
0.066356 0.025103 0.221579 0.000000
0.049812 0.261002 -0.927262 1.000000
0.277074 0.160432 -0.096416 2.000000
0.085852 0.051874 0.389498 0.000000
0.040120 0.029521 -0.015430 0.000000
0.223729 0.103462 -0.111988 2.000000
0.000567 0.050091 0.007979 0.000000
0.005181 0.230204 -0.712807 3.000000
-0.350521 -0.401230 0.626488 4.000000
0.513815 0.146009 -0.057183 2.000000
0.093618 0.037658 0.478963 0.000000
0.091911 0.117876 -0.317005 2.000000
-0.204614 -0.332201 0.472494 4.000000
-0.385973 -0.390836 0.702925 4.000000
0.200008 0.158151 -0.150256 2.000000
-0.043631 0.022766 0.026838 4.000000
0.069062 0.166560 -0.342098 2.000000
-0.136156 0.164710 -0.641820 3.000000
0.300847 0.081473 -0.070422 2.000000
0.172442 0.095610 -0.192258 2.000000
0.008688 0.130649 -0.268189 4.000000
-0.185779 -0.214576 0.455677 4.000000
0.449669 0.093611 -0.056059 2.000000
-0.236655 -0.319576 0.579183 4.000000
-0.203210 -0.268305 0.523692 4.000000
-0.165889 -0.172792 0.383080 4.000000
0.050080 0.137027 -0.419388 2.000000
-0.102984 -0.076307 0.228623 4.000000
-0.002113 0.054331 -0.034028 0.000000
-0.089633 -0.043617 0.157151 4.000000
0.009492 0.045475 0.093234 0.000000
0.024029 -0.003044 -0.026842 4.000000
-0.048744 0.211563 -0.639342 3.000000
0.010805 -0.028977 0.047334 4.000000
0.033652 0.181649 -0.442485 1.000000
0.004692 0.072126 -0.147782 4.000000
-0.040265 -0.145864 0.210169 4.000000
-0.034994 0.052153 -0.057304 4.000000
-0.067241 -0.190760 0.259303 4.000000
0.149439 0.164953 -0.219700 2.000000
0.068271 0.031459 0.260042 0.000000
-0.028608 0.069935 -0.092599 4.000000
0.062479 0.023099 0.129947 0.000000
-0.063210 -0.010988 0.096295 4.000000
0.001291 0.065900 -0.108467 0.000000
-0.069419 0.156715 -0.684157 3.000000
0.059658 0.057755 0.311626 0.000000
0.020742 0.046164 0.165401 0.000000
-0.016325 -0.103220 0.157959 4.000000
0.062043 0.135169 -0.386482 2.000000
