0.108270 -0.010132 -0.202481 2.000000
-0.202233 0.003421 0.916686 0.000000
-0.123562 0.147989 -0.971654 1.000000
0.352690 -0.367597 0.317518 2.000000
-0.098128 0.161702 0.333719 0.000000
-0.102402 0.088071 -0.551096 1.000000
0.036784 -0.181305 0.148292 2.000000
0.325006 -0.220950 -0.023962 2.000000
-0.096154 0.119798 0.016750 0.000000
-0.114570 0.007142 0.610394 0.000000
-0.097764 0.085526 -0.305698 1.000000
-0.068964 -0.087475 -0.081284 2.000000
-0.054025 0.076076 -0.770464 1.000000
0.222480 -0.280927 0.170816 2.000000
0.129458 -0.143292 -0.037755 2.000000
-0.007630 0.047651 0.184995 0.000000
-0.222404 0.087142 0.746898 0.000000
-0.020537 0.032290 0.438466 0.000000
-0.079960 0.249317 -0.823699 1.000000
-0.025171 0.116626 -0.147206 1.000000
-0.142694 0.149378 0.514389 0.000000
0.386358 -0.306691 0.123876 2.000000
0.247602 -0.078410 -0.134117 2.000000
-0.074628 -0.047368 -0.239170 2.000000
0.051940 0.079107 -0.306903 2.000000
-0.025018 0.097109 -0.425948 2.000000
-0.073036 0.025163 0.307704 0.000000
0.216596 -0.294518 0.307918 2.000000
0.202285 -0.211051 0.054243 2.000000
-0.103731 0.138887 0.200651 0.000000
0.115451 -0.245617 0.234771 2.000000
0.012790 -0.123338 0.014518 2.000000
-0.009669 0.147201 0.101492 0.000000
-0.132824 0.029196 0.488144 0.000000
0.054859 -0.077054 -0.109336 2.000000
-0.138456 0.003061 0.764594 0.000000
-0.186130 0.100213 0.629163 0.000000
-0.083948 0.129607 -0.668675 1.000000
-0.057405 0.095917 -0.887480 1.000000
0.314217 -0.330522 0.212954 2.000000
-0.092511 0.064134 0.113839 0.000000
-0.017777 0.054526 -0.024282 0.000000
0.295260 -0.256858 0.087819 2.000000
0.242131 -0.156238 -0.042038 2.000000
0.099683 -0.179886 0.057417 2.000000
-0.030971 0.051264 -0.229673 1.000000
-0.137499 0.080971 0.386289 0.000000
-0.105731 0.038112 -0.408705 1.000000
0.143164 -0.232494 0.130835 2.000000
-0.097513 0.090203 -0.085079 0.000000
-0.235719 0.041200 0.832928 0.000000
-0.021775 0.035921 -0.351660 2.000000
0.007145 -0.037237 -0.189704 2.000000
-0.112430 0.171977 -0.873866 1.000000
-0.053006 0.015615 0.536926 0.000000
0.153829 -0.060384 -0.136923 2.000000
-0.131270 0.089618 0.274531 0.000000
0.007822 0.067104 0.292893 0.000000
-0.120542 0.173872 0.429721 0.000000
-0.093443 -0.012663 -0.320388 2.000000
-0.172805 0.023042 0.677342 0.000000
-0.012616 0.056131 0.073803 0.000000
-0.042880 0.072494 -0.610581 1.000000
-0.031449 0.134457 -0.048616 0.000000
-0.079677 0.119655 -0.219999 1.000000
-0.090529 0.050868 0.195757 0.000000
0.036818 0.013173 -0.258360 2.000000
-0.114946 0.103830 -0.819021 1.000000
-0.085881 -0.074723 -0.161142 2.000000
-0.095059 0.096096 -0.468416 1.000000
0.278046 -0.346692 0.292828 2.000000
0.110755 0.055595 -0.250339 2.000000
0.187773 -0.109361 -0.081902 2.000000
-0.167767 0.046611 0.564809 0.000000
0.188438 -0.000743 -0.178269 2.000000
-0.050060 0.158535 -0.936926 1.000000
-0.090576 0.076262 -0.961694 1.000000
-0.054756 0.164966 0.256383 0.000000
-0.001876 0.115652 0.020214 0.000000
-0.001110 -0.143534 0.092751 2.000000
-0.074073 0.117837 -0.371162 1.000000
-0.085211 0.140238 0.127034 0.000000
0.388013 -0.332459 0.195600 2.000000
0.236247 -0.319899 0.233316 2.000000
-0.086334 0.022936 0.381311 0.000000
0.353548 -0.263808 0.029563 2.000000
-0.018450 0.046944 0.358968 0.000000
-0.035507 0.095596 -0.511968 1.000000
-0.107816 0.119673 -0.745721 1.000000
-0.168636 0.012235 0.838543 0.000000
-0.037369 0.118166 -0.281165 1.000000
-0.085666 0.075525 -0.155411 1.000000
0.056078 -0.118651 -0.043407 2.000000
-0.025881 0.063834 -0.098182 0.000000
-0.045257 0.071902 -0.687200 1.000000
0.176882 -0.280604 0.244777 2.000000
-0.102183 0.016423 0.680853 0.000000
-0.031039 0.006345 -0.287926 2.000000
-0.042834 0.037182 0.246358 0.000000
0.091449 -0.219447 0.176409 2.000000
-0.150904 0.105412 0.462757 0.000000
-0.201236 0.027213 0.775159 0.000000
-0.035455 0.163295 0.167359 0.000000
0.158371 -0.179143 0.013511 2.000000
0.226917 -0.245172 0.107343 2.000000
-0.074433 0.057909 0.032949 0.000000
0.319390 -0.305478 0.150507 2.000000
-0.168631 0.114703 0.566039 0.000000
0.001546 -0.091947 -0.069091 2.000000
-0.050567 -0.089830 -0.018169 2.000000
0.279880 -0.139272 -0.093105 2.000000
0.003711 0.090529 0.136520 0.000000
0.254687 -0.198685 0.017262 2.000000
-0.047155 0.112075 -0.824069 1.000000
-0.060502 0.128326 -0.579315 1.000000
-0.027547 -0.068433 -0.134186 2.000000
0.114474 -0.097867 -0.096016 2.000000
-0.103968 0.090530 -0.618814 1.000000
-0.116661 0.119745 -0.909033 1.000000
-0.114607 0.014601 0.547832 0.000000
0.095145 -0.050785 -0.156240 2.000000
0.002866 0.094681 -0.370328 2.000000
0.076852 -0.152658 0.006423 2.000000
0.368277 -0.353541 0.259206 2.000000
-0.047246 0.183533 -0.880567 1.000000
-0.065732 0.144622 0.064265 0.000000
0.090784 -0.201291 0.118010 2.000000
-0.197151 0.109681 0.687916 0.000000
-0.051797 0.223055 -0.849283 1.000000
-0.199291 0.003815 0.938642 0.000000
0.363540 -0.269126 0.039977 2.000000
-0.066302 0.179087 0.300470 0.000000
-0.088423 -0.036187 -0.292898 2.000000
-0.005598 -0.138172 0.082211 2.000000
-0.074608 0.026060 0.609927 0.000000
0.224489 -0.027163 -0.159600 2.000000
0.178812 -0.281154 0.295733 2.000000
-0.045546 0.067858 -0.595383 1.000000
-0.057071 0.048078 -0.068943 0.000000
0.392598 -0.355622 0.257349 2.000000
0.089680 0.080153 -0.291356 2.000000
-0.220614 0.093436 0.744057 0.000000
-0.100802 0.079792 -0.981372 1.000000
-0.005836 0.125542 0.118289 0.000000
-0.008907 0.035768 0.418821 0.000000
-0.138681 0.167324 0.480119 0.000000
-0.034689 0.134807 -0.419432 2.000000
0.295781 -0.161389 -0.086854 2.000000
0.070952 -0.212805 0.204272 2.000000
-0.090120 -0.076535 -0.141772 2.000000
-0.177489 0.135560 0.614853 0.000000
-0.067720 0.068011 -0.200594 1.000000
0.015568 0.087311 0.254788 0.000000
-0.112186 0.030944 -0.405503 1.000000
-0.148333 0.001586 0.793525 0.000000
0.293954 -0.314794 0.322753 2.000000
-0.053686 -0.087970 -0.025718 2.000000
0.396801 -0.318208 0.146051 2.000000
-0.029775 0.081794 -0.305966 1.000000
-0.093801 0.117632 -0.879084 1.000000
-0.244193 0.042784 0.837473 0.000000
0.152325 0.037349 -0.214134 2.000000
-0.032787 0.169976 0.205033 0.000000
-0.040313 0.032325 0.516454 0.000000
-0.105453 0.021295 0.705988 0.000000
-0.113559 0.182324 0.386450 0.000000
-0.045306 0.080157 0.186394 0.000000
-0.029617 0.057898 0.333985 0.000000
0.332595 -0.222281 -0.032696 2.000000
0.268782 -0.093691 -0.130105 2.000000
-0.012222 0.062790 -0.136973 1.000000
0.025213 0.114847 -0.356038 2.000000
-0.080569 0.156884 -0.979760 1.000000
-0.089398 -0.063716 -0.219281 2.000000
-0.143722 0.130319 -0.940566 1.000000
0.025951 -0.169239 0.145374 2.000000
0.120755 -0.244934 0.252289 2.000000
-0.174992 0.013208 0.863172 0.000000
0.348555 -0.362534 0.320694 2.000000
-0.147324 0.148756 0.549494 0.000000
-0.197714 0.119430 0.681769 0.000000
-0.096888 0.085855 -0.296753 1.000000
-0.071441 0.058225 -0.358757 2.000000
-0.093462 -0.004837 -0.353804 2.000000
-0.041559 0.063339 0.271393 0.000000
-0.032609 -0.101482 0.032828 2.000000
0.010035 0.109334 0.192604 0.000000
0.386925 -0.298444 0.088833 2.000000
-0.082737 0.170867 -0.841164 1.000000
-0.061877 0.082307 -0.936743 1.000000
-0.046842 0.052829 -0.257763 1.000000
0.231589 -0.298255 0.311620 2.000000
0.393234 -0.335592 0.203351 2.000000
-0.033109 0.099711 -0.368419 1.000000
-0.070961 -0.079572 -0.078846 2.000000
-0.228776 0.014891 0.892474 0.000000
-0.105816 0.073537 -0.439061 1.000000
0.188139 0.010545 -0.184652 2.000000
-0.222394 0.072055 0.791920 0.000000
0.015868 0.070211 0.304253 0.000000
-0.061965 0.159228 -0.886744 1.000000
0.005260 0.045284 0.369452 0.000000
-0.061804 0.054836 -0.126794 1.000000
-0.129105 0.027429 0.750905 0.000000
-0.096186 0.030971 0.657072 0.000000
-0.024254 0.162995 0.145707 0.000000
-0.022213 0.052524 -0.188383 1.000000
0.117188 0.065053 -0.253870 2.000000
-0.029940 0.034735 0.462858 0.000000
-0.072124 0.205515 -0.809674 1.000000
-0.060114 0.107905 -0.976919 1.000000
0.054702 0.092248 -0.326354 2.000000
-0.047526 0.173561 0.257158 0.000000
-0.057347 0.021617 0.565918 0.000000
-0.091654 0.179819 0.344816 0.000000
-0.064769 0.051436 -0.301269 1.000000
-0.037059 0.094356 0.143405 0.000000
-0.128310 0.143838 -0.981248 1.000000
-0.128376 0.177938 0.428382 0.000000
-0.078670 0.254882 -0.834124 1.000000
0.348842 -0.248755 -0.001112 2.000000
-0.036792 0.091004 -0.416320 1.000000
0.313731 -0.192952 -0.062716 2.000000
-0.017961 0.081318 0.219827 0.000000
-0.040860 0.051475 -0.029446 0.000000
0.246112 -0.060883 -0.144433 2.000000
0.049596 -0.192708 0.174125 2.000000
-0.003054 0.124634 -0.383207 2.000000
0.283079 -0.130484 -0.108687 2.000000
-0.158900 0.022845 0.828511 0.000000
-0.131322 0.104788 -0.978914 1.000000
0.372347 -0.366408 0.288917 2.000000
0.145732 -0.267498 0.271522 2.000000
-0.190736 0.018342 0.898285 0.000000
-0.077555 0.074284 -0.249051 1.000000
0.005194 0.119815 0.154605 0.000000
0.096081 -0.236095 0.224879 2.000000
-0.093260 -0.043604 -0.256606 2.000000
-0.090766 -0.062672 -0.182126 2.000000
0.006150 -0.149781 0.115468 2.000000
-0.066631 0.060619 -0.165168 1.000000
-0.075977 0.065612 -0.393164 1.000000
-0.096035 0.153629 -0.878587 1.000000
-0.135896 0.159072 0.517666 0.000000
-0.039744 0.050978 -0.218916 1.000000
-0.047214 0.067844 0.233780 0.000000
-0.182540 0.133478 0.649402 0.000000
-0.089336 -0.023785 -0.324392 2.000000
-0.060424 0.238222 -0.811293 1.000000
-0.203490 0.109960 0.720464 0.000000
-0.154435 0.149361 0.582228 0.000000
-0.017324 0.081668 0.167186 0.000000
0.332697 -0.333591 0.325128 2.000000
-0.031873 0.052375 -0.089510 0.000000
-0.099875 0.013514 -0.379802 2.000000
-0.080017 -0.074895 -0.111488 2.000000
