-0.268485 -0.236662 0.650678 0.000000
0.035547 0.149254 -0.976866 2.000000
0.358737 -0.175017 -0.106647 1.000000
-0.128504 0.123073 0.157865 0.000000
-0.002616 0.131129 -0.415122 2.000000
0.104188 0.038894 0.520699 3.000000
0.073960 -0.056511 -0.173400 1.000000
-0.237292 -0.017073 0.426860 0.000000
0.026710 0.103403 -0.695299 2.000000
-0.014907 -0.061937 0.295395 0.000000
-0.017766 0.141548 -0.060439 0.000000
0.251512 0.000913 -0.321142 1.000000
0.042789 0.010151 0.103152 0.000000
-0.139837 -0.144471 0.531015 0.000000
0.036106 0.125126 -0.236192 0.000000
0.192552 -0.148124 -0.046352 1.000000
-0.363587 -0.318225 0.769423 0.000000
0.076603 0.063247 0.357269 3.000000
-0.298368 -0.101736 0.559909 0.000000
0.022776 -0.010705 -0.334743 1.000000
-0.164074 0.028272 0.283275 0.000000
0.232689 -0.095781 -0.192280 1.000000
0.141045 0.085249 -0.385250 1.000000
-0.009041 0.135865 -0.835667 2.000000
0.031461 0.096198 0.220368 3.000000
0.038203 0.092071 -0.551559 2.000000
-0.088356 -0.083808 0.413682 0.000000
-0.066438 0.004769 0.186657 0.000000
-0.061970 0.039370 0.026334 0.000000
0.134228 -0.027662 -0.278111 1.000000
-0.029326 0.065824 -0.153610 0.000000
0.296212 -0.183725 -0.008414 1.000000
0.048510 0.064738 0.004327 0.000000
0.029074 0.220119 -0.893832 2.000000
-0.076917 0.143141 0.066893 0.000000
0.011550 0.034073 -0.452338 1.000000
-0.013152 0.088337 -0.320583 0.000000
-0.226750 -0.181344 0.571268 0.000000
0.002379 0.102563 0.119238 3.000000
-0.159917 -0.034366 0.362390 0.000000
-0.227837 -0.108240 0.488420 0.000000
-0.358907 -0.247243 0.692060 0.000000
0.144817 -0.105268 -0.127565 1.000000
0.334332 -0.135345 -0.191781 1.000000
0.022627 -0.036243 0.182944 0.000000
-0.326353 -0.166052 0.629966 0.000000
0.266841 -0.148685 -0.124465 1.000000
-0.027859 0.050745 -0.060865 0.000000
0.022434 0.138338 -0.140397 0.000000
0.293237 -0.082388 -0.256768 1.000000
-0.093730 0.050282 0.115229 0.000000
0.069792 0.102941 -0.457077 1.000000
-0.084124 -0.019283 0.267885 0.000000
0.032985 -0.030539 -0.253156 1.000000
0.012945 0.137900 -0.619951 2.000000
0.090023 0.037166 0.434860 3.000000
0.073655 0.037464 -0.389322 1.000000
0.164425 0.024135 -0.333862 1.000000
-0.149127 0.088240 0.230783 0.000000
-0.210677 0.026756 0.349574 0.000000
0.208894 -0.050361 -0.254055 1.000000
0.022733 0.113837 -0.906070 2.000000
-0.014451 0.104103 0.034489 0.000000
0.045190 0.084109 -0.072948 0.000000
0.064606 0.053333 0.278398 3.000000
0.143816 -0.072495 -0.206576 1.000000
0.034473 0.125078 -0.770845 2.000000
-0.156936 -0.096387 0.457969 0.000000
-0.082472 -0.053611 0.342907 0.000000
-0.003939 0.101900 -0.488263 2.000000
-0.031412 0.007941 0.119126 0.000000
-0.023883 0.081419 -0.232982 0.000000
0.044025 0.034239 0.178506 3.000000
-0.122148 0.023175 0.227876 0.000000
-0.267818 -0.054453 0.475368 0.000000
-0.025108 -0.031473 0.231422 0.000000
0.030004 0.077405 -0.188598 0.000000
0.012292 0.024780 0.045508 0.000000
-0.303049 -0.273731 0.717290 0.000000
-0.056518 0.101498 -0.016729 0.000000
0.299540 -0.181299 -0.077568 1.000000
0.030291 0.119258 -0.358167 0.000000
-0.006637 0.169033 -0.924060 2.000000
0.087899 -0.001263 -0.314784 1.000000
-0.014812 0.134735 -0.193104 0.000000
0.205439 -0.140243 -0.111897 1.000000
0.039221 0.089462 0.064071 3.000000
0.015895 0.003169 -0.397813 1.000000
-0.035475 0.114608 -0.114131 0.000000
-0.115220 0.054398 0.173673 0.000000
-0.025385 0.137791 -0.977435 2.000000
-0.293965 -0.161976 0.577931 0.000000
-0.209140 -0.069271 0.439907 0.000000
-0.129156 -0.018004 0.308514 0.000000
-0.253104 -0.145338 0.530598 0.000000
0.029986 0.125294 -0.296163 0.000000
0.016085 0.107369 -0.023243 0.000000
0.043046 0.137792 -0.499219 2.000000
0.359694 -0.194169 -0.050589 1.000000
0.005709 0.054902 -0.107635 0.000000
-0.323949 -0.224933 0.653170 0.000000
0.195404 -0.013176 -0.294702 1.000000
-0.222180 -0.202084 0.623858 0.000000
0.239852 -0.165189 -0.020373 1.000000
-0.089405 -0.101427 0.467436 0.000000
0.045503 0.067485 0.129764 3.000000
-0.082708 0.087980 0.057788 0.000000
-0.034681 -0.081536 0.351656 0.000000
0.005041 0.136896 -0.555043 2.000000
-0.102453 0.114753 0.109289 0.000000
0.087608 -0.046504 -0.226494 1.000000
0.320582 -0.152573 -0.140839 1.000000
0.178359 -0.099284 -0.171188 1.000000
-0.291628 -0.205896 0.611023 0.000000
-0.008343 0.036191 -0.003374 0.000000
0.039541 0.121407 -0.854905 2.000000
0.282967 -0.115143 -0.186703 1.000000
-0.044217 0.144937 0.012134 0.000000
-0.006511 0.088126 -0.383499 0.000000
-0.015062 0.121588 -0.267516 0.000000
-0.150317 -0.069325 0.412450 0.000000
-0.272491 -0.089646 0.515233 0.000000
0.003974 0.140194 -0.730425 2.000000
-0.206616 -0.016155 0.380052 0.000000
0.259754 -0.047053 -0.276485 1.000000
-0.194481 -0.138562 0.515150 0.000000
0.155074 -0.124721 -0.080249 1.000000
0.057194 0.056256 -0.434920 1.000000
-0.011467 -0.068389 0.314366 0.000000
0.006430 0.166377 -0.986041 2.000000
0.260975 -0.015426 -0.325866 1.000000
-0.367377 -0.326144 0.768897 0.000000
-0.011196 0.151225 -0.043030 0.000000
0.023029 0.139523 -0.595904 2.000000
0.344415 -0.209569 -0.012912 1.000000
-0.289713 -0.075779 0.532134 0.000000
0.115442 0.049742 0.530852 3.000000
0.111530 -0.095137 -0.107720 1.000000
-0.139758 0.118568 0.187045 0.000000
0.008402 -0.006583 -0.374430 1.000000
0.042615 0.000454 0.113704 0.000000
-0.221696 0.032454 0.361589 0.000000
-0.100141 -0.118855 0.484940 0.000000
0.344177 -0.138477 -0.195196 1.000000
-0.250200 -0.220146 0.657494 0.000000
0.038825 0.096900 0.268596 3.000000
0.144219 0.097018 -0.393395 1.000000
0.036710 -0.035345 -0.230624 1.000000
0.212309 -0.155910 -0.022900 1.000000
0.068539 0.038884 0.396600 3.000000
0.008812 0.091849 -0.468437 2.000000
0.029547 0.230732 -0.874567 2.000000
-0.079403 0.148204 0.067927 0.000000
-0.174195 -0.160747 0.578246 0.000000
0.058504 0.071328 0.013718 0.000000
-0.362655 -0.230249 0.691968 0.000000
0.005071 0.098489 0.156893 3.000000
-0.323368 -0.143043 0.620538 0.000000
0.037205 0.123956 -0.134618 0.000000
0.019540 -0.042281 0.207478 0.000000
-0.256248 -0.018045 0.446227 0.000000
-0.170155 0.083786 0.279230 0.000000
-0.051048 -0.091130 0.403887 0.000000
0.300671 -0.085167 -0.265656 1.000000
0.367907 -0.178707 -0.102655 1.000000
-0.002990 0.085139 -0.376310 0.000000
0.204853 0.053481 -0.340589 1.000000
-0.019795 0.099729 0.029429 0.000000
0.091068 0.122213 -0.449082 1.000000
0.053439 0.034713 0.315619 3.000000
0.031163 0.032773 0.189864 3.000000
0.052769 0.096398 -0.064166 0.000000
-0.295602 -0.264673 0.708663 0.000000
0.073869 -0.058585 -0.162672 1.000000
0.284147 -0.166996 -0.003009 1.000000
0.020787 -0.023984 -0.303497 1.000000
0.043319 0.147679 -0.498392 2.000000
0.013003 0.026660 -0.439283 1.000000
0.087384 0.036046 0.464383 3.000000
0.155430 -0.126692 -0.063768 1.000000
0.040183 0.178466 -0.927159 2.000000
-0.111711 0.134294 0.126168 0.000000
0.037340 0.049621 0.071771 0.000000
-0.009590 0.100091 0.092259 3.000000
0.049775 0.030385 0.248767 3.000000
-0.211109 -0.190585 0.620303 0.000000
-0.373425 -0.285050 0.724017 0.000000
0.061920 0.081068 0.354329 3.000000
-0.133170 -0.141207 0.529099 0.000000
0.018185 0.109897 -0.983106 2.000000
-0.045848 0.151657 0.021063 0.000000
-0.303116 -0.105421 0.579466 0.000000
-0.341596 -0.182388 0.657984 0.000000
0.002637 -0.060956 0.259743 0.000000
0.020218 0.098835 0.215415 3.000000
-0.013279 0.071053 -0.514061 1.000000
-0.281269 -0.051545 0.485176 0.000000
-0.197588 0.058033 0.315955 0.000000
0.033503 -0.022275 0.160148 0.000000
0.014833 0.147115 -0.093402 0.000000
0.357786 -0.159532 -0.150724 1.000000
-0.324943 -0.293176 0.738539 0.000000
-0.155099 0.101391 0.234258 0.000000
-0.014000 0.103576 -0.020613 0.000000
-0.233580 0.015242 0.406732 0.000000
-0.036528 -0.083986 0.358076 0.000000
0.032506 0.041552 0.137072 3.000000
-0.071834 -0.100588 0.446128 0.000000
0.276124 -0.047551 -0.293663 1.000000
0.364912 -0.196125 -0.053600 1.000000
0.001152 0.128072 -0.506926 2.000000
0.323927 -0.115329 -0.229360 1.000000
0.009350 0.110285 -0.059806 0.000000
0.087581 0.065787 0.429881 3.000000
-0.025693 0.135761 -0.983604 2.000000
0.110895 0.009149 0.513407 3.000000
0.170805 0.077297 -0.363839 1.000000
-0.001097 0.046412 -0.479441 1.000000
0.027134 0.090166 -0.406341 2.000000
0.235277 0.018614 -0.323955 1.000000
0.050361 0.088582 0.308758 3.000000
0.018331 0.131590 -0.465424 2.000000
0.009348 0.155728 -0.940483 2.000000
0.059070 -0.042195 -0.198059 1.000000
-0.275018 -0.239198 0.687200 0.000000
0.058726 0.036287 0.353388 3.000000
0.182989 -0.145641 -0.045003 1.000000
0.038054 0.209265 -0.905739 2.000000
0.012253 0.172757 -0.903674 2.000000
0.056925 0.086286 -0.028914 0.000000
0.029856 -0.030818 -0.266517 1.000000
0.093842 -0.077327 -0.138256 1.000000
0.040957 0.154603 -0.982558 2.000000
0.074521 0.073872 0.390078 3.000000
0.115234 0.107786 -0.426720 1.000000
0.013045 0.114507 -0.108214 0.000000
0.008922 0.006481 -0.407741 1.000000
0.024057 0.100958 -0.506972 2.000000
0.094574 0.037278 0.499387 3.000000
0.012323 -0.014841 -0.340435 1.000000
-0.022846 0.149709 -0.005484 0.000000
0.245193 -0.160122 -0.012209 1.000000
0.064542 0.128663 -0.470452 1.000000
0.315821 -0.180479 -0.003265 1.000000
-0.122943 0.129575 0.159234 0.000000
-0.149645 -0.152342 0.556651 0.000000
-0.093515 0.145609 0.100512 0.000000
0.047298 0.033816 0.281810 3.000000
0.052189 0.051061 0.042367 0.000000
0.139956 0.024293 0.514431 3.000000
0.032414 0.042292 0.103243 3.000000
-0.186838 -0.184093 0.599656 0.000000
-0.372088 -0.257467 0.707472 0.000000
-0.016949 0.094923 0.060954 3.000000
0.127975 -0.110284 -0.085320 1.000000
-0.002651 0.098505 0.126249 3.000000
