0.094170 0.101489 0.010409 0.000000
-0.074400 0.183825 -0.969895 2.000000
-0.314634 -0.488868 0.672375 1.000000
0.283910 0.165058 0.609680 0.000000
0.106788 0.082811 -0.501355 3.000000
-0.221838 -0.079665 0.381026 1.000000
0.273171 -0.158075 -0.266786 3.000000
0.135128 0.128545 0.329766 0.000000
-0.008611 0.125162 -0.248339 2.000000
-0.197912 -0.270109 0.567691 1.000000
-0.041076 -0.036870 0.192386 1.000000
-0.045136 0.147511 -0.706649 2.000000
0.103644 -0.045230 -0.330997 3.000000
-0.069501 0.092523 0.075424 1.000000
-0.058816 -0.129851 0.340935 1.000000
-0.032054 0.057889 -0.095079 1.000000
0.134560 0.060405 0.169049 0.000000
0.236282 -0.060970 -0.430026 3.000000
0.228396 0.122635 0.461698 0.000000
-0.019717 0.110488 -0.406770 2.000000
-0.124291 -0.173351 0.474793 1.000000
-0.017951 0.146340 -0.559346 2.000000
-0.170698 -0.005015 0.262966 1.000000
-0.272520 -0.186450 0.469536 1.000000
-0.305494 -0.363432 0.592772 1.000000
0.029276 -0.009813 0.071772 1.000000
-0.031527 0.181953 -0.841786 2.000000
0.070453 0.114010 -0.118264 0.000000
0.060774 0.143580 0.112787 0.000000
0.050965 0.017828 -0.425065 3.000000
0.194559 -0.104484 -0.321971 3.000000
-0.300317 -0.274832 0.533919 1.000000
-0.100578 0.050285 0.182204 1.000000
0.005873 0.054374 -0.511818 3.000000
0.092280 0.130216 0.234098 0.000000
0.162268 0.008845 -0.447724 3.000000
-0.040260 0.028013 0.000953 1.000000
-0.091928 -0.065308 0.271278 1.000000
0.009533 0.124987 -0.025731 0.000000
0.043103 0.027347 -0.044302 1.000000
0.028919 0.092366 -0.327375 2.000000
-0.055735 -0.000276 0.107954 1.000000
0.025110 0.067853 -0.184769 0.000000
-0.138934 -0.117880 0.384866 1.000000
0.158745 0.076004 0.257370 0.000000
-0.019988 0.231633 -0.914546 2.000000
0.208922 0.106496 0.372493 0.000000
0.102384 0.054140 0.089583 0.000000
-0.272042 -0.417546 0.651210 1.000000
-0.226662 -0.339124 0.613709 1.000000
-0.198988 -0.217663 0.498495 1.000000
0.273204 -0.118029 -0.350949 3.000000
0.015339 0.132791 -0.479909 2.000000
0.003964 0.134068 -0.641366 2.000000
0.166614 -0.048066 -0.387818 3.000000
0.241449 0.156495 0.535014 0.000000
-0.216816 -0.149978 0.423095 1.000000
-0.166825 -0.063768 0.317959 1.000000
-0.008857 0.134299 -0.155376 2.000000
-0.073922 -0.153304 0.414598 1.000000
-0.012246 -0.071050 0.256361 1.000000
0.054672 0.124933 -0.548022 3.000000
-0.016191 0.142448 -0.781031 2.000000
-0.106387 -0.015795 0.214623 1.000000
0.111589 0.128026 0.160368 0.000000
-0.053542 0.158833 -0.906829 2.000000
0.214110 -0.121453 -0.252417 3.000000
0.006168 -0.015098 0.136282 1.000000
-0.056469 0.096534 0.008370 1.000000
-0.249534 -0.315798 0.554926 1.000000
0.079325 0.101022 -0.053934 0.000000
0.150054 -0.091952 -0.276068 3.000000
0.004099 0.111848 -0.090821 0.000000
0.037750 0.138699 0.052289 0.000000
0.061604 -0.009128 -0.363731 3.000000
-0.110196 -0.092556 0.327431 1.000000
0.103505 0.031409 -0.460443 3.000000
0.055172 0.117542 -0.211199 2.000000
0.101946 0.119318 0.070913 0.000000
0.042739 0.055980 -0.100837 1.000000
0.106645 -0.008561 -0.411221 3.000000
0.066688 0.050049 0.037698 0.000000
-0.240718 -0.260263 0.517290 1.000000
0.226924 -0.084269 -0.374141 3.000000
0.000377 0.138944 -0.355101 2.000000
0.185394 0.106355 0.303217 0.000000
0.185560 0.138991 0.418304 0.000000
-0.014403 0.085940 -0.559891 3.000000
-0.077807 0.055026 0.121911 1.000000
0.032690 0.001560 0.008846 1.000000
-0.152724 -0.218934 0.535591 1.000000
-0.022698 0.093708 -0.298662 2.000000
0.149882 0.110797 0.210710 0.000000
-0.084896 -0.001985 0.161919 1.000000
0.029283 0.082898 -0.270454 2.000000
-0.031731 0.012398 0.057192 1.000000
-0.026540 0.067854 -0.151501 1.000000
-0.050302 -0.098572 0.292513 1.000000
-0.321660 -0.416011 0.623627 1.000000
0.047219 0.046215 -0.474532 3.000000
-0.038547 0.096167 -0.054714 1.000000
0.151088 -0.074916 -0.340927 3.000000
0.209598 -0.019754 -0.456580 3.000000
0.237799 -0.133774 -0.302891 3.000000
-0.179479 -0.173046 0.456455 1.000000
0.139200 0.126814 0.262575 0.000000
-0.022843 0.080548 -0.220109 2.000000
-0.133036 0.031285 0.219861 1.000000
0.032627 0.118526 -0.401628 2.000000
0.128458 0.096595 0.110245 0.000000
0.022418 0.132402 -0.290159 2.000000
0.167282 0.050472 -0.479086 3.000000
-0.020720 0.116834 -0.513794 2.000000
-0.008703 0.041055 -0.053347 1.000000
-0.143649 -0.146429 0.432568 1.000000
-0.136197 -0.040382 0.272962 1.000000
-0.027745 0.118122 -0.455689 2.000000
-0.036040 0.215576 -0.965720 2.000000
0.074033 0.064914 -0.016541 0.000000
0.166881 0.134196 0.372617 0.000000
-0.035021 0.137569 -0.604951 2.000000
-0.254391 -0.379636 0.608032 1.000000
0.055938 0.129600 -0.002698 0.000000
0.058642 0.075208 -0.512368 3.000000
0.013565 0.120193 -0.586262 3.000000
-0.309234 -0.319847 0.571677 1.000000
-0.271177 -0.230204 0.494503 1.000000
0.005782 -0.029074 0.200023 1.000000
0.009959 0.151225 -0.641025 2.000000
-0.316226 -0.504951 0.686795 1.000000
0.295802 0.161709 0.622388 0.000000
-0.071433 0.102726 0.040611 1.000000
0.291757 -0.157109 -0.284383 3.000000
-0.083681 -0.166017 0.440238 1.000000
0.177067 0.078266 0.293198 0.000000
0.047932 0.098088 -0.294714 2.000000
-0.077605 0.198509 -0.977022 2.000000
-0.307898 -0.277239 0.536043 1.000000
-0.174579 0.002545 0.261680 1.000000
0.207128 -0.006344 -0.468762 3.000000
0.018155 -0.027985 0.185050 1.000000
0.004048 0.029096 -0.476582 3.000000
0.052596 0.055677 -0.107992 1.000000
0.192457 0.145237 0.466931 0.000000
0.120322 -0.073774 -0.290102 3.000000
0.062110 0.145670 0.155989 0.000000
-0.258956 -0.144921 0.428020 1.000000
-0.013174 0.144618 -0.794864 2.000000
-0.159232 -0.234574 0.556382 1.000000
-0.037764 -0.116469 0.298425 1.000000
0.040669 -0.005228 0.034941 1.000000
-0.253320 -0.375373 0.636550 1.000000
0.120323 0.100040 -0.506395 3.000000
-0.097227 0.065541 0.169949 1.000000
0.269735 -0.098446 -0.399033 3.000000
-0.002331 0.141804 -0.182259 2.000000
0.052046 -0.007852 -0.365159 3.000000
-0.014529 0.249878 -0.891395 2.000000
-0.220694 -0.060836 0.349385 1.000000
0.136285 0.059162 0.181841 0.000000
-0.032056 0.124689 -0.063844 1.000000
0.031440 0.142734 0.049086 0.000000
0.095054 0.134302 0.257229 0.000000
-0.012721 0.079326 -0.566568 3.000000
0.203894 -0.117383 -0.252285 3.000000
0.148374 0.132501 0.377263 0.000000
0.089619 0.053266 0.097735 0.000000
-0.205235 -0.304264 0.599132 1.000000
0.258761 0.138608 0.540157 0.000000
-0.328097 -0.427391 0.628711 1.000000
0.040973 0.068335 -0.018130 0.000000
0.051275 0.142395 -0.557674 3.000000
-0.289307 -0.208761 0.483237 1.000000
-0.320499 -0.345170 0.593215 1.000000
0.011222 0.146904 -0.349618 2.000000
-0.028017 0.045179 -0.075986 1.000000
0.052325 0.083421 -0.215714 2.000000
-0.057006 -0.141317 0.371084 1.000000
0.217931 0.106531 0.400451 0.000000
-0.006069 -0.064553 0.251643 1.000000
-0.116746 -0.193569 0.507416 1.000000
-0.020827 0.068392 -0.192731 2.000000
0.032326 -0.010198 0.113280 1.000000
0.002211 0.146289 -0.260129 2.000000
0.171027 0.057253 -0.484142 3.000000
-0.072804 0.090634 0.106930 1.000000
-0.001635 0.103345 -0.119472 0.000000
0.121897 0.120092 0.316557 0.000000
0.292848 -0.129789 -0.345558 3.000000
-0.133563 0.036865 0.217142 1.000000
0.019022 0.016881 -0.414669 3.000000
0.233333 -0.055861 -0.438019 3.000000
0.013287 0.128659 -0.009569 0.000000
-0.046366 0.176280 -0.927629 2.000000
0.062020 0.057257 0.042431 0.000000
-0.287803 -0.454117 0.668744 1.000000
0.084618 -0.034255 -0.317756 3.000000
0.157553 0.064586 0.237385 0.000000
-0.239191 -0.098726 0.396340 1.000000
0.194805 0.096061 0.345735 0.000000
-0.197979 -0.033134 0.303806 1.000000
0.046252 0.012818 -0.025890 1.000000
-0.055035 0.118525 -0.013586 1.000000
0.238885 0.122449 0.487136 0.000000
0.051366 0.146635 0.099225 0.000000
0.257962 -0.134942 -0.249005 3.000000
0.017019 0.115697 -0.590564 3.000000
-0.044789 0.157683 -0.976551 2.000000
0.026464 0.077488 -0.067337 0.000000
0.081026 0.140413 0.207955 0.000000
-0.002586 0.050482 -0.522340 3.000000
-0.026910 0.205098 -0.975184 2.000000
0.168295 0.139267 0.423015 0.000000
0.163696 -0.094965 -0.269951 3.000000
0.269609 0.165203 0.581730 0.000000
0.116987 0.052264 0.138307 0.000000
-0.012873 0.125403 -0.553519 2.000000
0.220570 0.154823 0.517014 0.000000
0.088480 0.119448 -0.535062 3.000000
-0.226814 -0.342117 0.620019 1.000000
-0.275582 -0.412966 0.655379 1.000000
-0.021133 0.221475 -0.925376 2.000000
0.051538 0.038661 -0.061798 1.000000
-0.322110 -0.476811 0.653999 1.000000
0.022379 0.160901 -0.584239 2.000000
-0.027432 0.110930 -0.591963 2.000000
0.012265 0.148590 -0.301999 2.000000
-0.275476 -0.171603 0.457323 1.000000
0.005494 0.110737 -0.048536 0.000000
-0.181461 -0.263164 0.579338 1.000000
-0.312912 -0.311040 0.568606 1.000000
-0.299942 -0.245970 0.508072 1.000000
-0.322726 -0.386996 0.616466 1.000000
0.226441 0.111562 0.441490 0.000000
-0.011128 0.137272 -0.142280 2.000000
-0.100626 -0.172695 0.476128 1.000000
0.004467 -0.038594 0.220310 1.000000
0.034640 -0.013006 0.072173 1.000000
-0.065108 -0.153476 0.406568 1.000000
-0.019947 -0.091183 0.277052 1.000000
-0.141107 -0.206509 0.532307 1.000000
-0.046553 -0.136275 0.335794 1.000000
-0.015354 0.129236 -0.095845 1.000000
0.023892 -0.018365 0.150944 1.000000
-0.079180 0.078754 0.142655 1.000000
0.061583 0.074337 -0.067154 0.000000
0.147919 0.081459 -0.493105 3.000000
0.003292 0.144434 -0.215180 2.000000
0.186371 0.028378 -0.478681 3.000000
0.129871 0.127992 0.347570 0.000000
-0.113781 0.053817 0.195940 1.000000
0.005225 0.025033 -0.443236 3.000000
-0.152480 0.017161 0.242642 1.000000
0.054137 0.088811 -0.247791 2.000000
0.296124 -0.145124 -0.313613 3.000000
0.047522 0.058379 0.011238 0.000000
