0.106991 0.040002 -0.217452 2.000000
0.307770 0.231579 0.847435 2.000000
-0.699705 -0.346648 0.368171 3.000000
0.133797 0.081550 -0.982011 1.000000
-0.292748 0.020416 0.180983 3.000000
0.176327 0.044536 0.386061 2.000000
0.339523 -0.096088 -0.510978 0.000000
0.126838 0.061714 -0.672211 1.000000
0.089216 0.019274 0.091216 2.000000
-0.459289 -0.158599 0.360882 3.000000
0.217056 0.156277 0.617745 2.000000
0.144187 0.060003 -0.443455 1.000000
-0.124594 0.055916 0.035294 3.000000
0.006912 -0.013659 -0.067387 3.000000
-0.315245 -0.126991 0.271557 3.000000
0.096508 0.086701 0.246153 2.000000
-0.155040 -0.056898 0.147569 3.000000
-0.603841 -0.211372 0.319819 3.000000
0.253478 0.020965 -0.576024 0.000000
0.343573 -0.157501 -0.365077 0.000000
0.162728 0.082512 -0.824860 1.000000
0.209524 -0.072002 -0.437437 0.000000
0.139467 0.049207 -0.064664 2.000000
-0.457809 -0.059019 0.253267 3.000000
0.149107 0.151970 0.482026 2.000000
0.270668 0.186452 0.734100 2.000000
0.093902 0.047046 -0.336055 3.000000
0.014385 0.070587 -0.144964 3.000000
0.148490 0.066571 -0.559923 1.000000
-0.201287 0.044614 0.118994 3.000000
-0.230582 -0.071623 0.224919 3.000000
0.167014 -0.033333 -0.527429 0.000000
-0.532013 -0.129270 0.282818 3.000000
-0.072437 -0.032400 0.061072 3.000000
0.114010 -0.004746 0.196449 2.000000
0.105464 0.115214 0.347370 2.000000
0.213434 0.093185 0.536719 2.000000
-0.360645 -0.048108 0.221935 3.000000
-0.058222 0.063870 -0.039450 3.000000
0.155522 0.021146 0.292991 2.000000
-0.621951 -0.277386 0.386657 3.000000
0.260037 -0.051178 -0.517404 0.000000
-0.403324 -0.116533 0.303479 3.000000
0.280629 -0.125691 -0.421553 0.000000
0.180778 0.129424 -0.922220 1.000000
0.119404 0.065480 0.021268 2.000000
-0.536366 -0.205044 0.377072 3.000000
0.116409 0.074304 0.156736 2.000000
0.197593 0.057067 -0.627156 0.000000
0.054471 -0.004246 -0.169737 3.000000
0.193957 0.083315 0.456941 2.000000
0.165976 0.065856 -0.744013 1.000000
0.138340 0.063652 -0.900467 1.000000
0.369065 -0.138524 -0.449092 0.000000
0.124749 0.023007 -0.140958 2.000000
-0.237030 -0.025748 0.148705 3.000000
-0.154312 -0.006727 0.071465 3.000000
0.154334 -0.008874 -0.600254 0.000000
-0.041016 -0.008559 -0.006802 3.000000
0.149104 0.120793 0.412663 2.000000
0.061189 0.044147 -0.271620 3.000000
0.170029 0.156711 0.566045 2.000000
0.150372 0.055412 0.214498 2.000000
0.256307 0.152764 0.676555 2.000000
-0.298313 -0.075637 0.226336 3.000000
0.115284 0.053058 -0.503565 1.000000
0.158799 0.080905 0.327807 2.000000
0.044813 0.058595 -0.205498 3.000000
-0.019807 0.021292 -0.115986 3.000000
0.279470 0.217200 0.791387 2.000000
-0.654050 -0.253820 0.336055 3.000000
0.139903 0.044807 -0.381124 1.000000
0.088329 0.032706 -0.029719 2.000000
0.133018 0.038506 -0.286089 2.000000
-0.470152 -0.127934 0.297177 3.000000
-0.107386 -0.002218 0.019290 3.000000
0.143661 0.035764 0.113708 2.000000
0.265274 -0.089549 -0.470171 0.000000
-0.399126 -0.079984 0.254845 3.000000
-0.115366 -0.051292 0.098143 3.000000
-0.547367 -0.178435 0.312956 3.000000
0.134594 0.047923 -0.614411 1.000000
-0.021295 0.070531 -0.084885 3.000000
0.217559 -0.018991 -0.555060 0.000000
0.152398 0.074864 0.270860 2.000000
-0.052689 0.011725 -0.062878 3.000000
-0.345608 0.001577 0.192600 3.000000
0.313869 -0.053981 -0.539830 0.000000
-0.195055 -0.023880 0.110521 3.000000
0.320253 -0.112814 -0.460703 0.000000
0.031009 -0.010495 -0.119074 3.000000
-0.416583 -0.034903 0.224899 3.000000
-0.165751 0.053633 0.071550 3.000000
0.098789 0.010944 0.146176 2.000000
-0.283800 -0.033381 0.184545 3.000000
0.117387 0.069036 0.079286 2.000000
0.204041 -0.052154 -0.492243 0.000000
-0.182030 -0.060142 0.194704 3.000000
-0.242623 0.027460 0.157747 3.000000
0.076209 0.064309 0.191654 2.000000
0.146414 0.029909 0.167239 2.000000
0.118221 0.016756 0.046341 2.000000
0.075581 0.055340 0.128221 2.000000
0.228957 0.111834 0.583580 2.000000
0.192945 0.123652 0.498825 2.000000
0.092835 0.034498 -0.084276 2.000000
0.137331 0.004218 0.246565 2.000000
-0.495166 -0.094798 0.262206 3.000000
0.129909 0.065712 -0.787510 1.000000
0.227674 0.186208 0.704968 2.000000
0.111863 0.095566 0.295285 2.000000
0.329617 -0.145351 -0.416520 0.000000
-0.664883 -0.309602 0.359530 3.000000
-0.355506 -0.135499 0.303855 3.000000
0.204972 0.015832 -0.591961 0.000000
-0.596022 -0.251960 0.350432 3.000000
0.095775 0.078080 -0.288328 3.000000
-0.089386 0.042428 -0.005742 3.000000
0.285588 -0.011089 -0.555038 0.000000
0.097228 0.012155 -0.257140 3.000000
0.171113 0.061207 -0.694167 1.000000
-0.503285 -0.169769 0.341773 3.000000
0.160639 0.082868 -0.939914 1.000000
0.109920 0.059240 -0.172254 2.000000
-0.350711 -0.094040 0.264342 3.000000
0.238949 -0.102929 -0.410670 0.000000
0.142022 0.053972 -0.333006 2.000000
0.063050 0.015141 -0.214731 3.000000
0.224205 0.096614 0.576934 2.000000
0.131033 0.083463 -0.986325 1.000000
-0.719005 -0.360780 0.382259 3.000000
0.043091 0.076881 -0.196166 3.000000
-0.247344 -0.094842 0.247235 3.000000
0.362471 -0.120615 -0.487416 0.000000
0.122090 -0.004646 0.222324 2.000000
0.320577 0.245897 0.874698 2.000000
0.144792 0.080124 -0.630798 1.000000
-0.549179 -0.123616 0.283248 3.000000
-0.126689 0.062864 0.035739 3.000000
0.115584 0.131999 0.387938 2.000000
0.135897 0.035984 -0.379781 1.000000
-0.410792 -0.026341 0.218354 3.000000
0.231376 0.194419 0.729288 2.000000
0.000528 -0.015251 -0.052749 3.000000
-0.385004 -0.147921 0.334589 3.000000
-0.590719 -0.251055 0.387125 3.000000
0.279376 0.001580 -0.561873 0.000000
0.149506 0.089530 -0.791890 1.000000
-0.238074 0.037876 0.156124 3.000000
0.224215 -0.092734 -0.412747 0.000000
0.072962 0.042087 0.084499 2.000000
-0.128625 -0.063823 0.125488 3.000000
0.160170 -0.037299 -0.518450 0.000000
0.154895 0.014769 0.348305 2.000000
0.340592 -0.147832 -0.362511 0.000000
0.183674 0.052914 0.464388 2.000000
-0.491516 -0.180126 0.376809 3.000000
0.083768 0.090287 0.278182 2.000000
0.101218 0.007161 -0.267027 3.000000
0.152901 0.153735 0.507299 2.000000
-0.053093 -0.021648 0.047202 3.000000
-0.053280 0.074846 -0.049783 3.000000
0.047819 -0.009898 -0.142899 3.000000
0.190510 0.164210 0.639793 2.000000
-0.675847 -0.281143 0.344645 3.000000
-0.328348 0.014316 0.185340 3.000000
0.185134 0.132793 -0.921882 1.000000
0.139083 0.044418 -0.185900 2.000000
-0.609947 -0.194624 0.310757 3.000000
0.070841 0.063364 0.176800 2.000000
0.152038 -0.010974 -0.605498 0.000000
-0.476895 -0.072453 0.255478 3.000000
0.288202 0.201129 0.796942 2.000000
-0.180455 -0.064980 0.195390 3.000000
-0.321041 -0.136834 0.277810 3.000000
0.000899 0.075964 -0.116210 3.000000
0.108614 0.084676 -0.301867 3.000000
0.219129 0.045835 -0.611257 0.000000
0.325197 -0.067237 -0.536812 0.000000
-0.184278 0.055133 0.093069 3.000000
0.257745 0.147501 0.674190 2.000000
0.379819 -0.153340 -0.422566 0.000000
0.274756 -0.126984 -0.380488 0.000000
0.170250 0.158887 0.575856 2.000000
0.094097 0.007867 0.147204 2.000000
0.191955 -0.062240 -0.461290 0.000000
0.073055 0.000636 -0.202683 3.000000
0.138712 0.004607 0.285504 2.000000
0.139290 0.023678 -0.659816 1.000000
0.129527 0.063050 -0.738583 1.000000
0.075352 0.082677 -0.249910 3.000000
0.200315 0.074096 0.519058 2.000000
-0.545695 -0.210292 0.388170 3.000000
0.094616 0.108591 0.336383 2.000000
0.167037 0.032376 0.404759 2.000000
0.127213 0.013879 -0.324362 2.000000
0.141609 0.147809 0.449855 2.000000
-0.673300 -0.323253 0.385520 3.000000
-0.438215 -0.161051 0.361698 3.000000
-0.016486 0.020655 -0.122413 3.000000
-0.644921 -0.234768 0.331010 3.000000
-0.019783 -0.011263 0.000271 3.000000
0.236109 0.120002 0.626071 2.000000
-0.091683 -0.051557 0.087360 3.000000
-0.085657 0.068920 0.002009 3.000000
-0.632828 -0.282026 0.389571 3.000000
0.075321 0.076531 0.226856 2.000000
0.276486 0.178790 0.751766 2.000000
0.136721 0.076319 -0.343391 1.000000
0.173923 0.102904 -0.967394 1.000000
0.023590 -0.011558 -0.099554 3.000000
0.294345 0.234947 0.834313 2.000000
-0.280112 0.029662 0.176928 3.000000
-0.583203 -0.162858 0.289059 3.000000
0.215399 0.176508 0.689446 2.000000
-0.372704 -0.007765 0.199381 3.000000
0.152621 0.045398 -0.601381 1.000000
-0.215042 -0.067186 0.225897 3.000000
0.069095 0.052677 0.132778 2.000000
0.187768 0.070156 -0.640890 0.000000
0.251610 0.031194 -0.581469 0.000000
-0.284387 -0.117998 0.261115 3.000000
0.151225 -0.025762 -0.559979 0.000000
-0.512801 -0.095930 0.265150 3.000000
0.021796 0.079449 -0.158772 3.000000
-0.442483 -0.049242 0.244512 3.000000
-0.150988 -0.064775 0.161889 3.000000
-0.209920 0.050225 0.127194 3.000000
0.371529 -0.171381 -0.378228 0.000000
0.256283 0.207977 0.772123 2.000000
-0.353800 -0.144028 0.308600 3.000000
0.307799 -0.034205 -0.552474 0.000000
-0.695432 -0.315789 0.350580 3.000000
-0.158117 0.059316 0.059872 3.000000
-0.028102 0.074425 -0.080135 3.000000
0.343618 -0.098645 -0.513297 0.000000
0.104538 0.002043 0.183761 2.000000
0.090435 0.020913 0.110609 2.000000
0.165325 0.069681 -0.983775 1.000000
0.161406 0.048832 -0.750330 1.000000
0.265321 0.158871 0.707696 2.000000
0.173973 -0.045403 -0.486976 0.000000
0.089946 0.003675 -0.234537 3.000000
0.129518 0.141164 0.417927 2.000000
0.168639 0.105471 -0.934453 1.000000
0.160115 0.157628 0.544072 2.000000
0.127618 0.002266 0.254056 2.000000
0.303797 -0.135537 -0.367554 0.000000
0.249310 -0.111870 -0.394396 0.000000
0.375984 -0.139148 -0.451633 0.000000
0.109963 0.052971 -0.309114 2.000000
0.151325 0.085883 -0.745684 1.000000
0.179167 0.160649 0.606413 2.000000
0.211304 0.085699 0.549974 2.000000
-0.517371 -0.197866 0.381393 3.000000
0.148019 0.006793 0.315573 2.000000
