0.073543 0.066425 -0.934899 1.000000
0.336976 0.131372 0.909290 2.000000
-0.614923 -0.119083 0.141925 3.000000
0.078624 0.002043 -0.166007 2.000000
0.148032 -0.068672 0.405713 2.000000
0.224143 -0.113001 -0.549433 0.000000
-0.262649 0.048457 0.038466 3.000000
0.057101 0.033118 0.131319 2.000000
0.242052 0.025104 0.660527 2.000000
0.064826 0.052043 -0.671662 1.000000
0.055973 0.036861 -0.417824 1.000000
-0.413761 -0.042312 0.155740 3.000000
-0.104044 0.050389 -0.089877 3.000000
0.081452 -0.065836 0.258626 2.000000
0.144526 0.010590 0.539867 2.000000
0.055638 -0.017175 -0.014677 2.000000
0.263337 0.069004 0.794637 2.000000
0.104422 -0.040104 -0.580379 0.000000
0.012613 0.019714 -0.282136 3.000000
0.089408 0.058398 -0.802579 1.000000
-0.166563 -0.022293 0.009122 3.000000
-0.528837 -0.041830 0.118350 3.000000
-0.310868 -0.038900 0.098838 3.000000
-0.045749 0.017716 -0.183336 3.000000
0.081467 0.007317 0.346878 2.000000
0.071126 0.048847 -0.525114 1.000000
-0.381046 0.035143 0.079769 3.000000
0.084861 0.021034 0.219601 2.000000
0.050013 -0.050033 0.173019 2.000000
0.141975 -0.089386 -0.514058 0.000000
0.112838 0.003957 0.447043 2.000000
-0.175517 0.060927 -0.022360 3.000000
0.182883 -0.049822 0.485698 2.000000
0.214466 -0.032198 0.573734 2.000000
0.146066 0.007059 -0.641223 0.000000
0.057450 -0.030495 0.073898 2.000000
0.189126 -0.055907 -0.602353 0.000000
0.073320 0.011413 -0.339143 1.000000
-0.457792 0.001081 0.099510 3.000000
0.169276 0.030625 0.620898 2.000000
0.054952 0.023772 -0.090917 2.000000
-0.229601 -0.018888 0.068331 3.000000
0.119053 -0.065518 0.331352 2.000000
0.318338 0.097549 0.843599 2.000000
-0.114319 -0.010781 -0.045715 3.000000
0.067618 0.027313 -0.599840 1.000000
0.222683 0.048021 0.730095 2.000000
0.073007 0.019123 -0.241030 2.000000
0.112504 -0.005102 0.281034 2.000000
0.081459 0.029674 -0.737125 1.000000
0.096199 0.042906 -0.875545 1.000000
0.199271 -0.130734 -0.489296 0.000000
-0.003112 0.050182 -0.224075 3.000000
-0.546523 -0.092830 0.157867 3.000000
-0.068063 0.003398 -0.122466 3.000000
0.139607 -0.010702 0.375322 2.000000
0.066615 0.024038 0.038143 2.000000
0.081038 -0.010269 -0.650916 0.000000
0.092017 -0.021002 0.134585 2.000000
-0.323829 0.046673 0.054479 3.000000
-0.372968 -0.015902 0.113835 3.000000
-0.213486 0.015746 0.003366 3.000000
-0.473041 -0.051819 0.150551 3.000000
0.069378 0.016737 -0.472230 1.000000
0.282006 0.048483 0.742071 2.000000
-0.004592 -0.006647 -0.214231 3.000000
0.097459 -0.030627 0.204352 2.000000
-0.284316 -0.004580 0.064704 3.000000
0.161344 -0.022284 0.443518 2.000000
-0.057434 0.052411 -0.140462 3.000000
-0.145118 0.031334 -0.056375 3.000000
0.216791 0.009755 0.610036 2.000000
0.037144 -0.030180 0.122739 2.000000
0.085317 0.011374 0.089210 2.000000
0.188543 -0.012455 0.522991 2.000000
0.161984 -0.077585 -0.561062 0.000000
0.148127 0.003785 0.486556 2.000000
0.090756 0.002640 0.401449 2.000000
0.069112 0.023085 -0.041864 2.000000
0.071302 0.020792 0.271329 2.000000
0.147545 -0.031758 -0.609916 0.000000
0.063317 0.039096 0.180082 2.000000
0.177295 0.011925 0.575564 2.000000
0.128731 -0.018246 0.327504 2.000000
0.046459 0.042152 -0.308340 3.000000
0.203282 0.040989 0.683768 2.000000
0.265642 0.023338 0.705054 2.000000
-0.338825 0.000477 0.085296 3.000000
-0.582593 -0.077588 0.131995 3.000000
0.049864 0.009340 -0.201285 2.000000
0.067142 0.006047 -0.284596 2.000000
-0.412055 0.001745 0.096232 3.000000
0.056242 -0.004662 -0.126651 2.000000
0.118416 -0.062854 -0.542644 0.000000
0.070418 -0.021360 0.028002 2.000000
0.043536 0.025497 0.079885 2.000000
0.048779 0.027798 -0.373174 1.000000
-0.085987 -0.001955 -0.079460 3.000000
0.069130 0.046966 -0.840691 1.000000
-0.175240 0.013956 -0.028992 3.000000
0.111472 -0.054042 0.290107 2.000000
0.098729 0.037506 -0.694395 1.000000
0.064720 -0.062547 0.218804 2.000000
0.087109 0.031012 -0.641513 1.000000
0.081078 0.021827 -0.559621 1.000000
0.065260 -0.011097 -0.066617 2.000000
-0.201399 0.060009 0.010630 3.000000
-0.511089 -0.069046 0.144694 3.000000
0.050012 0.022691 -0.003727 2.000000
0.071968 0.059495 -0.764313 1.000000
0.088624 0.014672 0.158300 2.000000
-0.483841 -0.027468 0.114090 3.000000
0.186759 -0.105545 -0.533565 0.000000
0.163881 -0.063455 0.445344 2.000000
-0.439850 -0.028414 0.126922 3.000000
0.205172 -0.085627 -0.578639 0.000000
0.137691 -0.051686 0.365433 2.000000
0.107559 -0.033358 0.251862 2.000000
-0.252877 0.009197 0.032654 3.000000
0.035912 -0.004485 0.050903 2.000000
0.302102 0.078802 0.801840 2.000000
0.084932 -0.026244 -0.612171 0.000000
0.205556 0.031785 0.645360 2.000000
0.098669 0.079582 -0.907997 1.000000
-0.349533 -0.043732 0.127878 3.000000
-0.146166 -0.015469 -0.023040 3.000000
0.013120 -0.003213 -0.248352 3.000000
0.123703 0.025916 -0.666259 0.000000
0.222955 0.048502 0.736802 2.000000
0.071605 0.061932 -0.941673 1.000000
-0.642669 -0.133900 0.156782 3.000000
-0.017460 0.054302 -0.200857 3.000000
0.078936 -0.069599 0.270409 2.000000
0.231719 -0.121011 -0.542516 0.000000
-0.269573 -0.035452 0.087731 3.000000
0.188214 -0.057835 0.501419 2.000000
0.108162 0.047583 -0.685476 0.000000
0.347433 0.142178 0.926863 2.000000
0.037815 0.016848 0.046934 2.000000
-0.482044 -0.002578 0.102448 3.000000
-0.152974 0.068768 -0.042821 3.000000
0.062132 0.002163 -0.348468 1.000000
0.098390 -0.042719 -0.562768 0.000000
0.086199 0.001909 0.405263 2.000000
0.061819 0.041800 0.183774 2.000000
0.160133 0.026913 0.613989 2.000000
0.070478 0.040131 -0.811349 1.000000
-0.062241 -0.011052 -0.097652 3.000000
-0.366447 0.044527 0.069077 3.000000
0.310118 0.080178 0.822621 2.000000
-0.379335 -0.045018 0.149213 3.000000
-0.533697 -0.084542 0.169706 3.000000
-0.176101 -0.022329 0.024116 3.000000
-0.252200 0.062231 0.039196 3.000000
0.192418 -0.047424 -0.615658 0.000000
0.119341 0.016316 0.509215 2.000000
0.244739 -0.005073 0.653341 2.000000
0.126638 -0.075884 0.362618 2.000000
0.037405 -0.032139 0.128540 2.000000
0.150289 -0.098153 -0.500308 0.000000
0.065350 0.022906 0.275342 2.000000
0.021834 -0.006712 -0.257516 3.000000
0.216141 -0.030334 0.577461 2.000000
0.077407 -0.018425 -0.640730 0.000000
-0.119374 -0.019979 -0.035271 3.000000
-0.455548 -0.054201 0.168653 3.000000
-0.061398 0.058287 -0.134785 3.000000
-0.027726 -0.014362 -0.168390 3.000000
0.050856 -0.057140 0.200276 2.000000
0.157679 -0.069365 0.434293 2.000000
0.150280 0.006341 -0.639924 0.000000
0.041508 0.050304 -0.297715 3.000000
0.096391 0.039218 -0.878052 1.000000
-0.595251 -0.081711 0.135142 3.000000
0.191889 0.039260 0.674254 2.000000
0.285463 0.048697 0.764422 2.000000
-0.539428 -0.039793 0.120682 3.000000
0.045219 0.032853 0.119309 2.000000
0.072059 0.008617 0.341045 2.000000
0.313784 0.114645 0.878207 2.000000
-0.103059 0.056786 -0.082590 3.000000
-0.195110 0.065356 0.006315 3.000000
-0.424160 0.021117 0.087693 3.000000
0.205517 -0.125000 -0.481426 0.000000
-0.327944 -0.048734 0.115011 3.000000
0.268140 0.019240 0.709071 2.000000
-0.311407 0.056070 0.048728 3.000000
0.093559 0.033844 -0.757020 1.000000
0.112464 0.093376 -0.894776 1.000000
-0.215926 -0.017875 0.065690 3.000000
0.138505 0.010091 0.563926 2.000000
0.012930 0.052583 -0.249007 3.000000
0.075087 0.007487 -0.264366 2.000000
0.213213 -0.091013 -0.584511 0.000000
0.102662 0.007538 0.455304 2.000000
0.069951 0.014042 -0.699873 0.000000
0.262444 0.074739 0.803401 2.000000
0.101301 -0.077039 0.319428 2.000000
-0.004501 -0.012610 -0.212592 3.000000
0.037741 -0.006333 -0.302776 3.000000
0.118527 -0.067516 -0.528906 0.000000
0.034908 -0.014350 0.086105 2.000000
0.064308 0.036716 0.229152 2.000000
-0.087292 -0.007244 -0.062264 3.000000
0.104222 0.005608 -0.665105 0.000000
0.066018 0.046475 -0.332693 1.000000
-0.604827 -0.115985 0.162095 3.000000
-0.496780 -0.064629 0.171977 3.000000
0.082093 -0.031986 -0.599058 0.000000
0.201517 -0.043764 0.541489 2.000000
0.097969 0.040420 -0.918948 1.000000
0.242862 0.056457 0.772615 2.000000
0.229056 -0.020225 0.614145 2.000000
-0.416147 -0.045953 0.164044 3.000000
-0.148466 -0.026013 -0.009034 3.000000
-0.034993 0.056078 -0.165645 3.000000
0.138697 -0.072228 0.399732 2.000000
-0.563444 -0.098175 0.149913 3.000000
-0.047058 -0.012218 -0.132122 3.000000
0.042651 -0.047222 0.164954 2.000000
0.096749 0.038022 -0.840560 1.000000
0.176066 -0.016034 -0.625907 0.000000
-0.001408 0.021614 -0.262358 3.000000
-0.027518 0.023202 -0.217388 3.000000
0.230071 -0.135994 -0.505308 0.000000
0.293494 0.094136 0.851027 2.000000
0.062042 -0.065189 0.232880 2.000000
0.174655 -0.060628 0.469077 2.000000
0.039695 0.023123 0.081481 2.000000
-0.511649 -0.020524 0.107194 3.000000
0.298358 0.065839 0.793370 2.000000
0.130141 0.029926 -0.665436 0.000000
0.176376 0.036691 0.644487 2.000000
-0.300375 -0.047924 0.096269 3.000000
-0.221511 0.062427 0.026387 3.000000
0.024467 0.023059 -0.310107 3.000000
-0.571169 -0.059734 0.129791 3.000000
0.087209 0.079306 -0.918455 1.000000
-0.394126 0.036957 0.085223 3.000000
0.207588 0.046381 0.707789 2.000000
-0.080875 0.062042 -0.108815 3.000000
0.341246 0.126942 0.899034 2.000000
0.054754 0.038926 0.152388 2.000000
0.071463 0.047005 -0.896974 1.000000
-0.127268 0.062331 -0.062171 3.000000
0.068634 0.037621 -0.776506 1.000000
0.070102 0.015202 0.305727 2.000000
0.070782 0.044970 -0.857302 1.000000
0.078876 0.003241 0.370970 2.000000
0.177189 -0.113273 -0.485557 0.000000
0.076196 -0.005616 -0.670113 0.000000
-0.175754 0.068748 -0.017092 3.000000
0.254633 0.009114 0.678522 2.000000
0.277542 0.032866 0.734577 2.000000
-0.242960 -0.024902 0.079623 3.000000
-0.351632 -0.048906 0.132922 3.000000
