0.052416 0.045078 -0.904006 1.000000
0.381960 -0.008173 0.890813 0.000000
-0.585001 0.026339 0.033895 3.000000
0.087325 -0.006058 0.249584 0.000000
-0.027035 0.043208 -0.323505 3.000000
0.223295 -0.115143 0.574438 0.000000
-0.250433 0.119028 -0.055550 3.000000
0.149330 -0.107579 -0.587126 2.000000
0.016218 -0.015939 -0.036381 0.000000
0.029521 0.059629 -0.677932 1.000000
0.116856 -0.121751 0.406696 0.000000
0.272664 -0.057963 0.744831 0.000000
-0.113746 0.040944 -0.158737 3.000000
-0.403637 0.064327 0.045105 3.000000
0.035809 0.031780 -0.496269 1.000000
0.002226 -0.034733 0.120115 0.000000
0.033249 0.002618 -0.190953 0.000000
0.132208 -0.054858 0.507118 0.000000
0.050680 -0.031926 -0.605871 2.000000
0.034681 0.065359 -0.790878 1.000000
0.103780 -0.017852 0.369156 0.000000
0.053527 -0.094875 0.295412 0.000000
-0.186531 0.043320 -0.084775 3.000000
-0.500027 0.078554 0.010774 3.000000
-0.353077 0.122129 -0.021885 3.000000
0.210101 -0.066518 0.667303 0.000000
0.033717 0.022149 -0.396651 1.000000
0.044196 0.017043 0.049808 0.000000
-0.061497 0.066703 -0.234185 3.000000
0.031592 -0.063580 0.203356 0.000000
-0.284096 0.043166 -0.014977 3.000000
0.343560 -0.038451 0.813490 0.000000
0.057489 0.019504 0.165829 0.000000
0.022509 0.050962 -0.581368 1.000000
0.095228 0.005546 -0.671422 2.000000
0.014291 0.027224 -0.111537 0.000000
0.034207 0.014836 -0.275814 0.000000
-0.152226 0.102712 -0.127781 3.000000
0.174325 -0.119402 0.492382 0.000000
0.163027 -0.069835 0.589342 0.000000
0.123309 -0.053901 -0.636976 2.000000
-0.431858 0.107626 -0.006517 3.000000
0.115089 -0.036186 0.438535 0.000000
0.088987 -0.082765 -0.561415 2.000000
-0.342321 0.065021 0.013942 3.000000
0.281235 -0.089506 0.685616 0.000000
0.098489 -0.046578 0.306278 0.000000
-0.010583 0.000998 0.019877 0.000000
0.059540 -0.009011 0.107250 0.000000
0.047823 0.036456 -0.733825 1.000000
0.085622 -0.105890 0.348206 0.000000
-0.194408 0.109825 -0.081938 3.000000
0.034374 -0.007592 -0.665700 2.000000
0.031343 0.030152 -0.337051 1.000000
0.244570 -0.094189 0.625882 0.000000
0.031920 0.064896 -0.852011 1.000000
0.190215 -0.082728 0.539925 0.000000
0.147996 -0.091951 0.444726 0.000000
0.068420 -0.063347 0.249748 0.000000
-0.220557 0.049015 -0.038856 3.000000
-0.302239 0.098706 -0.033922 3.000000
-0.041568 0.021014 -0.273107 3.000000
0.120250 -0.071502 0.380848 0.000000
0.051167 -0.042207 0.154964 0.000000
0.010022 0.036767 -0.445546 1.000000
-0.459799 0.061611 0.046781 3.000000
0.023888 -0.032270 0.065470 0.000000
0.041852 0.037863 -0.630137 1.000000
0.074426 -0.027474 0.200647 0.000000
0.037715 -0.020611 0.013185 0.000000
0.319767 -0.054537 0.766712 0.000000
-0.082719 0.025057 -0.196945 3.000000
-0.547435 0.058146 0.018765 3.000000
-0.143251 0.030661 -0.118911 3.000000
-0.091976 0.075020 -0.195717 3.000000
0.029644 0.023411 -0.008563 0.000000
0.019203 0.032242 -0.232131 0.000000
0.034048 -0.008341 -0.081678 0.000000
0.242355 -0.063358 0.702607 0.000000
-0.261897 0.072285 -0.045534 3.000000
0.000125 0.011510 -0.154207 0.000000
0.081585 -0.031332 -0.641668 2.000000
-0.004530 0.037708 -0.366871 3.000000
0.125789 -0.115307 -0.546974 2.000000
0.096732 -0.000430 0.298091 0.000000
-0.508478 0.049216 0.045833 3.000000
0.034653 0.028053 0.094303 0.000000
0.012904 0.026457 -0.055089 0.000000
0.089592 -0.060144 -0.605896 2.000000
0.202979 -0.074416 0.621989 0.000000
0.007462 -0.041475 0.171303 0.000000
0.066693 0.087216 -0.893820 1.000000
0.022535 0.029724 -0.541154 1.000000
-0.390025 0.093206 -0.000155 3.000000
-0.175845 0.066194 -0.120459 3.000000
-0.228498 0.073666 -0.074063 3.000000
0.145016 -0.063525 0.547874 0.000000
0.071484 0.029620 -0.698472 2.000000
0.198342 -0.123707 0.529550 0.000000
0.168595 -0.076058 0.499102 0.000000
-0.127694 0.081449 -0.159443 3.000000
0.037110 0.003440 -0.137644 0.000000
0.201738 -0.076761 0.579861 0.000000
-0.041818 0.060867 -0.269256 3.000000
-0.434852 0.075682 0.019917 3.000000
0.010960 0.031119 -0.303633 0.000000
0.138432 -0.083800 -0.616847 2.000000
-0.063791 0.020951 -0.230748 3.000000
0.085261 -0.081602 0.316812 0.000000
-0.006713 0.009837 -0.018497 0.000000
0.032735 -0.076782 0.243933 0.000000
0.247590 -0.073564 0.657895 0.000000
0.305363 -0.072396 0.731369 0.000000
-0.009132 -0.014300 0.059271 0.000000
0.364090 -0.020310 0.859908 0.000000
0.039274 -0.039331 0.116324 0.000000
0.303212 -0.050952 0.799834 0.000000
0.038055 0.014518 -0.703211 2.000000
0.108862 -0.047722 0.348035 0.000000
0.104941 -0.022507 0.405858 0.000000
0.135197 -0.073545 0.415564 0.000000
0.090090 -0.035816 0.272125 0.000000
-0.463405 0.091002 0.002148 3.000000
0.101919 -0.015843 0.330839 0.000000
-0.316456 0.073750 -0.010317 3.000000
0.046459 0.023625 0.131288 0.000000
0.025770 0.058261 -0.714011 1.000000
0.054336 0.056629 -0.824843 1.000000
0.007554 0.025566 -0.007885 0.000000
0.401427 0.001718 0.915890 0.000000
0.061273 0.068069 -0.931387 1.000000
-0.600132 0.022845 0.036213 3.000000
0.158981 -0.130216 0.470972 0.000000
0.142691 -0.125448 -0.544618 2.000000
-0.302291 0.130318 -0.047985 3.000000
-0.001418 0.060826 -0.327228 3.000000
0.017642 -0.057044 0.251027 0.000000
0.238833 -0.062398 0.713913 0.000000
0.021557 0.054813 -0.677481 1.000000
-0.123149 0.096366 -0.148718 3.000000
-0.425969 0.063560 0.053397 3.000000
0.099222 -0.008202 0.377424 0.000000
0.041813 0.028576 0.137524 0.000000
0.125638 -0.038407 -0.655389 2.000000
0.161391 -0.068360 0.595044 0.000000
0.342487 -0.045240 0.804021 0.000000
-0.201386 0.041922 -0.050572 3.000000
0.050077 0.041179 -0.804709 1.000000
-0.065225 0.017016 -0.223980 3.000000
0.075439 -0.113418 0.344317 0.000000
0.095078 0.013804 0.271440 0.000000
-0.323949 0.044058 0.010776 3.000000
0.062129 -0.054875 -0.575271 2.000000
0.114101 -0.037567 0.474025 0.000000
0.251260 -0.112245 0.626833 0.000000
-0.521182 0.081061 0.013262 3.000000
-0.393261 0.119489 -0.018454 3.000000
-0.012679 -0.013943 0.072564 0.000000
0.001554 -0.044354 0.162602 0.000000
0.208680 -0.124047 0.547972 0.000000
0.013029 0.023564 -0.401147 1.000000
-0.185833 0.113451 -0.089915 3.000000
-0.147307 0.027734 -0.113010 3.000000
0.031829 -0.015220 -0.644077 2.000000
0.311956 -0.075638 0.740495 0.000000
0.089692 0.021865 -0.685634 2.000000
0.117609 -0.125302 0.409701 0.000000
-0.040756 0.072111 -0.261865 3.000000
0.068523 0.023785 0.203162 0.000000
0.146341 -0.093210 -0.615650 2.000000
0.198582 -0.069887 0.657609 0.000000
-0.077231 0.082871 -0.204469 3.000000
-0.098659 0.029725 -0.161538 3.000000
0.356810 -0.022529 0.870175 0.000000
-0.458179 0.102828 -0.007846 3.000000
-0.262092 0.043484 -0.016433 3.000000
0.134774 -0.057937 0.534708 0.000000
-0.031132 0.013224 -0.291113 3.000000
0.025352 0.058635 -0.742523 1.000000
-0.240423 0.123552 -0.057612 3.000000
0.049163 -0.096159 0.291730 0.000000
0.278837 -0.093625 0.680141 0.000000
0.030283 0.060365 -0.857163 1.000000
0.031642 0.012780 -0.334177 0.000000
-0.483893 0.053973 0.052442 3.000000
0.024859 0.029639 0.075903 0.000000
0.094663 -0.090260 -0.546504 2.000000
0.025035 -0.011496 0.031412 0.000000
-0.544005 0.042259 0.045477 3.000000
0.033119 0.013316 -0.710953 2.000000
0.022240 -0.025790 0.112731 0.000000
-0.373534 0.058976 0.041146 3.000000
0.099144 0.004920 0.324336 0.000000
0.288872 -0.059981 0.785237 0.000000
0.058093 0.088523 -0.886751 1.000000
0.104997 -0.023135 0.429015 0.000000
0.064467 0.046259 -0.715710 2.000000
0.022373 0.051804 -0.364464 3.000000
0.230954 -0.119183 0.588221 0.000000
-0.341631 0.127628 -0.029660 3.000000
-0.001515 0.008235 -0.363562 3.000000
-0.156087 0.108501 -0.124373 3.000000
0.185983 -0.127602 0.512026 0.000000
0.008840 -0.052692 0.203695 0.000000
0.046550 -0.029191 -0.607161 2.000000
0.263257 -0.062240 0.752334 0.000000
0.014983 0.028614 0.035208 0.000000
-0.176600 0.031436 -0.084370 3.000000
0.155699 -0.113828 -0.579879 2.000000
-0.012768 -0.002128 0.035288 0.000000
-0.020812 0.065850 -0.294245 3.000000
0.325682 -0.059923 0.772849 0.000000
-0.009890 0.011605 -0.326527 3.000000
0.330969 -0.037828 0.839502 0.000000
0.025116 -0.017973 0.071350 0.000000
-0.572404 0.043265 0.020251 3.000000
0.093355 -0.119944 0.376812 0.000000
0.113488 -0.004667 -0.664715 2.000000
0.026302 0.046622 -0.777667 1.000000
0.007744 -0.006703 -0.023559 0.000000
-0.099507 0.089607 -0.174083 3.000000
0.087442 0.019562 0.237532 0.000000
-0.048651 0.014776 -0.254856 3.000000
0.054960 0.026194 0.169907 0.000000
0.181519 -0.077572 0.628273 0.000000
-0.297264 0.044076 -0.011277 3.000000
0.133747 -0.068483 -0.635900 2.000000
0.218662 -0.063026 0.684553 0.000000
-0.230519 0.047697 -0.029003 3.000000
-0.084038 0.024529 -0.192042 3.000000
-0.425049 0.111217 -0.008690 3.000000
0.137258 -0.129026 0.437309 0.000000
0.030426 -0.005083 -0.676576 2.000000
-0.118890 0.031017 -0.134226 3.000000
-0.488446 0.093114 0.002987 3.000000
0.308428 -0.052836 0.811365 0.000000
0.293307 -0.083477 0.708384 0.000000
0.147783 -0.065529 0.564341 0.000000
0.383175 -0.014069 0.888518 0.000000
0.123338 -0.047131 0.504370 0.000000
-0.055066 0.074950 -0.232168 3.000000
0.028987 0.061871 -0.824329 1.000000
0.037526 -0.085101 0.263085 0.000000
0.050906 0.041782 -0.840469 1.000000
0.034164 0.029143 0.106376 0.000000
0.024381 0.057129 -0.709023 1.000000
0.043919 0.035076 -0.687360 1.000000
-0.006794 -0.024939 0.101192 0.000000
0.264457 -0.102056 0.653088 0.000000
-0.208578 0.116684 -0.069073 3.000000
-0.272222 0.124365 -0.052444 3.000000
0.037470 0.065698 -0.912134 1.000000
-0.513568 0.047829 0.048145 3.000000
0.121648 -0.104235 -0.538848 2.000000
-0.002537 -0.035012 0.134151 0.000000
-0.546996 0.066074 0.017628 3.000000
