0.373461 -0.394092 0.492085 1.000000
-0.093688 0.326350 -0.839088 2.000000
-0.480183 -0.056171 -0.064707 4.000000
0.080481 -0.005170 0.137096 1.000000
-0.087172 0.193506 -0.325662 2.000000
-0.130723 -0.000858 0.410600 0.000000
0.144596 -0.226210 0.350279 1.000000
0.007558 0.151595 -0.596047 3.000000
-0.289905 0.149269 -0.131940 4.000000
-0.005352 0.097812 -0.091753 1.000000
0.587998 -0.479851 0.599663 1.000000
-0.098117 0.054756 0.214143 0.000000
-0.111250 0.283413 -0.660236 2.000000
-0.089289 0.243007 -0.488103 2.000000
-0.077644 0.066797 0.051919 0.000000
0.067577 -0.138599 0.230691 1.000000
0.271270 -0.278543 0.439283 1.000000
-0.362805 0.041356 -0.056652 4.000000
-0.180113 0.147301 -0.225379 4.000000
-0.045103 0.164463 -0.201720 1.000000
0.472614 -0.429145 0.565833 1.000000
0.045576 0.052293 0.025068 1.000000
0.167803 -0.121697 0.298277 1.000000
-0.006328 -0.027336 0.075499 1.000000
-0.109617 0.015860 0.309943 0.000000
0.132359 -0.061279 0.214329 1.000000
0.236540 -0.204869 0.376309 1.000000
-0.074138 0.201952 -0.612140 3.000000
-0.099241 0.279747 -0.755909 2.000000
0.027868 -0.079305 0.166315 1.000000
-0.074337 0.108763 -0.032065 0.000000
-0.448567 0.027234 -0.084930 4.000000
0.304724 -0.361428 0.439928 1.000000
-0.022877 0.038923 -0.028763 1.000000
-0.072319 0.210179 -0.410894 2.000000
-0.073314 0.135958 -0.127430 0.000000
-0.295038 0.070244 -0.103359 4.000000
-0.065549 0.079902 0.141143 0.000000
-0.220053 0.115797 -0.159909 4.000000
0.105093 -0.173927 0.300594 1.000000
0.195853 -0.278230 0.384021 1.000000
-0.369612 0.106143 -0.101286 4.000000
-0.107388 0.257951 -0.561020 2.000000
-0.152043 0.200379 -0.271495 4.000000
-0.049414 0.156154 -0.277861 2.000000
0.429396 -0.433606 0.511256 1.000000
0.193993 -0.183724 0.325269 1.000000
0.325924 -0.344278 0.503250 1.000000
0.530146 -0.464867 0.567368 1.000000
0.092361 -0.066631 0.161217 1.000000
0.131756 -0.135320 0.243847 1.000000
-0.023725 0.110628 -0.161846 1.000000
0.056786 0.020321 0.081732 1.000000
-0.012911 0.195948 -0.638194 3.000000
0.018890 0.087738 -0.026566 1.000000
-0.228777 0.171434 -0.187141 4.000000
0.000109 0.010039 0.020445 1.000000
0.242144 -0.325535 0.412406 1.000000
0.040245 -0.044622 0.113302 1.000000
-0.060291 0.251304 -0.665643 3.000000
0.408451 -0.387226 0.540590 1.000000
-0.041274 0.107131 0.030036 0.000000
0.314983 -0.300056 0.468569 1.000000
-0.404167 0.062540 -0.091205 4.000000
-0.060786 0.089897 -0.096567 0.000000
0.249040 -0.262926 0.390462 1.000000
-0.414477 -0.001799 -0.052853 4.000000
-0.091511 0.262486 -0.614410 2.000000
-0.261140 0.104443 -0.124936 4.000000
0.093767 -0.104896 0.199879 1.000000
-0.057666 0.096561 0.090467 0.000000
0.200446 -0.235103 0.353529 1.000000
-0.107868 0.208021 -0.371374 4.000000
0.147079 -0.089125 0.261747 1.000000
-0.073102 0.044617 0.104349 0.000000
-0.102151 0.033878 0.260844 0.000000
0.156599 -0.170437 0.287786 1.000000
-0.057408 0.065596 0.005952 0.000000
-0.319694 0.111755 -0.116168 4.000000
-0.136451 0.192316 -0.318337 4.000000
-0.073613 0.129119 -0.181456 0.000000
-0.042381 0.169332 -0.592512 3.000000
-0.087394 0.041655 0.167905 0.000000
-0.095631 0.270664 -0.707734 2.000000
-0.113624 0.007069 0.357850 0.000000
-0.081530 0.150470 -0.230219 2.000000
-0.051498 0.067649 -0.055355 1.000000
-0.096207 0.299545 -0.799801 2.000000
0.344769 -0.376903 0.459972 1.000000
-0.336400 0.071187 -0.083043 4.000000
-0.040889 0.118575 -0.061599 0.000000
-0.447229 -0.021099 -0.077911 4.000000
0.048668 -0.116021 0.197894 1.000000
-0.148868 0.157153 -0.263611 4.000000
0.020765 0.046303 -0.010792 1.000000
0.284252 -0.317687 0.424019 1.000000
-0.097778 0.228843 -0.447933 2.000000
0.035386 -0.013787 0.065689 1.000000
-0.092052 0.225973 -0.650645 3.000000
0.081124 -0.156855 0.269185 1.000000
-0.253172 0.156779 -0.151560 4.000000
0.500571 -0.450860 0.541189 1.000000
0.005662 0.050016 -0.057098 1.000000
-0.085213 0.237994 -0.532512 2.000000
0.101966 -0.031891 0.180496 1.000000
0.250002 -0.223402 0.410037 1.000000
-0.018600 0.123606 -0.123633 1.000000
-0.203023 0.136677 -0.193758 4.000000
-0.065889 0.195226 -0.373941 2.000000
-0.038001 0.111551 -0.015154 0.000000
-0.195797 0.182334 -0.214745 4.000000
-0.056532 0.178606 -0.243004 2.000000
0.122582 -0.099343 0.230553 1.000000
0.443827 -0.408699 0.548843 1.000000
-0.083008 0.181961 -0.288565 2.000000
-0.039303 0.223310 -0.646236 3.000000
-0.072029 0.126047 -0.089396 0.000000
-0.400310 0.033213 -0.060431 4.000000
-0.074020 0.100153 0.005417 0.000000
-0.043810 0.093738 -0.133931 1.000000
0.351336 -0.372891 0.514989 1.000000
0.142866 -0.194189 0.314056 1.000000
-0.056243 0.172099 -0.320380 2.000000
-0.078695 0.074080 0.188568 0.000000
0.169268 -0.249782 0.368041 1.000000
0.183666 -0.147639 0.319840 1.000000
0.329120 -0.343364 0.463617 1.000000
0.394881 -0.424415 0.493907 1.000000
0.470125 -0.453001 0.535472 1.000000
-0.113054 0.320055 -0.856595 2.000000
-0.505195 -0.061373 -0.066666 4.000000
0.109114 -0.030250 0.178795 1.000000
-0.056942 0.166014 -0.322107 2.000000
-0.134984 -0.009274 0.458925 0.000000
0.193894 -0.294446 0.395864 1.000000
-0.293859 0.152361 -0.129761 4.000000
0.007167 0.167896 -0.622725 3.000000
-0.033788 0.110099 -0.027225 0.000000
-0.090926 0.057259 0.240790 0.000000
0.098930 -0.169914 0.296517 1.000000
-0.100058 0.226172 -0.487765 2.000000
0.633620 -0.478591 0.607846 1.000000
0.323488 -0.348578 0.506261 1.000000
-0.114225 0.281654 -0.687514 2.000000
-0.018425 -0.023887 0.070011 1.000000
-0.369335 0.027998 -0.056811 4.000000
-0.179663 0.190895 -0.233968 4.000000
-0.034405 0.110562 -0.183381 1.000000
0.219630 -0.168964 0.348337 1.000000
-0.056642 0.095059 0.106459 0.000000
-0.114860 0.007222 0.344214 0.000000
0.040724 -0.119500 0.204993 1.000000
0.048615 0.056538 0.029911 1.000000
0.151195 -0.085587 0.256610 1.000000
-0.203776 0.110503 -0.173013 4.000000
-0.086794 0.209005 -0.619175 3.000000
0.382985 -0.424619 0.490466 1.000000
-0.091412 0.226355 -0.389831 2.000000
0.268076 -0.278387 0.456066 1.000000
-0.372467 0.110667 -0.101125 4.000000
0.541964 -0.465738 0.593612 1.000000
-0.457165 0.026596 -0.084049 4.000000
-0.292492 0.064568 -0.102687 4.000000
0.065765 0.017022 0.113238 1.000000
0.140273 -0.228738 0.351865 1.000000
0.009820 -0.059737 0.145623 1.000000
-0.132633 0.209558 -0.310581 4.000000
0.273999 -0.363292 0.435383 1.000000
-0.038040 0.028138 -0.002222 1.000000
-0.069015 0.111556 -0.106917 0.000000
-0.079839 0.151056 -0.244151 2.000000
-0.077064 0.034704 0.158351 0.000000
-0.115404 0.297317 -0.779931 2.000000
0.249318 -0.221239 0.405932 1.000000
0.002646 0.055585 -0.067235 1.000000
-0.235808 0.178116 -0.180519 4.000000
0.415717 -0.404891 0.552622 1.000000
-0.032480 0.237939 -0.657077 3.000000
-0.044841 0.164626 -0.575866 3.000000
0.177419 -0.128317 0.312788 1.000000
-0.039570 0.101016 0.039559 0.000000
-0.005917 0.119757 -0.086388 1.000000
-0.139523 0.154865 -0.274284 4.000000
0.326955 -0.396071 0.460826 1.000000
-0.105056 0.243333 -0.548768 2.000000
0.324558 -0.301416 0.465485 1.000000
0.022404 0.086757 -0.018505 1.000000
-0.241946 0.101171 -0.126451 4.000000
-0.066560 0.051521 0.062137 0.000000
-0.117819 0.043178 0.292743 0.000000
-0.134538 0.007643 0.401668 0.000000
0.007505 0.136997 -0.572508 3.000000
-0.417796 0.069264 -0.093197 4.000000
0.367220 -0.383207 0.527556 1.000000
-0.026040 0.141232 -0.135580 1.000000
0.063717 -0.147215 0.249491 1.000000
-0.166595 0.139636 -0.213127 4.000000
-0.040778 0.162430 -0.200102 1.000000
-0.049550 0.062325 -0.052134 1.000000
0.230613 -0.330185 0.413693 1.000000
-0.075756 0.212142 -0.441483 2.000000
-0.099392 0.230966 -0.666658 3.000000
-0.456409 -0.040266 -0.060935 4.000000
-0.110933 0.177513 -0.347089 4.000000
0.136819 -0.059063 0.214463 1.000000
0.494275 -0.453904 0.580974 1.000000
-0.066250 0.265882 -0.681630 3.000000
-0.064825 0.184629 -0.367791 2.000000
-0.074127 0.069134 0.193502 0.000000
0.425323 -0.436541 0.509847 1.000000
-0.326822 0.042871 -0.073447 4.000000
-0.073414 0.042023 0.111051 0.000000
-0.153305 0.216895 -0.263590 4.000000
0.163527 -0.262692 0.374735 1.000000
0.058543 0.036008 0.070771 1.000000
-0.429138 0.006689 -0.052490 4.000000
0.015039 0.034156 -0.027831 1.000000
0.587644 -0.472827 0.588308 1.000000
-0.334304 0.131588 -0.121649 4.000000
-0.060816 0.079025 0.149521 0.000000
-0.075315 0.133313 -0.191955 0.000000
-0.048418 0.151269 -0.277199 2.000000
-0.030553 0.002271 0.034208 1.000000
-0.039718 0.132028 -0.233656 1.000000
-0.068623 0.116338 -0.151088 0.000000
0.122846 -0.196766 0.326512 1.000000
0.086895 -0.006351 0.149036 1.000000
0.452015 -0.428996 0.567653 1.000000
-0.051118 0.070169 -0.008947 0.000000
-0.100745 0.291815 -0.825445 2.000000
-0.012791 0.200263 -0.644481 3.000000
0.000300 -0.041413 0.105007 1.000000
-0.481206 -0.008813 -0.077770 4.000000
-0.084328 0.029068 0.206055 0.000000
-0.094516 0.021009 0.264379 0.000000
-0.069477 0.117617 -0.049341 0.000000
-0.084961 0.339227 -0.831057 2.000000
0.025999 -0.091362 0.177028 1.000000
-0.022356 0.094610 -0.146485 1.000000
-0.110623 0.219186 -0.349882 4.000000
-0.083709 0.172619 -0.290890 2.000000
-0.095380 0.189075 -0.407743 2.000000
-0.123514 0.162424 -0.311331 4.000000
0.528183 -0.448768 0.559509 1.000000
0.296865 -0.320280 0.486662 1.000000
0.235485 -0.192745 0.374913 1.000000
-0.260652 0.163389 -0.146961 4.000000
-0.208639 0.187189 -0.205629 4.000000
0.013218 0.102412 -0.051374 1.000000
0.161191 -0.106941 0.286691 1.000000
-0.066317 0.188432 -0.596606 3.000000
-0.054869 0.057127 0.027758 0.000000
-0.042888 0.103875 -0.083029 0.000000
0.158116 -0.210067 0.326677 1.000000
0.356211 -0.407325 0.475995 1.000000
-0.103341 0.014074 0.305200 0.000000
