0.041155 -0.044011 0.067451 0.000000
-0.004810 0.354539 -0.869384 4.000000
0.441588 -0.716592 0.500812 0.000000
-0.489845 0.160780 -0.147986 1.000000
-0.136164 0.137721 0.543616 3.000000
-0.013531 0.231834 -0.366029 4.000000
0.127050 -0.388434 0.373832 0.000000
-0.083963 0.130392 0.262508 3.000000
-0.052010 0.156613 -0.101336 3.000000
-0.012877 0.287330 -0.618903 4.000000
-0.267674 0.248473 -0.185004 1.000000
0.128606 -0.178927 0.253869 0.000000
0.252663 -0.580848 0.435190 0.000000
-0.078610 0.099356 0.074273 3.000000
-0.138373 0.254906 -0.271484 1.000000
0.005300 0.244384 -0.767194 2.000000
-0.005668 0.147859 -0.241113 0.000000
0.039080 0.065560 -0.029246 0.000000
-0.112233 0.135119 0.404265 3.000000
0.019862 -0.120640 0.183026 0.000000
-0.015632 0.241957 -0.497867 4.000000
0.081644 -0.277494 0.322302 0.000000
0.212970 -0.459562 0.436403 0.000000
-0.374036 0.205234 -0.134199 1.000000
0.349372 -0.646717 0.473047 0.000000
-0.015726 0.248966 -0.880122 2.000000
-0.036084 0.128066 0.171861 3.000000
-0.026315 0.143268 -0.000128 3.000000
0.171670 -0.304388 0.347807 0.000000
-0.028957 0.317066 -0.713447 4.000000
0.006410 0.103084 -0.156179 0.000000
0.039331 -0.200384 0.239483 0.000000
0.084584 -0.057135 0.146349 0.000000
-0.191074 0.208500 -0.211096 1.000000
-0.011016 0.008959 0.024007 0.000000
-0.039221 0.207125 -0.290937 4.000000
-0.025009 0.076180 -0.080097 0.000000
-0.001348 0.322758 -0.793646 4.000000
-0.096906 0.237380 -0.339656 1.000000
-0.041284 0.181651 -0.179211 3.000000
0.097038 -0.128577 0.196578 0.000000
0.138413 -0.232650 0.304024 0.000000
-0.044983 0.244599 -0.430761 4.000000
0.059963 0.023992 0.026767 0.000000
0.191457 -0.386401 0.406620 0.000000
0.154670 -0.456102 0.394367 0.000000
-0.095407 0.136823 0.334629 3.000000
0.207963 -0.526915 0.414393 0.000000
0.008665 -0.076901 0.120825 0.000000
-0.020024 0.125157 0.102850 3.000000
-0.123722 0.131745 0.474931 3.000000
-0.299446 0.199948 -0.148381 1.000000
0.304407 -0.593756 0.476494 0.000000
-0.035462 0.278574 -0.556914 4.000000
0.243349 -0.523239 0.470387 0.000000
0.099957 -0.332551 0.353398 0.000000
0.033532 0.101204 -0.091103 0.000000
-0.438525 0.199496 -0.153517 1.000000
-0.338935 0.248302 -0.165244 1.000000
-0.089919 0.103209 0.191046 3.000000
-0.009369 0.138836 -0.060041 3.000000
0.089267 -0.230452 0.266461 0.000000
-0.018008 0.047415 -0.026653 0.000000
0.019325 0.153711 -0.185211 0.000000
0.392486 -0.681014 0.494683 0.000000
-0.068285 0.106637 0.016853 3.000000
-0.008676 0.260829 -0.821027 2.000000
-0.079179 0.119404 0.128629 3.000000
0.064696 -0.110605 0.147474 0.000000
-0.213605 0.259634 -0.201698 1.000000
-0.052148 0.108696 -0.038699 3.000000
0.016137 0.293137 -0.743264 2.000000
-0.043143 0.139216 0.053718 3.000000
-0.013409 0.154880 -0.140141 3.000000
-0.025809 0.198250 -0.239592 3.000000
0.055053 -0.161614 0.206006 0.000000
-0.064856 0.251278 -0.379876 1.000000
-0.036345 0.128447 -0.180215 0.000000
-0.047538 0.133413 0.224196 3.000000
0.166754 -0.354065 0.365078 0.000000
0.130988 -0.292879 0.315854 0.000000
-0.022531 0.288673 -0.670924 4.000000
-0.009392 -0.024124 0.063372 0.000000
-0.010061 0.191396 -0.334758 4.000000
0.026568 0.013013 -0.010058 0.000000
-0.177522 0.261282 -0.237166 1.000000
-0.231717 0.214267 -0.181984 1.000000
-0.113220 0.219484 -0.297214 1.000000
-0.006220 0.171550 -0.285935 4.000000
0.077118 -0.027745 0.095072 0.000000
0.089146 -0.195845 0.234151 0.000000
0.055250 -0.075835 0.113836 0.000000
-0.159806 0.215798 -0.245462 1.000000
0.018188 0.060198 -0.074325 0.000000
0.188826 -0.485096 0.405541 0.000000
-0.053803 0.151279 -0.055065 3.000000
0.191786 -0.431339 0.402403 0.000000
-0.020703 0.330671 -0.833427 4.000000
-0.010925 0.225437 -0.411204 4.000000
0.090556 -0.091224 0.176023 0.000000
0.270504 -0.556710 0.469182 0.000000
0.230614 -0.498444 0.436723 0.000000
0.001447 0.086574 -0.117277 0.000000
-0.032425 0.109718 -0.140500 0.000000
0.040693 -0.011577 0.038780 0.000000
-0.041195 0.120688 -0.082676 3.000000
-0.015205 0.229982 -0.457758 4.000000
-0.062813 0.132843 0.092622 3.000000
-0.396998 0.227201 -0.160390 1.000000
-0.022153 0.313264 -0.759412 4.000000
0.005954 0.282381 -0.782415 2.000000
0.158165 -0.413867 0.380738 0.000000
0.117361 -0.149704 0.224302 0.000000
-0.015966 0.280795 -0.855213 2.000000
-0.010941 0.138924 -0.100926 3.000000
-0.034202 0.162305 -0.213188 3.000000
-0.011192 0.124902 0.035128 3.000000
0.137875 -0.338280 0.343064 0.000000
0.241211 -0.543073 0.432290 0.000000
-0.002289 -0.051696 0.090772 0.000000
0.309947 -0.626880 0.456238 0.000000
-0.004277 0.130150 -0.205622 0.000000
0.112650 -0.256076 0.286258 0.000000
-0.093376 0.107079 0.229789 3.000000
-0.098586 0.115579 0.295393 3.000000
-0.333774 0.201904 -0.131148 1.000000
0.004855 0.296961 -0.706769 2.000000
0.153852 -0.264657 0.327657 0.000000
-0.088618 0.096223 0.183521 3.000000
-0.004054 0.352846 -0.878829 4.000000
0.461044 -0.731269 0.502677 0.000000
-0.011495 0.225535 -0.345881 4.000000
-0.504893 0.154534 -0.144314 1.000000
0.104593 -0.360718 0.370160 0.000000
-0.139248 0.139075 0.599928 3.000000
0.038966 0.102412 -0.082805 0.000000
0.107522 -0.118084 0.205453 0.000000
-0.246981 0.266772 -0.188115 1.000000
0.245548 -0.581209 0.436109 0.000000
-0.098322 0.150323 0.388415 3.000000
-0.009524 -0.037058 0.076829 0.000000
-0.003298 0.283908 -0.708071 2.000000
-0.039515 0.145073 -0.213680 0.000000
0.054178 -0.238844 0.285986 0.000000
-0.067353 0.097018 0.028042 3.000000
-0.362856 0.198384 -0.121008 1.000000
0.205979 -0.440976 0.440086 0.000000
-0.129332 0.259629 -0.272180 1.000000
0.349201 -0.650163 0.498799 0.000000
-0.006215 0.227377 -0.827073 2.000000
0.061597 0.036296 0.018166 0.000000
0.159159 -0.266430 0.331678 0.000000
-0.057506 0.135685 0.285965 3.000000
-0.125601 0.131679 0.492859 3.000000
0.011455 -0.102868 0.161466 0.000000
0.084694 -0.039184 0.121551 0.000000
-0.016851 0.122093 0.111894 3.000000
-0.043361 0.228793 -0.439597 1.000000
0.134421 -0.188271 0.268045 0.000000
0.026986 -0.174689 0.221468 0.000000
-0.181624 0.205134 -0.219942 1.000000
-0.036721 0.106253 -0.129440 0.000000
-0.024185 0.059386 -0.038268 0.000000
0.189887 -0.364946 0.400397 0.000000
0.002671 0.198155 -0.266039 4.000000
0.009133 0.303691 -0.792250 2.000000
-0.286250 0.195829 -0.157236 1.000000
-0.441263 0.208949 -0.153421 1.000000
0.194931 -0.519985 0.411871 0.000000
0.136633 -0.433783 0.392793 0.000000
-0.091361 0.214889 -0.332594 1.000000
0.024710 0.145465 -0.165927 0.000000
-0.335289 0.255024 -0.165733 1.000000
0.299222 -0.588911 0.490416 0.000000
0.084870 -0.294951 0.337489 0.000000
-0.016681 0.014276 0.022296 0.000000
-0.006754 0.126279 -0.004245 3.000000
-0.019753 0.277703 -0.877843 2.000000
-0.082433 0.094037 0.110572 3.000000
0.235308 -0.515525 0.470243 0.000000
0.403982 -0.695526 0.487797 0.000000
-0.039696 0.128911 0.218864 3.000000
0.005285 0.241726 -0.762769 2.000000
-0.099629 0.111697 0.331532 3.000000
-0.056878 0.258130 -0.380515 1.000000
-0.182939 0.267913 -0.231660 1.000000
0.076765 -0.006456 0.067772 0.000000
0.181091 -0.316614 0.361849 0.000000
0.041001 0.070385 -0.029194 0.000000
-0.094696 0.101811 0.250170 3.000000
-0.228361 0.208107 -0.172978 1.000000
-0.038754 0.113332 -0.062740 3.000000
0.091610 -0.074925 0.167363 0.000000
-0.390305 0.235413 -0.161874 1.000000
-0.010522 0.119783 0.055100 3.000000
-0.114592 0.126715 0.437706 3.000000
0.312123 -0.632333 0.457407 0.000000
0.014657 0.174411 -0.217083 0.000000
-0.003749 -0.073049 0.118229 0.000000
-0.136692 0.142578 0.546715 3.000000
-0.027837 0.122819 0.167521 3.000000
-0.140370 0.211866 -0.252089 1.000000
0.140978 -0.223702 0.303406 0.000000
0.025975 0.303694 -0.742052 2.000000
0.126427 -0.154438 0.232240 0.000000
-0.100105 0.259332 -0.310864 1.000000
0.263574 -0.553105 0.479900 0.000000
-0.411126 0.187518 -0.123099 1.000000
0.017201 -0.134604 0.197315 0.000000
-0.052751 0.101660 -0.017063 3.000000
0.165941 -0.483275 0.405499 0.000000
-0.461632 0.169374 -0.133831 1.000000
-0.010910 0.294870 -0.833578 2.000000
0.038468 -0.211339 0.253844 0.000000
0.031616 0.125719 -0.125958 0.000000
-0.114137 0.213111 -0.288497 1.000000
-0.013731 0.130364 -0.100023 3.000000
-0.290968 0.264289 -0.182359 1.000000
-0.038452 0.124034 -0.169330 0.000000
0.198436 -0.402914 0.422140 0.000000
-0.081850 0.147046 0.347698 3.000000
-0.071700 0.219371 -0.370195 1.000000
-0.008134 0.368325 -0.839915 4.000000
-0.322833 0.196305 -0.132956 1.000000
0.001301 0.111745 -0.173603 0.000000
-0.030430 0.171599 -0.244213 4.000000
-0.076897 0.096536 0.068311 3.000000
0.072573 -0.263210 0.314416 0.000000
0.280359 -0.609477 0.446554 0.000000
-0.032795 0.086917 -0.094016 0.000000
0.221779 -0.480357 0.455302 0.000000
-0.034615 0.261852 -0.417928 1.000000
-0.003898 0.212723 -0.308502 4.000000
0.219183 -0.552999 0.425116 0.000000
-0.009141 0.236642 -0.866008 2.000000
-0.097967 0.105914 0.291963 3.000000
-0.078998 0.260470 -0.344766 1.000000
0.121650 -0.398791 0.381903 0.000000
0.371092 -0.673943 0.476576 0.000000
-0.006749 0.128153 -0.047112 3.000000
0.326135 -0.619842 0.493366 0.000000
-0.103206 0.116825 0.368164 3.000000
-0.052476 0.228570 -0.401497 1.000000
-0.206799 0.262831 -0.204656 1.000000
-0.021540 0.037952 -0.004702 0.000000
-0.011409 -0.012041 0.051342 0.000000
-0.086025 0.095726 0.147860 3.000000
0.431906 -0.710426 0.504158 0.000000
0.094277 -0.324810 0.353724 0.000000
-0.000430 0.317116 -0.718654 4.000000
-0.047761 0.132337 0.252339 3.000000
0.338374 -0.652223 0.465844 0.000000
-0.106848 0.121030 0.402861 3.000000
-0.068442 0.140113 0.317234 3.000000
-0.125207 0.147657 0.464326 3.000000
-0.155670 0.265056 -0.254105 1.000000
