0.3 0.1 0.8 0.8 1.0 0.1 1000.0 1000.0 1000.0 1000.0
1.0 0.9 0.4 0.4 0.1 1000.0 0.1 1000.0 1000.0 1000.0
1.0 0.9 0.6 0.1 0.3 1000.0 1000.0 0.1 1000.0 1000.0
0.8 0.8 0.1 0.6 0.4 1000.0 1000.0 1000.0 0.0 1000.0
0.1 0.3 0.6 0.7 0.8 1000.0 1000.0 1000.0 1000.0 0.1
0.1 1000.0 1000.0 1000.0 1000.0 0.0 0.0 0.0 0.0 0.0
1000.0 0.1 1000.0 1000.0 1000.0 0.0 0.0 0.0 0.0 0.0
1000.0 1000.0 0.0 1000.0 1000.0 0.0 0.0 0.0 0.0 0.0
1000.0 1000.0 1000.0 0.1 1000.0 0.0 0.0 0.0 0.0 0.0
1000.0 1000.0 1000.0 1000.0 0.1 0.0 0.0 0.0 0.0 0.0
