0.2 0.1 0.7 0.9 0.9 0.0 1000.0 1000.0 1000.0 1000.0
0.1 0.2 0.6 0.9 0.9 1000.0 0.1 1000.0 1000.0 1000.0
0.8 0.9 0.7 0.1 0.4 1000.0 1000.0 0.1 1000.0 1000.0
0.5 0.7 0.1 0.7 0.5 1000.0 1000.0 1000.0 0.0 1000.0
0.7 0.9 0.5 0.5 0.0 1000.0 1000.0 1000.0 1000.0 0.0
0.1 1000.0 1000.0 1000.0 1000.0 0.0 0.0 0.0 0.0 0.0
1000.0 0.0 1000.0 1000.0 1000.0 0.0 0.0 0.0 0.0 0.0
1000.0 1000.0 0.0 1000.0 1000.0 0.0 0.0 0.0 0.0 0.0
1000.0 1000.0 1000.0 0.1 1000.0 0.0 0.0 0.0 0.0 0.0
1000.0 1000.0 1000.0 1000.0 0.0 0.0 0.0 0.0 0.0 0.0
