0.2 0.0 0.5 0.8 1.1 1.1 0.0 1000.0 1000.0 1000.0 1000.0 1000.0
0.7 1.0 0.6 0.5 0.5 0.0 1000.0 0.0 1000.0 1000.0 1000.0 1000.0
0.3 0.5 0.0 0.6 0.7 0.7 1000.0 1000.0 0.0 1000.0 1000.0 1000.0
0.0 0.2 0.3 0.6 0.8 0.8 1000.0 1000.0 1000.0 0.0 1000.0 1000.0
0.7 0.8 0.6 0.0 0.8 0.5 1000.0 1000.0 1000.0 1000.0 0.0 1000.0
0.9 1.2 0.6 0.8 0.0 0.4 1000.0 1000.0 1000.0 1000.0 1000.0 0.0
0.0 1000.0 1000.0 1000.0 1000.0 1000.0 0.0 0.0 0.0 0.0 0.0 0.0
1000.0 0.0 1000.0 1000.0 1000.0 1000.0 0.0 0.0 0.0 0.0 0.0 0.0
1000.0 1000.0 0.0 1000.0 1000.0 1000.0 0.0 0.0 0.0 0.0 0.0 0.0
1000.0 1000.0 1000.0 0.0 1000.0 1000.0 0.0 0.0 0.0 0.0 0.0 0.0
1000.0 1000.0 1000.0 1000.0 0.0 1000.0 0.0 0.0 0.0 0.0 0.0 0.0
1000.0 1000.0 1000.0 1000.0 1000.0 0.0 0.0 0.0 0.0 0.0 0.0 0.0
