0.8 1.1 0.7 0.0 0.4 0.0 1000.0 1000.0 1000.0 1000.0
0.3 0.6 0.0 0.7 0.4 1000.0 0.0 1000.0 1000.0 1000.0
0.2 0.1 0.7 1.2 1.0 1000.0 1000.0 0.1 1000.0 1000.0
0.6 0.9 0.4 0.4 0.0 1000.0 1000.0 1000.0 0.0 1000.0
0.0 0.2 0.3 0.7 0.5 1000.0 1000.0 1000.0 1000.0 0.0
0.0 1000.0 1000.0 1000.0 1000.0 0.0 0.0 0.0 0.0 0.0
1000.0 0.1 1000.0 1000.0 1000.0 0.0 0.0 0.0 0.0 0.0
1000.0 1000.0 0.0 1000.0 1000.0 0.0 0.0 0.0 0.0 0.0
1000.0 1000.0 1000.0 0.0 1000.0 0.0 0.0 0.0 0.0 0.0
1000.0 1000.0 1000.0 1000.0 0.0 0.0 0.0 0.0 0.0 0.0
